id,time,y2,Weight_,Marker2_Slope,Marker2_Intercept,popPred_medianCOV,popPred,indivPred_SAEM,indivPred_mean,indivPred_mode,indWRes_SAEM,indWRes_mean,indWRes_mode
101,0,2.87448,5.00633,82809.9,154557,-5,-5,-5,-5,-5,7.60168,7.60168,7.60168
101,1,4.40654,5.00633,82809.9,154557,2.5141,2.5141,4.77595,4.76283,4.74771,-0.356618,-0.343953,-0.329356
101,2,2.87448,5.00633,82809.9,154557,1.58051,1.58051,3.62794,3.5999,3.60785,-0.72736,-0.700286,-0.707962
101,3,2.87448,5.00633,82809.9,154557,0.588837,0.588837,2.39795,2.35248,2.38778,0.460025,0.503914,0.469841
101,4,2.87448,5.00633,-50158.3,686430,-0.416045,-0.416045,1.14433,1.0797,1.1464,1.67022,1.7326,1.66822
101,6,2.87448,5.00633,-50158.3,686430,-2.43312,-2.43312,-1.38083,-1.48609,-1.35102,4.10789,4.2095,4.07912
102,0,2.87448,3.70972,-135431,1.65162e+6,-5,-5,-5,-5,-5,7.60168,7.60168,7.60168
102,1,6.38206,3.70972,-135431,1.65162e+6,5.16671,5.16671,5.37478,5.37897,5.35269,0.972381,0.968337,0.993709
102,2,4.9803,3.70972,-135431,1.65162e+6,4.2277,4.2277,4.75706,4.78039,4.71187,0.215502,0.192989,0.259127
102,3,2.87448,3.70972,-135431,1.65162e+6,3.23445,3.23445,4.11605,4.15977,4.046,-1.19855,-1.24076,-1.13093
102,4,4.16541,3.70972,62311.2,860648,2.22853,2.22853,3.47184,3.53622,3.37655,0.66954,0.60739,0.761528
102,6,2.87448,3.70972,62311.2,860648,0.209597,0.209597,2.18247,2.28829,2.03654,0.668035,0.565889,0.808911
103,0,2.87448,5.15609,-135765,773411,-5,-5,-5,-5,-5,7.60168,7.60168,7.60168
103,1,5.46277,5.15609,-135765,773411,3.81672,3.81672,4.30186,4.36681,4.28006,1.1207,1.05799,1.14174
103,2,3.10741,5.15609,-135765,773411,2.88295,2.88295,3.28788,3.31336,3.27756,-0.174224,-0.198819,-0.164258
103,3,2.87448,5.15609,-135765,773411,1.89132,1.89132,2.20587,2.18634,2.20847,0.645452,0.664304,0.642937
103,4,2.87448,5.15609,13341.8,176982,0.886134,0.886134,1.10562,1.0383,1.12183,1.70758,1.77257,1.69194
103,6,2.87448,5.15609,13341.8,176982,-1.13198,-1.13198,-1.10719,-1.27321,-1.06309,3.84373,4.004,3.80116
104,0,2.87448,3.50043,-32406,272269,-5,-5,-5,-5,-5,7.60168,7.60168,7.60168
104,1,5.38643,3.50043,-32406,272269,3.25661,3.25661,4.80811,4.7823,4.83323,0.558291,0.583201,0.534041
104,2,5.78161,3.50043,-32406,272269,2.32287,2.32287,4.14128,4.13014,4.15844,1.5835,1.59425,1.56694
104,3,3.72502,3.50043,-32406,272269,1.33108,1.33108,3.44521,3.44986,3.45376,0.270116,0.265633,0.261866
104,4,2.87448,3.50043,24018.4,46571.8,0.32586,0.32586,2.74467,2.76536,2.74445,0.12531,0.105341,0.125531
104,6,2.87448,3.50043,24018.4,46571.8,-1.69206,-1.69206,1.34223,1.39512,1.32438,1.47916,1.42811,1.4964
105,0,2.87448,3.66441,-78746.8,659875,-5,-5,-5,-5,-5,7.60168,7.60168,7.60168
105,1,3.2858,3.66441,-78746.8,659875,4.07242,4.07242,4.34402,4.39513,4.2905,-1.02156,-1.0709,-0.969892
105,2,2.94434,3.66441,-78746.8,659875,3.13892,3.13892,3.52177,3.55913,3.47783,-0.557432,-0.59349,-0.515007
105,3,2.87448,3.66441,-78746.8,659875,2.14768,2.14768,2.65507,2.67714,2.62162,0.211815,0.190509,0.244103
105,4,2.87448,3.66441,66680.6,78165.6,1.14294,1.14294,1.77963,1.78589,1.75699,1.05692,1.05088,1.07878
105,6,2.87448,3.66441,66680.6,78165.6,-0.87389,-0.87389,0.025032,-0.000663751,0.0241934,2.75073,2.77554,2.75154
106,0,2.87448,3.39563,153209,531196,-5,-5,-5,-5,-5,7.60168,7.60168,7.60168
106,1,4.64179,3.39563,153209,531196,3.83284,3.83284,4.75957,4.75506,4.77898,-0.1137,-0.109346,-0.132431
106,2,4.22342,3.39563,153209,531196,2.90075,2.90075,4.03823,4.01291,4.03828,0.178773,0.203216,0.17872
106,3,3.30363,3.39563,153209,531196,1.91335,1.91335,3.28797,3.24013,3.26725,0.0151197,0.0613004,0.0351237
106,4,3.65133,3.39563,-208948,1.97983e+6,0.917267,0.917267,2.54071,2.47027,2.49934,1.07215,1.14015,1.11208
106,6,2.87448,3.39563,-208948,1.97983e+6,-1.08376,-1.08376,1.03713,0.921165,0.953995,1.7737,1.88565,1.85395
201,0,2.87448,4.29105,6245.83,289282,-5,-5,-5,-5,-5,7.60168,7.60168,7.60168
201,1,4.30756,4.29105,6245.83,289282,3.2981,3.2981,3.80811,3.80918,3.83704,0.482149,0.481118,0.454225
201,2,3.45996,4.29105,6245.83,289282,2.36449,2.36449,2.94577,2.93118,2.96253,0.49638,0.510464,0.4802
201,3,2.87448,4.29105,6245.83,289282,1.37291,1.37291,2.03447,2.00233,2.03761,0.810915,0.841935,0.807883
201,4,2.87448,4.29105,-62839.6,565624,0.367992,0.367992,1.11322,1.06287,1.10223,1.70024,1.74885,1.71086
201,6,2.87448,4.29105,-62839.6,565624,-1.64948,-1.64948,-0.734416,-0.821701,-0.77409,3.48387,3.56813,3.52217
202,0,2.87448,3.50765,21359.8,64343.9,-5,-5,-5,-5,-5,7.60168,7.60168,7.60168
202,1,3.23331,3.50765,21359.8,64343.9,2.80756,2.80756,2.82843,2.78882,2.83963,0.390849,0.429087,0.380041
202,2,3.73384,3.50765,21359.8,64343.9,1.87383,1.87383,1.79848,1.75552,1.81611,1.8683,1.90978,1.85129
202,3,2.87448,3.50765,21359.8,64343.9,0.881964,0.881964,0.697446,0.650536,0.722315,2.10162,2.1469,2.07761
202,4,2.87448,3.50765,-29941,269547,-0.1233,-0.1233,-0.422677,-0.473853,-0.390196,3.18293,3.23234,3.15158
202,6,2.87448,3.50765,-29941,269547,-2.14133,-2.14133,-2.67591,-2.73596,-2.62782,5.3581,5.41608,5.31168
203,0,2.87448,3.0958,-109745,522687,-5,-5,-5,-5,-5,7.60168,7.60168,7.60168
203,1,4.12776,3.0958,-109745,522687,3.78501,3.78501,3.28726,3.3119,3.3119,0.811382,0.787596,0.787591
203,2,2.87448,3.0958,-109745,522687,2.85123,2.85123,2.28068,2.30674,2.29955,0.573228,0.548073,0.555018
203,3,3.44649,3.0958,-109745,522687,1.8595,1.8595,1.20641,1.23398,1.21858,2.16247,2.13585,2.15072
203,4,2.87448,3.0958,-16724.2,150604,0.854249,0.854249,0.114486,0.143602,0.119521,2.66438,2.63627,2.65952
203,6,2.87448,3.0958,-16724.2,150604,-1.16397,-1.16397,-2.0809,-2.04869,-2.09061,4.78371,4.75262,4.79308
204,0,2.87448,3.2607,-11246.3,88410.6,-5,-5,-5,-5,-5,7.60168,7.60168,7.60168
204,1,2.87448,3.2607,-11246.3,88410.6,2.85666,2.85666,2.99847,3.01782,3.02975,-0.119698,-0.138377,-0.149889
204,2,2.87448,3.2607,-11246.3,88410.6,1.92287,1.92287,2.08084,2.09962,2.11433,0.766143,0.748016,0.733816
204,3,3.0769,3.2607,-11246.3,88410.6,0.930938,0.930938,1.10724,1.1253,1.14314,1.90142,1.88399,1.86677
204,4,2.87448,3.2607,-8667.05,78093.4,-0.0744348,-0.0744348,0.121061,0.138321,0.159437,2.65803,2.64137,2.62099
204,6,2.87448,3.2607,-8667.05,78093.4,-2.09271,-2.09271,-1.85811,-1.84249,-1.81473,4.56863,4.55356,4.52676
205,0,2.87448,3.68253,-50544,287859,-5,-5,-5,-5,-5,7.60168,7.60168,7.60168
205,1,2.87448,3.68253,-50544,287859,3.2884,3.2884,3.03432,3.00209,3.02684,-0.1543,-0.123183,-0.14708
205,2,3.33683,3.68253,-50544,287859,2.35462,2.35462,2.15791,2.1522,2.15856,1.13807,1.14359,1.13745
205,3,2.87448,3.68253,-50544,287859,1.36279,1.36279,1.23056,1.25436,1.2402,1.58697,1.564,1.57766
205,4,2.87448,3.68253,-17121.1,154167,0.357498,0.357498,0.292466,0.346828,0.311415,2.49257,2.44009,2.47427
205,6,2.87448,3.68253,-17121.1,154167,-1.66069,-1.66069,-1.5891,-1.47285,-1.55131,4.30895,4.19673,4.27247
206,0,2.87448,5.95447,31258.8,180512,-5,-5,-5,-5,-5,7.60168,7.60168,7.60168
206,1,2.87448,5.95447,31258.8,180512,2.56509,2.56509,2.21641,2.20696,2.25791,0.635271,0.644395,0.595216
206,2,2.87448,5.95447,31258.8,180512,1.63138,1.63138,1.06677,1.05508,1.09764,1.74509,1.75637,1.71528
206,3,2.87448,5.95447,31258.8,180512,0.639554,0.639554,-0.172075,-0.186487,-0.153596,2.94101,2.95493,2.92317
206,4,2.87448,5.95447,-61101.3,549953,-0.365652,-0.365652,-1.43976,-1.45721,-1.43477,4.16478,4.18163,4.15997
206,6,2.87448,5.95447,-61101.3,549953,-2.38362,-2.38362,-4.00044,-4.02448,-4.02409,6.63675,6.65995,6.65958
301,0,2.87448,4.55825,-2377.37,90698.8,-5,-5,-5,-5,-5,7.60168,7.60168,7.60168
301,1,2.87448,4.55825,-2377.37,90698.8,2.36308,2.36308,1.64631,1.6236,1.63085,1.18562,1.20754,1.20055
301,2,2.87448,4.55825,-2377.37,90698.8,1.42926,1.42926,0.588942,0.577484,0.56389,2.20636,2.21742,2.23054
301,3,2.87448,4.55825,-2377.37,90698.8,0.437261,0.437261,-0.543643,-0.542316,-0.579821,3.29971,3.29843,3.33463
301,4,2.87448,4.55825,-16233.1,146122,-0.568189,-0.568189,-1.69742,-1.68255,-1.74553,4.41351,4.39916,4.45996
301,6,2.87448,4.55825,-16233.1,146122,-2.58663,-2.58663,-4.02025,-3.97748,-4.09321,6.65588,6.61459,6.72631
302,0,2.87448,3.59307,22249.4,53834.4,-5,-5,-5,-5,-5,7.60168,7.60168,7.60168
302,1,2.87448,3.59307,22249.4,53834.4,2.78453,2.78453,1.20751,1.20937,1.29239,1.60922,1.60743,1.52728
302,2,2.87448,3.59307,22249.4,53834.4,1.85079,1.85079,0.102269,0.156864,0.187926,2.67617,2.62347,2.59348
302,3,2.87448,3.59307,22249.4,53834.4,0.858916,0.858916,-1.08545,-0.970314,-0.999012,3.82274,3.7116,3.7393
302,4,2.87448,3.59307,-28550,257032,-0.146359,-0.146359,-2.2982,-2.11842,-2.21101,4.99348,4.81993,4.90931
302,6,2.87448,3.59307,-28550,257032,-2.16441,-2.16441,-4.74371,-4.42964,-4.65507,7.35427,7.05108,7.2687
303,0,2.87448,3.92373,-37854.6,373100,-5,-5,-5,-5,-5,7.60168,7.60168,7.60168
303,1,2.87448,3.92373,-37854.6,373100,3.4743,3.4743,2.02199,2.02087,2.05478,0.822956,0.824035,0.7913
303,2,2.87448,3.92373,-37854.6,373100,2.54063,2.54063,0.929831,0.931011,0.963828,1.87728,1.87614,1.84446
303,3,2.87448,3.92373,-37854.6,373100,1.54899,1.54899,-0.242703,-0.238996,-0.207436,3.00919,3.00562,2.97515
303,4,2.87448,3.92373,-44324.7,398981,0.543912,0.543912,-1.43915,-1.43282,-1.40261,4.16419,4.15808,4.12891
303,6,2.87448,3.92373,-44324.7,398981,-1.47392,-1.47392,-3.85064,-3.83897,-3.81156,6.49214,6.48087,6.45441
304,0,2.87448,3.04282,-15180.4,197514,-5,-5,-5,-5,-5,7.60168,7.60168,7.60168
304,1,2.87448,3.04282,-15180.4,197514,3.09554,3.09554,2.51801,2.44323,2.4993,0.344126,0.416314,0.362181
304,2,2.87448,3.04282,-15180.4,197514,2.16179,2.16179,1.63819,1.5816,1.63442,1.19346,1.24809,1.1971
304,3,2.87448,3.04282,-15180.4,197514,1.16997,1.16997,0.706953,0.670617,0.719804,2.09244,2.12751,2.08003
304,4,2.87448,3.04282,-27342.3,246162,0.164723,0.164723,-0.235157,-0.250523,-0.2051,3.00191,3.01674,2.97289
304,6,2.87448,3.04282,-27342.3,246162,-1.85334,-1.85334,-2.12486,-2.09775,-2.05994,4.82614,4.79997,4.76347
305,0,2.87448,3.84913,-12714.9,156208,-5,-5,-5,-5,-5,7.60168,7.60168,7.60168
305,1,2.87448,3.84913,-12714.9,156208,3.00538,3.00538,1.93665,1.92348,1.94905,0.905346,0.918053,0.893371
305,2,2.87448,3.84913,-12714.9,156208,2.07161,2.07161,0.834158,0.851672,0.841564,1.96964,1.95273,1.96249
305,3,2.87448,3.84913,-12714.9,156208,1.07975,1.07975,-0.350305,-0.297601,-0.348783,3.11307,3.06219,3.1116
305,4,2.87448,3.84913,-21062.3,189598,0.0744547,0.0744547,-1.55954,-1.46925,-1.56443,4.28041,4.19325,4.28513
305,6,2.87448,3.84913,-21062.3,189598,-1.94369,-1.94369,-3.99769,-3.82926,-4.01609,6.6341,6.4715,6.65185
306,0,2.87448,4.90005,15947.1,258440,-5,-5,-5,-5,-5,7.60168,7.60168,7.60168
306,1,2.87448,4.90005,15947.1,258440,2.73452,2.73452,1.36077,1.36315,1.39735,1.46127,1.45898,1.42596
306,2,2.87448,4.90005,15947.1,258440,1.80082,1.80082,0.372852,0.375269,0.421234,2.41496,2.41263,2.36826
306,3,2.87448,4.90005,15947.1,258440,0.809043,0.809043,-0.680424,-0.678059,-0.618723,3.43175,3.42947,3.37219
306,4,2.87448,4.90005,-64422,579917,-0.196118,-0.196118,-1.75018,-1.74793,-1.67451,4.46445,4.46227,4.3914
306,6,2.87448,4.90005,-64422,579917,-2.21403,-2.21403,-3.9,-3.89803,-3.79577,6.53979,6.53789,6.43917