time,id,TT_SAEM,I1T_SAEM,I2T_SAEM,VIT_SAEM,VNIT_SAEM,ViniT_SAEM,TN_SAEM,I1N_SAEM,I2N_SAEM,VIN_SAEM,VNIN_SAEM,ViniN_SAEM,Marker_SAEM,TT_mean,I1T_mean,I2T_mean,VIT_mean,VNIT_mean,ViniT_mean,TN_mean,I1N_mean,I2N_mean,VIN_mean,VNIN_mean,ViniN_mean,Marker_mean,TT_mode,I1T_mode,I2T_mode,VIT_mode,VNIT_mode,ViniT_mode,TN_mode,I1N_mode,I2N_mode,VIN_mode,VNIN_mode,ViniN_mode,Marker_mode
0,101,7500,0,0,0,0,6.555e+9,22727.3,0,0,0,0,3.97273e+8,154557,7500,0,0,0,0,6.555e+9,22727.3,0,0,0,0,3.97273e+8,154557,7500,0,0,0,0,6.555e+9,22727.3,0,0,0,0,3.97273e+8,154557
1,101,328.412,382.68,1783.91,600.854,600957,13.5111,18138.1,524.566,1243.41,4788.97,5.08005e+6,0.818689,237367,269.616,384.286,1772.01,593.294,593309,13.5111,17857.8,562.198,1305.88,4941.49,5.25714e+6,0.818685,237367,663.282,370.874,1767.46,579.448,579920,13.5113,19193.8,372.417,977.522,3784.59,3.97192e+6,0.818738,237367
2,101,326.658,19.497,309.23,176.711,177013,2.67975e-8,17205.7,294.938,592.245,2548.02,2.82876e+6,1.62334e-9,320177,268.111,19.5127,301.842,172.265,172503,2.67984e-8,16852.5,317.709,625.682,2633.08,2.93584e+6,1.62336e-9,320177,660.59,19.1522,320.137,176.171,176734,2.67732e-8,18595.8,189.285,423.816,1894.56,2.07275e+6,1.62201e-9,320177
3,101,326.131,1.08904,42.3915,30.3405,30452.2,1.05769e-13,16586.6,196.176,351.333,1380.82,1.57485e+6,6.40715e-15,402987,267.665,1.07138,40.5555,29.1394,29230.6,-2.3515e-15,16184.7,211.624,372.896,1433.54,1.64292e+6,-1.42449e-16,402987,659.754,1.14319,46.1506,31.398,31592.8,9.56083e-14,18222.6,116.903,229.287,935.806,1.05121e+6,5.79213e-15,402987
4,101,326.019,0.0782764,5.4429,4.32776,4354.54,3.68949e-19,16112.9,154.373,249.161,887.62,1.04092e+6,2.23484e-20,485797,267.571,0.0733432,5.0915,4.08372,4105.6,-5.93366e-21,15673.2,166.739,265.349,924.579,1.0902e+6,-3.59424e-22,485797,659.569,0.0971254,6.27215,4.68171,4728.46,1.06307e-18,17958.4,85.1315,148.899,549.465,633939,6.44028e-20,485797
6,101,326,0.00071844,0.0854864,0.073196,73.7237,-3.57651e-26,15556.3,63.4151,118.615,459.078,521970,-2.16756e-27,385481,267.555,0.000603431,0.076142,0.0661543,66.5737,3.35821e-28,15071.9,68.4464,126.318,479.726,547624,2.03409e-29,385481,659.535,0.00119525,0.111624,0.0884454,89.438,-3.4742e-26,17677.3,30.3802,61.3558,242.653,272760,-2.10291e-27,385481
9,101,326,7.93451e-7,0.000161803,0.000142518,0.143154,-4.15763e-34,15367.7,6.70509,15.7313,72.8754,79500.9,-2.52055e-35,235006,267.555,6.04549e-7,0.000133743,0.00011975,0.12022,3.86296e-36,14869.1,7.17238,16.5825,75.5875,82677.1,2.34013e-37,235006,659.535,1.66361e-6,0.000254838,0.000207324,0.208764,1.02532e-33,17594,2.72964,6.95391,32.6405,35334.7,6.20674e-35,235006
14,101,326,1.55598e-11,4.51669e-9,4.01993e-9,4.03145e-6,1.10959e-47,15351.9,0.0702662,0.181204,0.912955,982.238,6.7271e-49,177866,267.555,1.03925e-11,3.30246e-9,2.98776e-9,2.99515e-6,-5.40748e-49,14852.3,0.0734144,0.186393,0.924963,997.379,-3.27562e-50,177866,659.535,4.49391e-11,9.62654e-9,7.92493e-9,7.96189e-6,-2.26724e-45,17587.9,0.0230118,0.0647263,0.32974,352.399,-1.37279e-46,177866
20,101,326,4.10406e-17,1.51651e-14,1.35453e-14,1.35728e-11,-1.33994e-63,15351.8,0.000148854,0.000428812,0.00232415,2.47053,-8.12321e-65,109298,267.555,2.36502e-17,9.57991e-15,8.69613e-15,8.71106e-12,4.77771e-65,14852.1,0.000150432,0.000426241,0.00227766,2.42567,2.8936e-66,109298,659.535,1.70888e-16,4.6502e-14,3.84576e-14,3.85898e-11,7.33146e-55,17587.9,3.87473e-5,0.000122334,0.000668709,0.706749,4.43916e-56,109298
0,102,11250,0,0,0,0,9.8325e+9,31250,0,0,0,0,5.4625e+8,1.65162e+6,11250,0,0,0,0,9.8325e+9,31250,0,0,0,0,5.4625e+8,1.65162e+6,11250,0,0,0,0,9.8325e+9,31250,0,0,0,0,5.4625e+8,1.65162e+6
1,102,0.100996,568.055,5222.37,1454.61,1.45315e+6,20.2673,12414.1,2476.29,8851.69,28632.8,3.02342e+7,1.12562,1.51619e+6,0.185157,568.557,5334.56,1459.12,1.45766e+6,20.2669,13188.7,2367.26,8637.6,27420.7,2.89452e+7,1.1256,1.51619e+6,1.30271,570.702,5110.12,1415.54,1.41414e+6,20.2679,15860.2,1968.84,7097.4,22892.2,2.41306e+7,1.12568,1.51619e+6
2,102,0.0995908,28.2821,2095.7,794.648,793854,4.62811e-8,8892.22,1012.9,5968.87,24860.3,2.58053e+7,2.57008e-9,1.38075e+6,0.18269,28.3074,2202.53,815.545,814730,4.62071e-8,9729.61,1000.72,5953.89,24192.3,2.51273e+7,2.56598e-9,1.38075e+6,1.28908,28.4169,1989.66,755.63,754878,4.2808e-8,12929,855.548,4700.85,19285.7,2.0086e+7,2.37726e-9,1.38075e+6
3,102,0.0992045,1.40834,748.608,303.583,303279,1.35625e-16,7683.95,343.031,3155.14,14681.5,1.50074e+7,7.53112e-18,1.24532e+6,0.181995,1.40967,811.823,320.568,320247,1.36056e-16,8494.82,351.375,3242.75,14668.8,1.50031e+7,7.55507e-18,1.24532e+6,1.28542,1.41578,687.063,280.023,279744,1.2559e-16,11840,309.921,2505.03,11398.7,1.16952e+7,6.97391e-18,1.24532e+6
4,102,0.099117,0.0701445,263.389,108.302,108194,3.87195e-25,7318.19,103.81,1445.63,7201.57,7.29797e+6,2.14998e-26,1.10989e+6,0.181834,0.0702277,294.963,117.981,117864,3.90959e-25,8108.45,109.8,1533.49,7416.46,7.51864e+6,2.17088e-26,1.10989e+6,1.28461,0.0706724,233.457,96.5912,96494.8,3.58422e-25,11495.7,97.5884,1155.65,5638.44,5.73021e+6,1.99022e-26,1.10989e+6
6,102,0.0990804,0.0001771,32.4568,13.3872,13373.8,-8.53642e-39,7107.62,22.3589,273.111,1379.42,1.40037e+6,-4.7392e-40,1.23451e+6,0.181763,0.00018052,38.7764,15.5532,15537.6,1.36827e-38,7875.92,25.3132,308.992,1513.38,1.53716e+6,7.59728e-40,1.23451e+6,1.28429,0.000202874,26.8188,11.1351,11124,-1.09885e-38,11292.8,21.7151,221.137,1090.61,1.11122e+6,-6.10116e-40,1.23451e+6
9,102,0.0990724,3.00926e-7,1.40318,0.578816,578.237,5.22877e-47,7030.88,4.26227,31.0769,144.698,148811,2.90267e-48,1.42145e+6,0.181746,6.32535e-7,1.84733,0.74102,740.28,-6.76064e-45,7784.52,5.33362,38.8012,175.213,180366,-3.75346e-46,1.42145e+6,1.28423,2.16419e-6,1.04352,0.433315,432.884,6.38637e-47,11216.3,4.41162,27.2343,122.183,126468,3.54565e-48,1.42145e+6
14,102,0.099072,5.75982e-10,0.00747228,0.00308233,3.07925,-3.71535e-57,7019.07,0.0439534,0.728771,3.75004,3790.2,-2.0626e-58,1.09068e+6,0.181745,1.47237e-9,0.0115656,0.00463931,4.63467,-2.01642e-55,7769.02,0.0642809,1.06931,5.33806,5396.94,-1.11939e-56,1.09068e+6,1.28423,3.71603e-9,0.00466222,0.00193596,1.93403,-5.59526e-59,11203.4,0.0515325,0.707342,3.56551,3613.43,-3.09867e-60,1.09068e+6
20,102,0.099072,2.59448e-13,1.39661e-5,5.76104e-6,0.00575528,3.94102e-66,7018.99,4.34063e-5,0.00254385,0.0141294,14.1586,2.18747e-67,693761,0.181745,8.02373e-13,2.62496e-5,1.05295e-5,0.010519,1.67607e-65,7768.9,7.63446e-5,0.0045163,0.0243151,24.3671,9.30828e-67,693761,1.28423,1.35089e-12,7.05855e-6,2.93103e-6,0.00292811,-3.26598e-68,11203.3,4.86773e-5,0.00229879,0.0126978,12.7337,-1.80963e-69,693761
0,103,7500,0,0,0,0,6.555e+9,22727.3,0,0,0,0,3.97273e+8,773411,7500,0,0,0,0,6.555e+9,22727.3,0,0,0,0,3.97273e+8,773411,7500,0,0,0,0,6.555e+9,22727.3,0,0,0,0,3.97273e+8,773411
1,103,4672.91,162.237,852.477,266.891,266988,13.5111,22071.8,42.8366,199.882,850.631,855197,0.818836,637645,4194.61,188.951,944.907,297.654,297808,13.5125,21922,53.5585,233.646,991.236,998006,0.81892,637645,4771.32,156.704,848.053,259.907,259990,13.5119,22100.9,40.7463,196.659,817.221,821355,0.818889,637645
2,103,4672.29,8.21509,184.505,93.5444,93606.6,2.63312e-8,22062.2,4.2849,48.1583,318.926,321027,1.59578e-9,501880,4193.85,9.57135,190.793,99.157,99244.2,2.63432e-8,21908.5,5.65098,53.8118,358.225,361235,1.59649e-9,501880,4770.72,7.93481,191.088,93.8091,93865.2,2.63632e-8,22091.9,4.03425,48.9399,314.198,316134,1.59772e-9,501880
3,103,4672.18,0.429663,32.2502,19.5382,19547.1,2.27941e-13,22060.4,0.567124,9.66994,74.3481,74747.7,1.38142e-14,366114,4193.73,0.49976,30.7944,19.4466,19459.6,2.30312e-13,21906.1,0.753739,10.3195,80.3199,80879.2,1.39578e-14,366114,4770.62,0.415632,34.9871,20.3337,20341.4,2.20759e-13,22090.3,0.53905,10.1712,75.4111,75785.5,1.33789e-14,366114
4,103,4672.17,0.0237825,5.34796,3.4812,3481.52,3.43943e-19,22060.2,0.0742914,1.8148,14.9584,15013,2.08444e-20,230349,4193.72,0.0273895,4.68593,3.21848,3219.38,-7.98635e-19,21905.8,0.0964373,1.8365,15.4495,15524.7,-4.84002e-20,230349,4770.6,0.0231701,6.09831,3.78379,3783.88,1.45173e-18,22090,0.072198,1.98196,15.6833,15735.3,8.7981e-20,230349
6,103,4672.17,0.000135837,0.141887,0.0960949,96.085,8.1894e-26,22060.1,0.00199303,0.058716,0.509043,510.513,4.96313e-27,257033,4193.72,0.000137503,0.103855,0.0750917,75.0964,6.95713e-25,21905.8,0.00234073,0.0526471,0.470611,472.465,4.21628e-26,257033,4770.6,0.000144247,0.179471,0.115211,115.192,1.78482e-25,22090,0.00208409,0.0695585,0.576048,577.543,1.08168e-26,257033
9,103,4672.17,4.26492e-7,0.000605996,0.000412791,0.412798,-1.79074e-33,22060.1,1.31734e-5,0.000344357,0.00297562,2.9858,-1.08526e-34,297058,4193.72,3.04022e-7,0.000337133,0.000245993,0.246044,-5.72709e-33,21905.8,1.29527e-5,0.000258903,0.00230368,2.31431,-3.47083e-34,297058,4770.6,5.5506e-7,0.000897344,0.000578586,0.578556,3.4761e-32,22090,1.55621e-5,0.000460243,0.00379986,3.81161,2.10667e-33,297058
14,103,4672.17,5.82662e-11,6.81607e-8,4.64124e-8,4.64242e-5,-1.64948e-45,22060.1,3.26991e-9,7.17583e-8,6.09169e-7,0.000611826,-9.99646e-47,353812,4193.72,2.60819e-11,2.39945e-8,1.75031e-8,1.75116e-5,-1.09555e-44,21905.8,2.429e-9,4.11319e-8,3.577e-7,0.000359769,-6.63946e-46,353812,4770.6,9.90143e-11,1.31275e-7,8.46105e-8,8.46248e-5,9.97207e-42,22090,4.70316e-9,1.16264e-7,9.44974e-7,0.000948728,6.0435e-43,353812
20,103,4672.17,1.40603e-15,1.29578e-12,8.81538e-13,8.82061e-10,-1.00183e-54,22060.1,1.81561e-13,3.27087e-12,2.71281e-11,2.72824e-8,-6.07144e-56,421917,4193.72,9.46928e-17,6.33506e-14,4.60672e-14,4.61157e-11,-2.63115e-51,21905.8,7.96498e-14,1.13527e-12,9.5564e-12,9.62641e-9,-1.59457e-52,421917,4770.6,3.30345e-15,3.44848e-12,2.22087e-12,2.22195e-9,-8.88078e-50,22090,3.28223e-13,6.62653e-12,5.27496e-11,5.30247e-8,-5.38211e-51,421917
0,104,11250,0,0,0,0,9.8325e+9,31250,0,0,0,0,5.4625e+8,272269,11250,0,0,0,0,9.8325e+9,31250,0,0,0,0,5.4625e+8,272269,11250,0,0,0,0,9.8325e+9,31250,0,0,0,0,5.4625e+8,272269
1,104,6672.91,263.261,2050.14,565.961,566379,20.2673,30329.4,64.3243,413.375,1548.6,1.55916e+6,1.12593,239863,6871.68,252.081,1994.41,541.388,541758,20.2669,30382,60.0586,396.154,1456.09,1.46537e+6,1.12591,239863,6386.1,279.319,2175.71,594.099,594577,20.2668,30251.3,70.4827,447.962,1650.47,1.66277e+6,1.12591,239863
2,104,6670.22,13.819,765.208,298.623,299084,4.35786e-8,30294.8,12.512,175.01,888.86,897874,2.42092e-9,207457,6869.15,13.22,761.924,290.982,291405,4.35906e-8,30351.1,11.3326,170.032,846.211,854233,2.4216e-9,207457,6383.16,14.6806,810.891,312.999,313513,4.35094e-8,30211.4,14.2543,190.847,950.941,961419,2.41707e-9,207457
3,104,6669.2,0.932923,249.049,105.41,105588,1.0731e-16,30280.3,4.25172,67.6907,363.441,367195,5.96127e-18,175051,6868.18,0.893393,254.466,105.115,105280,1.26044e-16,30338,3.85432,66.5781,350.188,353566,7.00205e-18,175051,6382.07,0.996785,263.541,110.336,110533,1.2625e-16,30194.6,4.92279,74.44,391.692,396078,7.0134e-18,175051
4,104,6668.9,0.118785,79.502,34.282,34334,9.23732e-26,30275.2,1.47478,25.6984,140.097,141424,5.13139e-27,142645,6867.89,0.115666,83.4225,35.0713,35120.8,-5.27191e-26,30333.4,1.3507,25.6,136.656,137863,-2.92875e-27,142645,6381.74,0.128021,84.0061,35.8337,35891.5,-1.2179e-25,30188.7,1.72286,28.49,152.223,153785,-6.76573e-27,142645
6,104,6668.77,0.00964274,8.04883,3.48594,3492,4.59762e-35,30272.6,0.228614,3.67037,19.9997,20208.1,2.55399e-36,190682,6867.76,0.00996013,8.91145,3.7614,3767.51,1.34296e-36,30330.9,0.21492,3.75178,20.0208,20215.5,7.46052e-38,190682,6381.6,0.010423,8.48001,3.63312,3639.81,-5.81548e-35,30185.5,0.271494,4.13451,22.0746,22323.8,-3.2306e-36,190682
9,104,6668.75,0.000398155,0.259595,0.112302,112.587,-2.41668e-41,30272.1,0.0168795,0.218642,1.16324,1178.94,-1.34246e-42,262737,6867.74,0.000446343,0.311499,0.131335,131.65,1.41655e-43,30330.4,0.0164446,0.230775,1.20435,1219.57,7.86955e-45,262737,6381.58,0.000428843,0.27232,0.116532,116.844,3.00722e-41,30184.9,0.0206058,0.253505,1.32002,1339.29,1.67055e-42,262737
14,104,6668.75,1.31644e-6,0.000851081,0.000368118,0.369065,-8.82764e-51,30272,0.000172532,0.00225016,0.0119331,12.0935,-4.90357e-52,251390,6867.74,1.68615e-6,0.00116757,0.000492198,0.49339,1.34618e-52,30330.4,0.000176117,0.00248741,0.0129415,13.1045,7.47856e-54,251390,6381.58,1.4079e-6,0.000886468,0.000379274,0.380301,8.20658e-51,30184.9,0.00022206,0.00275197,0.0142832,14.4907,4.55864e-52,251390
20,104,6668.75,1.30835e-9,8.87798e-7,3.8411e-7,0.000385033,4.19608e-61,30272,6.5152e-7,8.84003e-6,4.7112e-5,0.0477158,2.33076e-62,237772,6867.74,1.96771e-9,1.43032e-6,6.0313e-7,0.000604492,-3.99215e-63,30330.4,7.04595e-7,1.03604e-5,5.41528e-5,0.0548025,-2.21777e-64,237772,6381.58,1.38714e-9,9.16818e-7,3.92376e-7,0.000393369,-3.68966e-61,30184.9,8.92206e-7,1.15002e-5,5.99957e-5,0.060827,-2.04948e-62,237772
0,105,11250,0,0,0,0,9.8325e+9,31250,0,0,0,0,5.4625e+8,659875,11250,0,0,0,0,9.8325e+9,31250,0,0,0,0,5.4625e+8,659875,11250,0,0,0,0,9.8325e+9,31250,0,0,0,0,5.4625e+8,659875
1,105,8743.35,145.252,939.823,274.162,274163,20.2672,30810.1,27.7094,165.541,663.748,665421,1.12594,581128,8459.25,161.527,1032.04,298.94,298971,20.2674,30752.2,31.5827,184.859,732.03,734212,1.12595,581128,8947.45,133.529,888.313,253.858,253840,20.2668,30850.5,24.9947,154.567,605.515,606837,1.12592,581128
2,105,8742.74,7.38,272.869,119.588,119630,4.41513e-8,30804.8,2.67305,51.0103,300.838,301946,2.45281e-9,502382,8458.53,8.21716,294.129,128.545,128608,4.41047e-8,30745.7,3.17062,56.3079,328.512,329926,2.45022e-9,502382,8946.92,6.77795,268.246,114.094,114122,4.41653e-8,30846.1,2.33412,49.1852,281.586,282489,2.45359e-9,502382
3,105,8742.58,0.402138,66.7675,32.9519,32961.6,-1.46976e-14,30803.3,0.45307,13.5409,88.5904,88891.6,-8.1652e-16,423635,8458.34,0.449421,70.4752,34.7923,34807.3,-1.41632e-14,30743.9,0.549105,14.7809,95.7631,96144.9,-7.86831e-16,423635,8946.78,0.368893,68.6265,32.6585,32664.3,-1.52233e-14,30844.9,0.393199,13.5072,85.4553,85705.5,-8.45724e-16,423635
4,105,8742.55,0.0266694,15.8316,8.09581,8096.48,-8.84073e-20,30803,0.0885275,3.46973,23.4923,23554.1,-4.91144e-21,344888,8458.31,0.029942,16.3466,8.37548,8377.14,-1.12449e-22,30743.6,0.107086,3.74046,25.1105,25188.8,-6.24703e-24,344888,8946.75,0.0246373,17.0505,8.37987,8379.66,-7.10915e-20,30844.6,0.078497,3.58776,23.4319,23484,-3.94947e-21,344888
6,105,8742.54,0.000649407,0.877421,0.454225,454.375,-1.73198e-27,30802.9,0.00687251,0.22382,1.5264,1531.73,-9.62192e-29,478249,8458.3,0.000711947,0.866186,0.449687,449.899,-1.27935e-32,30743.4,0.00812206,0.235132,1.58997,1596.48,-7.10737e-34,478249,8946.74,0.000661837,1.03918,0.516134,516.238,-2.56083e-26,30844.5,0.00656012,0.249024,1.63709,1642,-1.42266e-27,478249
9,105,8742.54,1.6042e-5,0.0114567,0.00592126,5.93136,-2.15203e-34,30802.9,0.00024629,0.00426267,0.0277515,27.9698,-1.19552e-35,678291,8458.3,1.64502e-5,0.0105749,0.00548011,5.49106,-3.69263e-40,30743.4,0.000282814,0.0043831,0.0281398,28.3942,-2.05141e-41,678291,8946.74,1.90365e-5,0.015648,0.00776,7.77126,9.75196e-34,30844.5,0.000260769,0.00519458,0.0328007,33.0284,5.41767e-35,678291
14,105,8742.54,1.51234e-8,8.37719e-6,4.32162e-6,0.0043324,8.94329e-47,30802.9,5.60177e-7,8.09739e-6,5.10931e-5,0.0516016,4.96829e-48,714990,8458.3,1.39069e-8,6.92098e-6,3.57906e-6,0.00358937,9.36681e-50,30743.4,6.37464e-7,8.29631e-6,5.14736e-5,0.052059,5.20362e-51,714990,8946.74,2.26786e-8,1.44914e-5,7.17498e-6,0.00719046,-8.86462e-48,30844.5,6.7022e-7,1.10731e-5,6.80135e-5,0.068615,-4.92502e-49,714990
20,105,8742.54,3.06675e-12,1.45309e-9,7.4874e-10,7.51055e-7,-3.17428e-57,30802.9,4.00837e-10,5.11093e-9,3.16988e-8,3.20675e-5,-1.76341e-58,759029,8458.3,2.47115e-12,1.05177e-9,5.43187e-10,5.45112e-7,-8.26785e-60,30743.4,4.58978e-10,5.28213e-9,3.21632e-8,3.25896e-5,-4.59312e-61,759029,8946.74,6.1068e-12,3.33581e-9,1.64993e-9,1.65438e-6,-3.00239e-58,30844.5,5.44943e-10,7.91113e-9,4.78493e-8,4.83458e-5,-1.66806e-59,759029
0,106,11250,0,0,0,0,9.8325e+9,31250,0,0,0,0,5.4625e+8,531196,11250,0,0,0,0,9.8325e+9,31250,0,0,0,0,5.4625e+8,531196,11250,0,0,0,0,9.8325e+9,31250,0,0,0,0,5.4625e+8,531196
1,106,6784.66,258.829,1882.46,528.444,529410,20.2689,30347.1,68.8598,381.403,1437.39,1.45393e+6,1.12601,684406,6671.6,265.2,1882.05,526.43,527424,20.2668,30317.3,71.1918,384.569,1436.76,1.45398e+6,1.12589,684406,6496.01,275.126,1973.95,550.452,551526,20.2672,30268.2,75.8435,408.798,1520.05,1.5392e+6,1.12592,684406
2,106,6778.5,14.7439,646.665,260.531,262201,4.34949e-8,30268,28.1395,171.785,823.534,848293,2.41618e-9,837615,6665.44,15.0535,624.308,252.565,254236,4.33549e-8,30236.5,28.6737,168.712,803.775,829004,2.4084e-9,837615,6489.38,15.6915,664.261,266.939,268745,4.33522e-8,30177.8,31.9868,183.801,865.201,893547,2.40823e-9,837615
3,106,6774.43,1.86441,192.944,84.3599,85500.8,4.95872e-17,30200,22.1447,90.3986,401.778,423373,2.75421e-18,990824,6661.47,1.84137,179.147,78.9967,80104.2,1.68734e-17,30168.5,22.0601,87.061,383.27,404795,9.37028e-19,990824,6485.07,1.97325,193.762,84.6829,85892.2,1.97115e-17,30100.1,25.3379,97.8992,424.291,449043,1.09465e-18,990824
4,106,6772.26,0.684107,56.9684,25.0293,25655.9,-6.46159e-23,30137.3,21.1647,62.075,240.417,261314,-3.58875e-24,1.14403e+6,6659.43,0.642625,50.8271,22.5479,23134.8,-2.00146e-23,30107,20.6933,58.9589,225.257,245698,-1.11137e-24,1.14403e+6,6482.81,0.709058,55.9219,24.5617,25211.8,-1.9848e-23,30027.5,24.5585,68.6737,257.955,282224,-1.1021e-24,1.14403e+6
6,106,6771.49,0.0271682,4.94828,2.22186,2246.7,-1.74699e-31,30083.3,3.7453,23.4643,108.875,112508,-9.70087e-33,726137,6658.74,0.0237942,4.07546,1.84973,1871.57,6.73802e-32,30055,3.55624,21.494,98.9509,102405,3.74031e-33,726137,6482.04,0.0270676,4.64101,2.08558,2110.46,-4.31692e-32,29963.6,4.49035,26.6437,121.119,125483,-2.39663e-33,726137
9,106,6771.48,7.72568e-5,0.118577,0.0544266,54.4494,-2.21699e-38,30079,0.035511,1.14606,6.78404,6812.73,-1.23113e-39,99292.5,6658.73,6.00887e-5,0.0863124,0.0401071,40.127,4.84715e-39,30051.1,0.0313369,0.956954,5.67838,5704.01,2.69046e-40,99292.5,6482.02,7.17379e-5,0.103477,0.0476061,47.6301,-3.09967e-39,29958.4,0.0423466,1.26758,7.44215,7477.02,-1.7207e-40,99292.5
14,106,6771.48,1.24877e-7,0.000229766,0.000105593,0.105612,-1.08091e-50,30078.9,9.97844e-5,0.00327303,0.0198548,19.9346,-6.00246e-52,213555,6658.73,7.74861e-8,0.000135866,6.32228e-5,0.063237,-5.09423e-51,30051,7.29057e-5,0.00226835,0.013824,13.883,-2.82758e-52,213555,6482.02,1.01552e-7,0.000177479,8.17642e-5,0.0817838,-1.55755e-51,29958.4,0.00010904,0.00330781,0.019938,20.027,-8.64628e-53,213555
20,106,6771.48,1.13675e-10,1.28174e-7,5.88274e-8,5.88821e-5,-3.80654e-60,30078.9,1.69824e-7,3.59384e-6,2.11751e-5,0.0213236,-2.11384e-61,350671,6658.73,5.50405e-11,5.90742e-8,2.74511e-8,2.74787e-5,7.82243e-61,30051,1.00026e-7,2.0124e-6,1.18892e-5,0.0119773,4.34192e-62,350671,6482.02,7.99627e-11,8.55403e-8,3.93535e-8,3.9394e-5,1.30318e-60,29958.4,1.68753e-7,3.31293e-6,1.93495e-5,0.0194987,7.23417e-62,350671
0,201,11250,0,0,0,0,9.8325e+9,31250,0,0,0,0,5.4625e+8,289282,11250,0,0,0,0,9.8325e+9,31250,0,0,0,0,5.4625e+8,289282,11250,0,0,0,0,9.8325e+9,31250,0,0,0,0,5.4625e+8,289282
1,201,10156,63.888,394.504,116.418,116371,20.267,31071.8,10.8483,64.3538,262.575,262788,1.12594,295528,10126.5,65.6054,396.607,116.485,116440,20.268,31066.8,11.1571,64.796,262.06,262288,1.12599,295528,10078.6,68.3926,422.88,123.322,123276,20.2667,31058.5,11.6872,69.2593,278.068,278332,1.12592,295528
2,201,10155.8,3.22798,108.226,48.7495,48751.3,4.44731e-8,31070.6,0.869665,18.3102,112.287,112528,2.47071e-9,301774,10126.3,3.31405,105.65,47.7184,47721.9,4.45885e-8,31065.5,0.889099,17.9199,109.676,109924,2.47712e-9,301774,10078.3,3.45843,116.199,51.6975,51703,4.44193e-8,31057,0.957372,19.7784,119.188,119471,2.46772e-9,301774
3,201,10155.7,0.174837,24.7987,12.7081,12712,-1.0573e-16,31070.1,0.145666,4.48136,30.6766,30765.8,-5.87385e-18,308020,10126.2,0.178936,23.4075,12.0936,12098,-1.24385e-15,31065.1,0.145389,4.2515,29.1675,29257.1,-6.91019e-17,308020,10078.3,0.188178,26.677,13.4978,13503.2,-4.72125e-17,31056.5,0.164712,4.8672,32.6978,32802,-2.62291e-18,308020
4,201,10155.7,0.0121506,5.48948,2.92903,2930.37,-2.25756e-25,31070,0.0337992,1.0775,7.57921,7604.12,-1.25419e-26,314266,10126.2,0.0122059,5.00076,2.69828,2699.69,2.01292e-22,31064.9,0.0327193,0.990389,6.99386,7018.24,1.11828e-23,314266,10078.3,0.0132782,5.91746,3.11687,3118.59,-1.25459e-25,31056.4,0.0387104,1.17768,8.1236,8152.78,-6.96992e-27,314266
6,201,10155.7,0.000183914,0.264423,0.143384,143.405,-4.93203e-32,31070,0.00144879,0.0610322,0.436802,437.809,-2.73998e-33,188586,10126.2,0.000168599,0.224011,0.123072,123.097,-2.14858e-30,31064.9,0.00132018,0.0526201,0.378534,379.471,-1.19379e-31,188586,10078.3,0.000207867,0.286242,0.153211,153.245,-4.28209e-32,31056.4,0.0016806,0.0675254,0.474,475.201,-2.37892e-33,188586
9,201,10155.7,9.01463e-7,0.00277769,0.00150993,1.50932,2.15994e-39,31070,9.62099e-6,0.000749296,0.00549566,5.49977,1.19995e-40,67.4378,10126.2,7.31412e-7,0.00210883,0.00116186,1.16143,2.91286e-39,31064.9,7.95093e-6,0.000584204,0.00431458,4.3182,1.61833e-40,67.4378,10078.3,1.02968e-6,0.00302566,0.00162358,1.62298,2.04806e-39,31056.4,1.13199e-5,0.000840543,0.00605324,6.05849,1.1378e-40,67.4378
14,201,10155.7,3.8362e-10,1.39544e-6,7.588e-7,0.000758424,6.38685e-49,31070,4.97124e-9,4.44607e-7,3.28542e-6,0.0032871,3.5482e-50,134.53,10126.2,2.57813e-10,8.82327e-7,4.86297e-7,0.000486069,5.68008e-48,31064.9,3.44742e-9,2.91505e-7,2.1707e-6,0.00217198,3.15575e-49,134.53,10078.3,4.42692e-10,1.53568e-6,8.24329e-7,0.000823947,2.52547e-49,31056.4,5.96361e-9,5.08061e-7,3.68747e-6,0.00368974,1.40303e-50,134.53
20,201,10155.7,4.24704e-14,1.54461e-10,8.39913e-11,8.39498e-8,-2.76675e-58,31070,6.69181e-13,5.98326e-11,4.42135e-10,4.42361e-7,-1.53706e-59,215.04,10126.2,2.33822e-14,8.001e-11,4.40978e-11,4.40771e-8,8.38547e-56,31064.9,3.83733e-13,3.24387e-11,2.41558e-10,2.417e-7,4.65882e-57,215.04,10078.3,4.94769e-14,1.71602e-10,9.21133e-11,9.20706e-8,-8.0717e-59,31056.4,8.18746e-13,6.97328e-11,5.06118e-10,5.06429e-7,-4.48425e-60,215.04
0,202,11250,0,0,0,0,9.8325e+9,31250,0,0,0,0,5.4625e+8,64343.9,11250,0,0,0,0,9.8325e+9,31250,0,0,0,0,5.4625e+8,64343.9,11250,0,0,0,0,9.8325e+9,31250,0,0,0,0,5.4625e+8,64343.9
1,202,10986,15.4604,77.989,24.5299,24509.3,20.2676,31208.8,2.43858,12.1948,53.2532,53224.2,1.12598,85703.7,10999.6,14.6642,72.9396,22.7821,22762.8,20.2676,31210.9,2.30989,11.3973,49.2349,49207,1.12597,85703.7,10980.8,15.7694,82.3447,25.3196,25298.4,20.2676,31207.9,2.48846,12.8786,54.7646,54735.1,1.12598,85703.7
2,202,10986,0.772131,16.2713,8.41793,8412.11,4.48436e-8,31208.7,0.136267,2.57131,18.3747,18372.3,2.49131e-9,107064,10999.6,0.732186,14.934,7.71369,7708.25,4.48454e-8,31210.9,0.127916,2.35692,16.7554,16752.6,2.49141e-9,107064,10980.7,0.787695,17.9981,8.98447,8978.27,4.48418e-8,31207.9,0.139818,2.84425,19.5386,19536.2,2.4912e-9,107064
3,202,10986,0.0390445,2.71638,1.6975,1696.54,7.48624e-13,31208.7,0.0105492,0.439212,3.75722,3758.02,4.15901e-14,128423,10999.6,0.0369722,2.43924,1.52914,1528.25,5.55946e-13,31210.8,0.00958986,0.39345,3.36535,3365.9,3.08858e-14,128423,10980.7,0.0398901,3.17108,1.8905,1889.42,8.01139e-13,31207.8,0.0111535,0.512296,4.16797,4168.85,4.45076e-14,128423
4,202,10986,0.00206082,0.428659,0.289756,289.62,7.97536e-19,31208.7,0.00127052,0.0717127,0.657073,657.387,4.43074e-20,149783,10999.6,0.00193955,0.375926,0.255809,255.683,-3.41298e-18,31210.8,0.0011027,0.0626537,0.57608,576.323,-1.8961e-19,149783,10980.7,0.00212292,0.53037,0.339277,339.115,-2.35636e-18,31207.8,0.00142475,0.0884849,0.765759,766.113,-1.30909e-19,149783
6,202,10986,8.65257e-6,0.0102651,0.00726215,7.25881,2.866e-25,31208.7,2.70686e-5,0.00186608,0.0177138,17.7223,1.59222e-26,89901.3,10999.6,7.69158e-6,0.00856689,0.00612198,6.11906,-2.40168e-24,31210.8,2.19897e-5,0.0015476,0.014787,14.7935,-1.33426e-25,89901.3,10980.7,9.82462e-6,0.0143395,0.00952952,9.52499,1.07375e-25,31207.8,3.41382e-5,0.00258363,0.0230401,23.0504,5.9653e-27,89901.3
9,202,10986,1.15276e-8,3.74693e-5,2.67242e-5,0.0267084,-8.47604e-42,31208.7,8.22043e-8,7.59676e-6,7.30706e-5,0.0730795,-4.7089e-43,78.3477,10999.6,8.87725e-9,2.89902e-5,2.09069e-5,0.0208943,-3.71119e-41,31210.8,6.16759e-8,5.82593e-6,5.64402e-5,0.0564452,-2.06178e-42,78.3477,10980.7,1.71902e-8,6.29745e-5,4.21045e-5,0.042079,1.37182e-40,31207.8,1.22969e-7,1.25325e-5,0.000113027,0.113037,7.62125e-42,78.3477
14,202,10986,8.59503e-13,3.23576e-9,2.3092e-9,2.30775e-6,-2.58897e-56,31208.7,7.56996e-12,7.60074e-10,7.34718e-9,7.3474e-6,-1.43831e-57,75.6588,10999.6,5.74856e-13,2.20551e-9,1.59164e-9,1.59062e-6,5.54001e-53,31210.8,4.97594e-12,5.1177e-10,4.98325e-9,4.98324e-6,3.07779e-54,75.6588,10980.7,1.78017e-12,7.40212e-9,4.95102e-9,4.94785e-6,3.39968e-55,31207.8,1.52407e-11,1.6839e-9,1.52496e-8,1.52496e-5,1.88871e-56,75.6588
20,202,10986,-9.9748e-17,-3.75554e-13,-2.68014e-13,-2.67845e-10,1.1649e-62,31208.7,-8.52703e-16,-8.56208e-14,-8.27649e-13,-8.27673e-10,6.47163e-64,72.4321,10999.6,-7.35888e-18,-2.82975e-14,-2.04219e-14,-2.04088e-11,1.99224e-60,31210.8,-8.83862e-17,-9.08773e-15,-8.85045e-14,-8.85043e-11,1.1068e-61,72.4321,10980.7,-4.57386e-16,-1.9021e-12,-1.27225e-12,-1.27143e-9,-4.86076e-61,31207.8,-3.91309e-15,-4.32362e-13,-3.91556e-12,-3.91555e-9,-2.70042e-62,72.4321
0,203,11250,0,0,0,0,9.8325e+9,31250,0,0,0,0,5.4625e+8,522687,11250,0,0,0,0,9.8325e+9,31250,0,0,0,0,5.4625e+8,522687,11250,0,0,0,0,9.8325e+9,31250,0,0,0,0,5.4625e+8,522687
1,203,10707.9,31.5945,165.139,51.468,51428.5,20.2669,31164.2,5.07355,26.1688,113.137,113100,1.12594,412942,10681.6,33.1244,172.642,53.2411,53200.7,20.2684,31159.9,5.32827,27.3925,116.714,116680,1.12602,412942,10677.6,33.3544,177.018,54.2734,54232.2,20.2674,31159.3,5.36758,28.0917,118.997,118963,1.12597,412942
2,203,10707.9,1.57793,35.961,18.1955,18182.8,4.46998e-8,31164.1,0.284301,5.76884,40.2928,40287.9,2.48332e-9,303197,10681.5,1.65449,37.4472,18.7685,18755.7,4.48915e-8,31159.8,0.2995,6.01746,41.4584,41455.2,2.49396e-9,303197,10677.6,1.66615,39.3464,19.473,19459.7,4.47632e-8,31159.1,0.302748,6.32331,43.0231,43019.7,2.48684e-9,303197
3,203,10707.8,0.079375,6.31262,3.81701,3814.28,8.81604e-13,31164,0.0194416,1.03111,8.56536,8563.84,4.89779e-14,193452,10681.5,0.083248,6.54376,3.92305,3920.3,9.31394e-13,31159.7,0.0205962,1.07136,8.78537,8784.17,5.1744e-14,193452,10677.6,0.0838788,7.07296,4.16297,4160.04,8.56475e-13,31159.1,0.021091,1.15777,9.32386,9322.52,4.75818e-14,193452
4,203,10707.8,0.00405555,1.05148,0.682693,682.168,-2.55168e-18,31164,0.00165165,0.174878,1.55721,1556.69,-1.4176e-19,83706.9,10681.5,0.00425563,1.08467,0.698698,698.168,-2.67013e-18,31159.7,0.00175735,0.180936,1.59137,1590.89,-1.4834e-19,83706.9,10677.6,0.00429639,1.20863,0.7613,760.72,-6.91741e-19,31159.1,0.00184404,0.201469,1.73373,1733.19,-3.84299e-20,83706.9
6,203,10707.8,1.30773e-5,0.0281748,0.0190174,19.0018,-2.44583e-24,31164,2.45775e-5,0.00482824,0.0447522,44.7304,-1.35879e-25,50258.4,10681.5,1.37558e-5,0.0287698,0.0192775,19.2619,-2.24293e-24,31159.7,2.61111e-5,0.00495029,0.0453478,45.3269,-1.24607e-25,50258.4,10677.6,1.43071e-5,0.0341546,0.0223,22.2818,-4.33818e-26,31159.1,2.94025e-5,0.00586557,0.052399,52.3743,-2.41009e-27,50258.4
9,203,10707.8,1.3582e-8,0.000122084,8.28972e-5,0.0828267,3.60101e-37,31164,8.75297e-8,2.17399e-5,0.000203078,0.202962,2.00056e-38,85.6843,10681.5,1.42003e-8,0.000122745,8.27515e-5,0.0826817,3.72471e-37,31159.7,9.17614e-8,2.19777e-5,0.000202948,0.202837,2.06928e-38,85.6843,10677.6,1.73922e-8,0.000160465,0.000105318,0.105229,-1.05077e-39,31159.1,1.14077e-7,2.86264e-5,0.000257543,0.257399,-5.83757e-41,85.6843
14,203,10707.8,1.35509e-12,1.40409e-8,9.53679e-9,9.52861e-6,-6.57301e-53,31164,1.0133e-11,2.64546e-9,2.47423e-8,2.47276e-5,-3.65166e-54,75.5664,10681.5,1.37979e-12,1.37563e-8,9.27695e-9,9.26905e-6,-6.20044e-53,31159.7,1.03711e-11,2.6115e-9,2.41462e-8,2.41324e-5,-3.44468e-54,75.5664,10677.6,2.02148e-12,2.11268e-8,1.38695e-8,1.38576e-5,-1.31532e-49,31159.1,1.51265e-11,3.98561e-9,3.58983e-8,3.58775e-5,-7.3073e-51,75.5664
20,203,10707.8,1.18883e-18,1.23308e-14,8.37527e-15,8.36809e-12,-1.69035e-64,31164,1.56905e-17,4.09797e-15,3.83278e-14,3.83052e-11,-9.39078e-66,63.4249,10681.5,-4.92052e-17,-4.90746e-13,-3.30949e-13,-3.30668e-10,-3.21154e-65,31159.7,-3.66505e-16,-9.23007e-14,-8.53428e-13,-8.5294e-10,-1.78419e-66,63.4249,10677.6,-4.50117e-17,-4.70506e-13,-3.08881e-13,-3.08617e-10,-4.3847e-56,31159.1,-3.20661e-16,-8.44956e-14,-7.61051e-13,-7.6061e-10,-2.43593e-57,63.4249
0,204,11250,0,0,0,0,9.8325e+9,31250,0,0,0,0,5.4625e+8,88410.6,11250,0,0,0,0,9.8325e+9,31250,0,0,0,0,5.4625e+8,88410.6,11250,0,0,0,0,9.8325e+9,31250,0,0,0,0,5.4625e+8,88410.6
1,204,10937.9,18.2568,105.181,31.7178,31691.5,20.2676,31201.1,2.89067,16.4828,69.0032,68967.6,1.12598,77164.2,10925.2,18.9997,109.66,32.6712,32644.3,20.2668,31199.1,3.01096,17.195,70.8388,70803.7,1.12593,77164.2,10919.8,19.3178,114.061,33.7369,33709.2,20.2677,31198.2,3.06316,17.8896,73.1668,73131,1.12598,77164.2
2,204,10937.9,0.912247,26.2513,12.3945,12385.7,4.48398e-8,31201,0.164439,4.15481,27.1166,27111.6,2.4911e-9,65917.9,10925.2,0.949475,27.4361,12.7899,12781,4.47233e-8,31199,0.171866,4.34599,27.8916,27887.4,2.48462e-9,65917.9,10919.8,0.965539,29.4437,13.5154,13505.9,4.48398e-8,31198.1,0.175909,4.66521,29.4825,29478.2,2.49109e-9,65917.9
3,204,10937.9,0.0462747,5.39183,2.95201,2950.09,4.75789e-13,31201,0.0135725,0.868983,6.53956,6539.5,2.64327e-14,54671.5,10925.2,0.0481921,5.65116,3.05326,3051.31,5.14839e-13,31199,0.0143323,0.911914,6.74406,6744.27,2.86021e-14,54671.5,10919.7,0.049078,6.28679,3.32357,3321.45,3.82077e-13,31198.1,0.0150797,1.01451,7.34344,7343.67,2.12265e-14,54671.5
4,204,10937.9,0.00248169,1.06254,0.612442,612.058,-1.93057e-18,31201,0.00181184,0.175199,1.38232,1382.39,-1.07254e-19,43425.2,10925.2,0.00259086,1.117,0.635162,634.774,-2.09486e-18,31199,0.00193539,0.184498,1.43001,1430.14,-1.16381e-19,43425.2,10919.7,0.00265983,1.29103,0.715636,715.197,-1.52675e-18,31198.1,0.00213219,0.213132,1.61136,1611.51,-8.48191e-20,43425.2
6,204,10937.9,1.44549e-5,0.0403305,0.0237839,23.769,2.3999e-25,31201,5.9689e-5,0.00698532,0.0562353,56.2378,1.33328e-26,26091.1,10925.2,1.54115e-5,0.0426616,0.0248143,24.7991,1.10128e-25,31199,6.45137e-5,0.0074091,0.0585809,58.5858,6.11823e-27,26091.1,10919.7,1.74466e-5,0.0533328,0.030162,30.1434,1.63727e-27,31198.1,7.73979e-5,0.00924242,0.0711272,71.1324,9.09592e-29,26091.1
9,204,10937.9,6.08001e-8,0.000296332,0.000175186,0.175071,-7.35797e-37,31201,4.28198e-7,5.51042e-5,0.000445091,0.445074,-4.08776e-38,89.9649,10925.2,6.63688e-8,0.000316453,0.000184514,0.184395,-6.02601e-33,31199,4.67942e-7,5.90854e-5,0.000468715,0.468714,-3.34778e-34,89.9649,10919.7,8.93965e-8,0.0004454,0.000252396,0.252232,-1.00253e-34,31198.1,6.30617e-7,8.27594e-5,0.000638763,0.638754,-5.56958e-36,89.9649
14,204,10937.9,1.63145e-11,8.22586e-8,4.86342e-8,4.86019e-5,1.1924e-46,31201,1.30143e-10,1.71003e-8,1.3823e-7,0.000138221,6.62443e-48,71.6043,10925.2,1.80974e-11,8.92261e-8,5.20296e-8,5.19957e-5,-1.97698e-43,31199,1.44772e-10,1.8664e-8,1.48174e-7,0.00014817,-1.09832e-44,71.6043,10919.7,2.97981e-11,1.53024e-7,8.67203e-8,8.66634e-5,-5.67983e-46,31198.1,2.36828e-10,3.17192e-8,2.44991e-7,0.000244983,-3.15546e-47,71.6043
20,204,10937.9,1.01319e-15,5.10914e-12,3.0207e-12,3.0187e-9,-1.1533e-55,31201,9.10776e-15,1.19682e-12,9.67448e-12,9.67391e-9,-6.40721e-57,49.5716,10925.2,7.80907e-16,3.85059e-12,2.24536e-12,2.24389e-9,-4.75431e-53,31199,7.34801e-15,9.47386e-13,7.52132e-12,7.52114e-9,-2.6413e-54,49.5716,10919.7,2.70255e-15,1.38803e-11,7.86612e-12,7.86096e-9,1.07697e-52,31198.1,2.4083e-14,3.22586e-12,2.49158e-11,2.4915e-8,5.98317e-54,49.5716
0,205,11250,0,0,0,0,9.8325e+9,31250,0,0,0,0,5.4625e+8,287859,11250,0,0,0,0,9.8325e+9,31250,0,0,0,0,5.4625e+8,287859,11250,0,0,0,0,9.8325e+9,31250,0,0,0,0,5.4625e+8,287859
1,205,10932,18.582,112.665,33.4465,33418.3,20.2667,31200.2,2.94113,17.6578,72.781,72740.4,1.12593,237315,10953.3,17.339,108.331,31.4896,31462.7,20.2669,31203.6,2.73967,16.9599,68.1884,68148.2,1.12594,237315,10935.7,18.3658,114.388,33.2838,33255.6,20.2667,31200.8,2.90598,17.9236,72.1302,72089.4,1.12593,237315
2,205,10932,0.928061,30.1248,13.7506,13740.1,4.47268e-8,31200.1,0.164602,4.76051,30.0711,30060.8,2.48482e-9,186771,10953.2,0.86587,30.1948,13.354,13343.5,4.47574e-8,31203.5,0.152565,4.76237,29.0484,29036.9,2.48652e-9,186771,10935.7,0.917299,31.7434,14.0684,14057.5,4.47336e-8,31200.7,0.162771,5.01326,30.6348,30623.8,2.4852e-9,186771
3,205,10931.9,0.0469068,6.69794,3.49713,3494.5,9.01477e-14,31200.1,0.0125987,1.07241,7.72293,7720.59,5.0082e-15,136227,10953.2,0.04376,7.04058,3.53445,3531.71,7.46294e-14,31203.5,0.0116506,1.12338,7.75607,7753.24,4.14607e-15,136227,10935.7,0.0463935,7.36475,3.70786,3705.03,7.50879e-14,31200.7,0.0126268,1.17753,8.14968,8147.03,4.17155e-15,136227
4,205,10931.9,0.00247141,1.43564,0.782929,782.325,-3.57224e-19,31200.1,0.00149138,0.233175,1.75133,1750.71,-1.98457e-20,85682.9,10953.2,0.00231048,1.5868,0.828526,827.868,-2.82008e-19,31203.5,0.00140965,0.256357,1.83886,1838.1,-1.56671e-20,85682.9,10935.6,0.00245571,1.65114,0.864973,864.298,-2.87627e-19,31200.7,0.00155038,0.267519,1.92423,1923.5,-1.59792e-20,85682.9
6,205,10931.9,1.28016e-5,0.0647403,0.0359313,35.9025,-2.17176e-26,31200.1,4.71239e-5,0.0107965,0.0825504,82.514,-1.20653e-27,51440.6,10953.2,1.27925e-5,0.079294,0.0420249,41.9904,-6.31041e-27,31203.5,4.89092e-5,0.0131048,0.0954546,95.4072,-3.50578e-28,51440.6,10935.6,1.38362e-5,0.0816252,0.043415,43.3798,1.98502e-27,31200.7,5.38991e-5,0.0135493,0.0989919,98.9459,1.10279e-28,51440.6
9,205,10931.9,5.73881e-8,0.000617103,0.000343047,0.342761,-4.39472e-34,31200.1,3.82206e-7,0.000106517,0.000816872,0.816437,-2.44151e-35,77.1238,10953.2,7.01521e-8,0.000882388,0.000468233,0.467835,-5.30693e-34,31203.5,4.60671e-7,0.000150191,0.00109664,1.09601,-2.94829e-35,77.1238,10935.6,7.57448e-8,0.000893701,0.000475949,0.475548,1.49295e-34,31200.7,5.00943e-7,0.000153084,0.0011213,1.12068,8.29417e-36,77.1238
14,205,10931.9,2.32563e-11,2.64312e-7,1.46938e-7,0.000146815,1.1599e-45,31200.1,1.65204e-10,4.79902e-8,3.68274e-7,0.000368071,6.44387e-47,66.2373,10953.2,3.69579e-11,4.89241e-7,2.59623e-7,0.0002594,-6.31111e-45,31203.5,2.56146e-10,8.69565e-8,6.35263e-7,0.000634883,-3.50617e-46,66.2373,10935.6,3.88397e-11,4.82276e-7,2.56851e-7,0.000256633,1.33699e-45,31200.7,2.71876e-10,8.65142e-8,6.34048e-7,0.000633686,7.4277e-47,66.2373
20,205,10931.9,2.22855e-15,2.533e-11,1.40817e-11,1.40698e-8,-5.24753e-55,31200.1,1.67845e-14,4.87606e-12,3.74187e-11,3.73981e-8,-2.91529e-56,53.1736,10953.2,4.72888e-15,6.26046e-11,3.3222e-11,3.31935e-8,-2.36564e-52,31203.5,3.44615e-14,1.16997e-11,8.54726e-11,8.54216e-8,-1.31424e-53,53.1736,10935.6,4.8167e-15,5.98139e-11,3.18558e-11,3.18287e-8,-1.53408e-54,31200.7,3.55713e-14,1.13199e-11,8.2962e-11,8.29146e-8,-8.52267e-56,53.1736
0,206,7500,0,0,0,0,6.555e+9,22727.3,0,0,0,0,3.97273e+8,180512,7500,0,0,0,0,6.555e+9,22727.3,0,0,0,0,3.97273e+8,180512,7500,0,0,0,0,6.555e+9,22727.3,0,0,0,0,3.97273e+8,180512
1,206,7389.62,6.46872,28.1352,9.28366,9275.36,13.5119,22706.8,1.20461,5.21062,23.8801,23864.1,0.818904,211771,7390.33,6.42736,27.7728,9.07852,9070.4,13.5119,22707,1.19666,5.14314,23.2598,23244.1,0.818904,211771,7379.94,7.0359,31.3092,10.137,10128,13.5121,22705,1.31187,5.80288,25.9912,25974.4,0.818917,211771
2,206,7389.62,0.322615,4.82955,2.77622,2774.05,2.74961e-8,22706.8,0.0643783,0.901903,7.16926,7166.88,1.66643e-9,243030,7390.32,0.320538,4.72712,2.69891,2696.8,2.74961e-8,22707,0.0638266,0.882588,6.94142,6939.1,1.66643e-9,243030,7379.93,0.350966,5.53602,3.09471,3092.34,2.74956e-8,22705,0.0706026,1.03511,7.96809,7965.86,1.66639e-9,243030
3,206,7389.62,0.0161858,0.6429,0.471009,470.691,8.33079e-14,22706.8,0.00419243,0.122521,1.22964,1229.63,5.04896e-15,274289,7390.32,0.0160778,0.623126,0.454577,454.271,-2.86168e-14,22707,0.00412397,0.118696,1.1817,1181.69,-1.73435e-15,274289,7379.93,0.0176258,0.762684,0.538648,538.297,9.33246e-14,22705,0.00472886,0.145652,1.40298,1403.08,5.65602e-15,274289
4,206,7389.62,0.000826403,0.079265,0.0655601,65.5228,-4.06591e-19,22706.8,0.000375568,0.015629,0.174769,174.821,-2.46418e-20,305548,7390.32,0.000820106,0.0760044,0.0627335,62.6978,1.45988e-19,22707,0.000363966,0.0149746,0.16647,166.52,8.84773e-21,305548,7379.93,0.000903575,0.0976428,0.077272,77.2301,-3.69251e-19,22705,0.000446639,0.0193103,0.205729,205.809,-2.23788e-20,305548
6,206,7389.62,2.4231e-6,0.00112468,0.00102237,1.02179,-2.70466e-26,22706.8,4.12833e-6,0.00024286,0.00292923,2.93006,-1.6392e-27,183345,7390.32,2.38494e-6,0.00105373,0.000958703,0.958162,6.6541e-26,22707,3.89147e-6,0.000227311,0.00273244,2.73323,4.03279e-27,183345,7379.93,2.74096e-6,0.00150205,0.00129388,1.29317,5.09213e-25,22705,5.39217e-6,0.000325489,0.00371012,3.7114,3.08613e-26,183345
9,206,7389.62,6.94297e-10,1.83045e-6,1.71243e-6,0.00171117,-1.03922e-35,22706.8,4.27661e-9,4.40834e-7,5.51785e-6,0.00551656,-6.29833e-37,40.7991,7390.32,6.54093e-10,1.65395e-6,1.55113e-6,0.00154999,-2.24984e-35,22707,3.88952e-9,3.98084e-7,4.97198e-6,0.00497085,-1.36355e-36,40.7991,7379.93,9.25979e-10,2.77288e-6,2.44609e-6,0.0024443,1.76779e-33,22705,6.28239e-9,6.68809e-7,7.88293e-6,0.00788128,1.07138e-34,40.7991
14,206,7389.62,8.37943e-15,4.28384e-11,4.02319e-11,4.01998e-8,-5.23188e-44,22706.8,8.97984e-14,1.15712e-11,1.47071e-10,1.47014e-7,-3.17085e-45,41.3743,7390.32,6.87079e-15,3.51702e-11,3.31252e-11,3.30989e-8,-2.50451e-46,22707,7.40277e-14,9.52479e-12,1.20891e-10,1.20844e-7,-1.51789e-47,41.3743,7379.93,1.43756e-14,7.67069e-11,6.78648e-11,6.78112e-8,1.86035e-42,22705,1.56569e-13,2.07528e-11,2.48022e-10,2.47931e-7,1.12748e-43,41.3743
20,206,7389.62,-1.28275e-16,-6.74393e-13,-6.33453e-13,-6.32948e-10,-1.70275e-47,22706.8,-1.44621e-15,-1.87311e-13,-2.38234e-12,-2.3814e-9,-1.03197e-48,42.0645,7390.32,5.51758e-18,1.96562e-14,1.84566e-14,1.84424e-11,5.74054e-49,22707,6.4212e-18,5.45803e-16,5.87767e-15,5.87797e-12,3.47913e-50,42.0645,7379.93,-1.44685e-17,-7.77527e-14,-6.87932e-14,-6.87388e-11,-5.24276e-49,22705,-1.66136e-16,-2.20434e-14,-2.63521e-13,-2.63423e-10,-3.17742e-50,42.0645
0,301,7500,0,0,0,0,6.555e+9,22727.3,0,0,0,0,3.97273e+8,90698.8,7500,0,0,0,0,6.555e+9,22727.3,0,0,0,0,3.97273e+8,90698.8,7500,0,0,0,0,6.555e+9,22727.3,0,0,0,0,3.97273e+8,90698.8
1,301,7459.73,2.35791,11.4291,3.64225,3638.73,13.5113,22719.9,0.4352,2.10531,9.32517,9316.85,0.818868,88321.5,7461.4,2.2603,11.0897,3.47991,3476.54,13.5113,22720.2,0.417089,2.04251,8.87369,8865.72,0.818868,88321.5,7460.16,2.33322,11.5947,3.62338,3619.88,13.5113,22719.9,0.430617,2.13573,9.24029,9232.02,0.818868,88321.5
2,301,7459.73,0.117464,2.25963,1.20303,1201.9,2.74972e-8,22719.9,0.0222151,0.417253,3.08395,3081.46,1.6665e-9,85944.1,7461.4,0.112598,2.22824,1.16271,1161.62,2.74971e-8,22720.2,0.0212688,0.411338,2.96838,2965.96,1.66649e-9,85944.1,7460.16,0.116234,2.36985,1.22548,1224.34,2.74971e-8,22719.9,0.0219841,0.437543,3.12901,3126.47,1.66649e-9,85944.1
3,301,7459.73,0.00586371,0.354325,0.231091,230.88,7.7777e-14,22719.9,0.00122749,0.0657629,0.594229,593.786,4.71376e-15,83566.7,7461.4,0.00562046,0.356015,0.226614,226.405,7.54813e-14,22720.2,0.00117192,0.0660338,0.580216,579.776,4.57463e-15,83566.7,7460.16,0.00580289,0.386219,0.24256,242.337,7.63561e-14,22719.9,0.00121864,0.0716515,0.62116,620.693,4.62764e-15,83566.7
4,301,7459.73,0.000294563,0.0522331,0.037241,37.2073,-1.6574e-23,22719.9,8.17423e-5,0.00976591,0.0962607,96.1926,-1.00526e-24,81189.4,7461.4,0.00028232,0.0535611,0.0371509,37.1171,7.25473e-20,22720.2,7.78424e-5,0.010002,0.095582,95.5129,4.39681e-21,81189.4,7460.16,0.000291698,0.0593668,0.0404951,40.4584,6.7129e-19,22719.9,8.24521e-5,0.0110892,0.104215,104.14,4.06843e-20,81189.4
6,301,7459.73,8.0389e-7,0.00108373,0.000817302,0.816567,-2.57163e-29,22719.9,7.87238e-7,0.000206284,0.0021452,2.14371,-1.55977e-30,48723.1,7461.4,7.72154e-7,0.00115994,0.000848192,0.847424,2.16513e-25,22720.2,7.6331e-7,0.000220185,0.00221332,2.21174,1.3122e-26,48723.1,7460.16,8.0672e-7,0.00134503,0.000964035,0.963164,1.88774e-24,22719.9,8.64269e-7,0.000255383,0.00251656,2.51477,1.14409e-25,48723.1
9,301,7459.73,3.03452e-10,3.17823e-6,2.42388e-6,0.00242167,-1.11206e-36,22719.9,1.7604e-9,6.21146e-7,6.53248e-6,0.00652769,-6.74497e-38,23.7616,7461.4,3.07991e-10,3.63261e-6,2.6832e-6,0.00268074,4.86806e-33,22720.2,1.81309e-9,7.06294e-7,7.17246e-6,0.00716708,2.95034e-34,23.7616,7460.16,3.61485e-10,4.51322e-6,3.26405e-6,0.00326106,1.53635e-32,22719.9,2.22562e-9,8.7754e-7,8.72729e-6,0.00872077,9.31119e-34,23.7616
14,301,7459.73,1.22794e-14,1.91219e-10,1.45946e-10,1.45812e-7,6.22795e-46,22719.9,1.03888e-13,3.88715e-11,4.09389e-10,4.09084e-7,3.77744e-47,48.6707,7461.4,1.42121e-14,2.4365e-10,1.80087e-10,1.79921e-7,-1.47487e-42,22720.2,1.18935e-13,4.90944e-11,4.99177e-10,4.98797e-7,-8.93859e-44,48.6707,7460.16,1.95603e-14,3.3916e-10,2.4542e-10,2.45194e-7,-8.70296e-43,22719.9,1.63825e-13,6.83191e-11,6.80209e-10,6.79692e-7,-5.27452e-44,48.6707
20,301,7459.73,-2.79893e-18,-4.35999e-14,-3.32771e-14,-3.32466e-11,-3.90147e-52,22719.9,-2.37606e-17,-8.88943e-15,-9.36225e-14,-9.35526e-11,-2.36636e-53,78.5617,7461.4,-1.0497e-17,-1.80158e-13,-1.33159e-13,-1.33037e-10,-1.62314e-47,22720.2,-8.80309e-17,-3.63349e-14,-3.69445e-13,-3.69164e-10,-9.83722e-49,78.5617,7460.16,-3.03855e-18,-5.27213e-14,-3.81498e-14,-3.81146e-11,-1.30874e-50,22719.9,-2.56255e-17,-1.06856e-14,-1.0639e-13,-1.0631e-10,-7.93174e-52,78.5617
0,302,11250,0,0,0,0,9.8325e+9,31250,0,0,0,0,5.4625e+8,53834.4,11250,0,0,0,0,9.8325e+9,31250,0,0,0,0,5.4625e+8,53834.4,11250,0,0,0,0,9.8325e+9,31250,0,0,0,0,5.4625e+8,53834.4
1,302,11229.2,1.21737,5.56797,1.80743,1805.64,20.2673,31246.8,0.188179,0.860141,3.88165,3877.9,1.12596,76083.8,11230.1,1.16545,5.61931,1.77257,1770.82,20.2673,31246.9,0.180143,0.86803,3.79175,3788.09,1.12596,76083.8,11226.1,1.40115,6.66172,2.11098,2108.9,20.2669,31246.3,0.216644,1.02926,4.51644,4512.11,1.12594,76083.8
2,302,11229.2,0.0606224,1.0204,0.565938,565.387,4.48576e-8,31246.8,0.00944877,0.157771,1.21594,1214.81,2.49209e-9,98333.1,11230.1,0.0580373,1.10413,0.583046,582.477,4.48512e-8,31246.9,0.00904585,0.170696,1.24771,1246.55,2.49173e-9,98333.1,11226.1,0.0697776,1.28483,0.685247,684.582,4.4816e-8,31246.3,0.0108955,0.198705,1.46681,1465.46,2.48977e-9,98333.1
3,302,11229.2,0.00302125,0.146493,0.101629,101.531,-3.37596e-14,31246.8,0.000488563,0.0226971,0.218607,218.411,-1.87554e-15,120583,11230.1,0.00289261,0.171865,0.111373,111.265,3.42764e-15,31246.9,0.000468857,0.0266184,0.23859,238.374,1.90425e-16,120583,11226.1,0.00347837,0.19572,0.128738,128.615,3.48916e-14,31246.3,0.000568341,0.0303367,0.275926,275.682,1.93842e-15,120583
4,302,11229.2,0.000150939,0.0196146,0.0151233,15.1089,-9.69994e-20,31246.8,2.74366e-5,0.00304914,0.0326005,32.5721,-5.38886e-21,142832,11230.1,0.000144585,0.0251325,0.0178279,17.8109,4.59621e-20,31246.9,2.67397e-5,0.00390357,0.0382654,38.2316,2.55346e-21,142832,11226.1,0.000173961,0.0279568,0.0202074,20.1882,4.33225e-19,31246.3,3.29663e-5,0.0043485,0.0434118,43.3746,2.4068e-20,142832
6,302,11229.2,3.86537e-7,0.000331909,0.000275749,0.275488,9.22185e-26,31246.8,1.41698e-7,5.20609e-5,0.0005987,0.598185,5.12325e-27,85732,11230.1,3.73944e-7,0.000512654,0.000385198,0.38483,-3.70308e-26,31246.9,1.58509e-7,8.02124e-5,0.000831873,0.831144,-2.05727e-27,85732,11226.1,4.51742e-7,0.000542674,0.00041722,0.416826,-3.99116e-25,31246.3,2.04018e-7,8.51862e-5,0.000903138,0.902373,-2.21731e-26,85732
9,302,11229.2,7.03079e-11,7.10952e-7,6.0168e-7,0.000601102,-1.42619e-36,31246.8,1.55244e-10,1.12966e-7,1.32344e-6,0.00132226,-7.92329e-38,82.114,11230.1,8.28498e-11,1.46437e-6,1.11323e-6,0.00111216,-3.93843e-39,31246.9,2.42067e-10,2.31461e-7,2.42935e-6,0.00242716,-2.18802e-40,82.114,11226.1,1.01115e-10,1.43646e-6,1.11908e-6,0.001118,1.64621e-39,31246.3,3.01287e-10,2.28389e-7,2.45428e-6,0.00245212,9.14562e-41,82.114
14,302,11229.2,5.71921e-16,2.42542e-11,2.05659e-11,2.0546e-8,-8.634e-44,31246.8,4.58614e-15,3.92651e-12,4.61209e-11,4.60794e-8,-4.79667e-45,129.877,11230.1,2.08088e-15,8.52309e-11,6.48464e-11,6.47836e-8,-6.97004e-48,31246.9,1.26412e-14,1.36562e-11,1.43516e-10,1.43385e-7,-3.87226e-49,129.877,11226.1,2.28322e-15,7.38901e-11,5.76215e-11,5.75661e-8,2.41826e-48,31246.3,1.39566e-14,1.19509e-11,1.2863e-10,1.28516e-7,1.34348e-49,129.877
20,302,11229.2,-4.31586e-19,-1.28118e-14,-1.08612e-14,-1.08507e-11,2.70535e-49,31246.8,-2.49574e-18,-2.08863e-15,-2.45277e-14,-2.45056e-11,1.50297e-50,187.194,11230.1,-2.36736e-18,-9.83231e-14,-7.48083e-14,-7.47359e-11,-1.7612e-52,31246.9,-1.46732e-17,-1.5874e-14,-1.66827e-13,-1.66675e-10,-9.78448e-54,187.194,11226.1,-1.94635e-17,-6.42659e-13,-5.01173e-13,-5.00691e-10,3.05425e-52,31246.3,-1.21782e-16,-1.04491e-13,-1.12471e-12,-1.12371e-9,1.6968e-53,187.194
0,303,11250,0,0,0,0,9.8325e+9,31250,0,0,0,0,5.4625e+8,373100,11250,0,0,0,0,9.8325e+9,31250,0,0,0,0,5.4625e+8,373100,11250,0,0,0,0,9.8325e+9,31250,0,0,0,0,5.4625e+8,373100
1,303,11173.6,4.46606,20.8649,6.73293,6726.47,20.2668,31238.2,0.693212,3.23197,14.4952,14482.3,1.12594,335246,11173.5,4.47543,20.7605,6.63787,6631.5,20.2669,31238.2,0.694644,3.2158,14.2347,14222.1,1.12594,335246,11169.1,4.73236,22.8886,7.2198,7212.89,20.2669,31237.5,0.734804,3.54619,15.4856,15471.9,1.12594,335246
2,303,11173.6,0.222483,3.9244,2.14608,2144.08,4.48141e-8,31238.2,0.0353023,0.6094,4.62631,4622.56,2.48967e-9,297391,11173.5,0.222947,3.86833,2.10184,2099.88,4.4818e-8,31238.1,0.0353575,0.600682,4.51316,4509.5,2.48989e-9,297391,11169.1,0.235762,4.50704,2.37722,2375.01,4.48222e-8,31237.5,0.0374949,0.700056,5.10577,5101.66,2.49012e-9,297391
3,303,11173.6,0.0111015,0.580857,0.394353,393.991,1.58858e-13,31238.2,0.00190643,0.0906334,0.85263,851.969,8.82543e-15,259536,11173.5,0.011124,0.566366,0.38304,382.688,1.57176e-13,31238.1,0.00190502,0.0883684,0.824896,824.258,8.73201e-15,259536,11169.1,0.0117675,0.703557,0.455024,454.607,1.6071e-13,31237.5,0.00204486,0.109806,0.980265,979.512,8.92835e-15,259536
4,303,11173.6,0.000556211,0.0804142,0.0603112,60.256,-7.6543e-19,31238.2,0.000116144,0.0126277,0.131007,130.906,-4.25239e-20,221682,11173.5,0.000557217,0.0774831,0.058011,57.9579,-7.85903e-19,31238.1,0.000115287,0.0121669,0.125508,125.412,-4.36612e-20,221682,11169.1,0.000590264,0.103211,0.0730277,72.961,-6.4085e-19,31237.5,0.000128364,0.016209,0.158062,157.942,-3.56028e-20,221682
6,303,11173.6,1.45307e-6,0.00146082,0.00117236,1.17128,-2.07405e-24,31238.2,7.4035e-7,0.000232585,0.00257818,2.57613,-1.15225e-25,133032,11173.5,1.45172e-6,0.00137255,0.00110224,1.10122,-9.7849e-25,31238.1,7.13162e-7,0.000218535,0.00241429,2.41237,-5.43605e-26,133032,11169.1,1.56559e-6,0.00211948,0.00158761,1.58614,4.43851e-24,31237.5,9.3785e-7,0.000337238,0.00347774,3.47498,2.46584e-25,133032
9,303,11173.6,3.07913e-10,3.49159e-6,2.84615e-6,0.00284344,3.22354e-33,31238.2,8.91733e-10,5.65207e-7,6.37226e-6,0.00636676,1.79086e-34,58.4418,11173.5,2.96825e-10,3.15544e-6,2.57635e-6,0.0025739,-3.94406e-34,31238.1,8.17625e-10,5.10886e-7,5.74597e-6,0.00574102,-2.19115e-35,58.4418,11169.1,4.02175e-10,6.11725e-6,4.63537e-6,0.00463096,1.03046e-32,31237.5,1.41086e-9,9.88336e-7,1.03251e-5,0.0103162,5.72477e-34,58.4418
14,303,11173.6,5.10616e-15,1.49092e-10,1.21692e-10,1.21576e-7,1.15465e-41,31238.2,3.21659e-14,2.46136e-11,2.78225e-10,2.77979e-7,6.41473e-43,67.5558,11173.5,4.33997e-15,1.25718e-10,1.02797e-10,1.02699e-7,2.66384e-44,31238.1,2.73764e-14,2.07649e-11,2.342e-10,2.33993e-7,1.47991e-45,67.5558,11169.1,1.12201e-14,3.57509e-10,2.71125e-10,2.70865e-7,-1.65509e-41,31237.5,7.06499e-14,5.88127e-11,6.15595e-10,6.1505e-7,-9.19497e-43,67.5558
20,303,11173.6,-1.78293e-18,-5.26462e-14,-4.29717e-14,-4.29305e-11,4.20259e-48,31238.2,-1.14353e-17,-8.76291e-15,-9.90575e-14,-9.89699e-11,2.33478e-49,78.4927,11173.5,-4.90492e-18,-1.42809e-13,-1.16773e-13,-1.16662e-10,-3.26795e-51,31238.1,-3.13345e-17,-2.37806e-14,-2.68221e-13,-2.67984e-10,-1.81553e-52,78.4927,11169.1,-1.87512e-18,-5.9912e-14,-4.54357e-14,-4.53921e-11,-2.96715e-49,31237.5,-1.18676e-17,-9.8829e-15,-1.03446e-13,-1.03354e-10,-1.64841e-50,78.4927
0,304,11250,0,0,0,0,9.8325e+9,31250,0,0,0,0,5.4625e+8,197514,11250,0,0,0,0,9.8325e+9,31250,0,0,0,0,5.4625e+8,197514,11250,0,0,0,0,9.8325e+9,31250,0,0,0,0,5.4625e+8,197514
1,304,11111.3,8.1148,48.8053,14.5158,14502.4,20.267,31228.5,1.26665,7.58274,31.3364,31311.6,1.12594,182334,11128.4,7.11729,43.4006,12.7045,12692.6,20.2671,31231.1,1.10934,6.73729,27.2982,27275.9,1.12595,182334,11116.4,7.81612,48.8113,14.1809,14167.7,20.267,31229.3,1.21953,7.58159,30.4865,30462.1,1.12594,182334
2,304,11111.3,0.404692,12.9263,5.92823,5923.03,4.48133e-8,31228.4,0.0671885,2.01674,12.8287,12820.4,2.48963e-9,167153,11128.4,0.354875,11.7164,5.2628,5258.1,4.48456e-8,31231.1,0.0584078,1.82531,11.3317,11323.8,2.49142e-9,167153,11116.4,0.389797,13.6188,6.02068,6015.37,4.48176e-8,31229.2,0.0646768,2.12352,12.9729,12964.2,2.48987e-9,167153
3,304,11111.3,0.0203315,2.84206,1.49386,1492.59,9.55237e-14,31228.4,0.00446244,0.446714,3.24974,3247.83,5.30687e-15,151973,11128.4,0.0178125,2.63304,1.35062,1349.44,7.7437e-14,31231.1,0.00378194,0.412792,2.9212,2919.33,4.30205e-15,151973,11116.4,0.0195916,3.17838,1.59486,1593.49,5.00579e-14,31229.2,0.0043412,0.498922,3.45317,3451.05,2.78099e-15,151973
4,304,11111.3,0.00105212,0.601996,0.330851,330.571,-2.01344e-19,31228.4,0.000467037,0.0954837,0.725243,724.829,-1.11858e-20,136792,11128.4,0.000918862,0.570774,0.305506,305.241,-1.01146e-19,31231.1,0.000383467,0.0901694,0.665058,664.64,-5.61922e-21,136792,11116.4,0.00101779,0.717011,0.374178,373.857,-4.70035e-22,31229.2,0.000475417,0.113462,0.815774,815.284,-2.6113e-23,136792
6,304,11111.3,4.51766e-6,0.0264971,0.0148301,14.8173,-1.132e-30,31228.4,1.30799e-5,0.00428088,0.0330989,33.0784,-6.2889e-32,82107.8,11128.4,3.87431e-6,0.0263413,0.0143395,14.3269,6.16891e-30,31231.1,1.08173e-5,0.00422607,0.0316921,31.6709,3.42717e-31,82107.8,11116.4,4.79401e-6,0.0358994,0.0190149,18.9983,7.70745e-30,31229.2,1.52485e-5,0.00577301,0.0421202,42.0929,4.28191e-31,82107.8
9,304,11111.3,1.4423e-8,0.000243498,0.000136516,0.136393,-3.09876e-44,31228.4,9.02565e-8,4.0244e-5,0.000312124,0.311902,-1.72153e-45,80.7738,11128.4,1.28888e-8,0.000259999,0.00014175,0.14162,1.75277e-43,31231.1,7.95506e-8,4.25123e-5,0.000319663,0.319422,9.7376e-45,80.7738,11116.4,2.04526e-8,0.000400624,0.000212461,0.212269,6.98957e-41,31229.2,1.27554e-7,6.57071e-5,0.000480577,0.480224,3.88309e-42,80.7738
14,304,11111.3,5.30398e-12,9.81387e-8,5.50241e-8,5.49744e-5,8.59958e-54,31228.4,3.50234e-11,1.67286e-8,1.29832e-7,0.000129738,4.77755e-55,66.4837,11128.4,5.34688e-12,1.18054e-7,6.43651e-8,6.43061e-5,-4.92536e-52,31231.1,3.46191e-11,1.98069e-8,1.49017e-7,0.000148903,-2.73631e-53,66.4837,11116.4,1.05e-11,2.23224e-7,1.18386e-7,0.000118278,-2.09172e-51,31229.2,6.8325e-11,3.76051e-8,2.75191e-7,0.000274984,-1.16206e-52,66.4837
20,304,11111.3,4.95225e-16,9.16423e-12,5.13817e-12,5.13353e-9,-4.87952e-61,31228.4,3.3822e-15,1.61563e-12,1.25391e-11,1.25299e-8,-2.71085e-62,49.3356,11128.4,4.8546e-16,1.07199e-11,5.84468e-12,5.83932e-9,-8.63014e-59,31231.1,3.25163e-15,1.86056e-12,1.3998e-11,1.39872e-8,-4.79452e-60,49.3356,11116.4,1.44543e-15,3.07324e-11,1.62988e-11,1.62839e-8,2.59066e-59,31229.2,9.68224e-15,5.32947e-12,3.90006e-11,3.89713e-8,1.43925e-60,49.3356
0,305,11250,0,0,0,0,9.8325e+9,31250,0,0,0,0,5.4625e+8,156208,11250,0,0,0,0,9.8325e+9,31250,0,0,0,0,5.4625e+8,156208,11250,0,0,0,0,9.8325e+9,31250,0,0,0,0,5.4625e+8,156208
1,305,11182.8,3.93256,18.0739,5.86114,5855.51,20.2668,31239.6,0.610051,2.79844,12.6133,12602,1.12593,143493,11185.8,3.75974,17.7859,5.64845,5643,20.2691,31240.1,0.583106,2.75341,12.1063,12095.5,1.12606,143493,11180.7,4.05565,19.2294,6.1024,6096.54,20.2667,31239.3,0.629249,2.97762,13.0822,13070.6,1.12593,143493
2,305,11182.8,0.195906,3.32957,1.84139,1839.68,4.48116e-8,31239.6,0.0310633,0.516798,3.96767,3964.46,2.48953e-9,130779,11185.8,0.187294,3.4036,1.82288,1821.18,4.42464e-8,31240.1,0.0296753,0.528107,3.91158,3908.37,2.45813e-9,130779,11180.7,0.202045,3.6909,1.97355,1971.72,4.48007e-8,31239.3,0.0320805,0.572928,4.23623,4232.82,2.48893e-9,130779
3,305,11182.8,0.00977678,0.481022,0.33221,331.908,1.44406e-13,31239.6,0.00168629,0.0750482,0.717999,717.458,8.02257e-15,118064,11185.8,0.0093472,0.513914,0.340119,339.807,1.48865e-13,31240.1,0.0016117,0.0801139,0.731896,731.334,8.27026e-15,118064,11180.7,0.0100854,0.559241,0.369216,368.88,1.54742e-13,31239.3,0.00175433,0.0872478,0.794934,794.337,8.5968e-15,118064
4,305,11182.8,0.000490285,0.0648546,0.0497146,49.6699,-7.45871e-19,31239.6,0.000105313,0.0101941,0.107999,107.921,-4.14373e-20,105349,11185.8,0.000468901,0.0727079,0.0529608,52.9128,-6.43184e-19,31240.1,0.000101521,0.0114099,0.114501,114.416,-3.57324e-20,105349,11180.7,0.000506263,0.0794223,0.0576735,57.6216,-6.82327e-19,31239.3,0.00011233,0.0124794,0.1248,124.71,-3.79071e-20,105349
6,305,11182.8,1.29813e-6,0.00111379,0.000918566,0.917742,8.77827e-25,31239.6,7.6674e-7,0.00017829,0.00202607,2.02463,4.87682e-26,63224.1,11185.8,1.25178e-6,0.00138307,0.00107345,1.07248,-1.95926e-24,31240.1,7.94442e-7,0.000220512,0.00235248,2.35074,-1.08848e-25,63224.1,11180.7,1.36051e-6,0.00152301,0.00117758,1.17652,-2.3446e-24,31239.3,9.20188e-7,0.000243408,0.00258557,2.58371,-1.30256e-25,63224.1
9,305,11182.8,3.28209e-10,2.44123e-6,2.04956e-6,0.00204769,2.02934e-33,31239.6,1.14829e-9,4.0135e-7,4.64269e-6,0.00463918,1.12741e-34,37.2153,11185.8,3.63073e-10,3.54904e-6,2.79307e-6,0.0027905,1.40041e-32,31240.1,1.39564e-9,5.78869e-7,6.26323e-6,0.00625834,7.78008e-34,37.2153,11180.7,4.16823e-10,3.95693e-6,3.10143e-6,0.0030986,3.57052e-33,31239.3,1.66737e-9,6.47972e-7,6.97912e-6,0.00697378,1.98362e-34,37.2153
14,305,11182.8,6.31562e-15,9.12683e-11,7.6751e-11,7.66805e-8,-1.05171e-43,31239.6,4.08443e-14,1.55909e-11,1.80817e-10,1.80677e-7,-5.84282e-45,45.7278,11185.8,9.95804e-15,1.70647e-10,1.34445e-10,1.3432e-7,4.12984e-41,31240.1,6.37835e-14,2.87593e-11,3.11756e-10,3.11508e-7,2.29436e-42,45.7278,11180.7,1.21199e-14,1.94293e-10,1.52448e-10,1.52307e-7,-4.11126e-43,31239.3,7.81326e-14,3.29493e-11,3.55565e-10,3.55287e-7,-2.28404e-44,45.7278
20,305,11182.8,-2.5171e-17,-3.62303e-13,-3.04671e-13,-3.04391e-10,1.05097e-47,31239.6,-1.61241e-16,-6.153e-14,-7.13582e-13,-7.13029e-10,5.83874e-49,55.9428,11185.8,1.37418e-17,2.36504e-13,1.86332e-13,1.86159e-10,-1.39265e-45,31240.1,8.95642e-17,4.03984e-14,4.37937e-13,4.37588e-10,-7.73695e-47,55.9428,11180.7,7.81526e-17,1.2572e-12,9.86446e-13,9.85538e-10,7.99586e-47,31239.3,5.10603e-16,2.15394e-13,2.32443e-12,2.32261e-9,4.44214e-48,55.9428
0,306,7500,0,0,0,0,6.555e+9,22727.3,0,0,0,0,3.97273e+8,258440,7500,0,0,0,0,6.555e+9,22727.3,0,0,0,0,3.97273e+8,258440,7500,0,0,0,0,6.555e+9,22727.3,0,0,0,0,3.97273e+8,258440
1,306,7476.24,1.39255,7.29245,2.26596,2263.75,13.5112,22722.9,0.25653,1.34166,5.79518,5789.77,0.818861,274388,7476.04,1.40408,7.31683,2.25107,2248.87,13.5112,22722.9,0.258655,1.34616,5.73463,5729.28,0.818861,274388,7474.96,1.46723,8.08508,2.44318,2440.79,13.5112,22722.7,0.270336,1.48762,6.22446,6218.66,0.818861,274388
2,306,7476.23,0.0693609,1.60037,0.806671,805.897,2.74967e-8,22722.9,0.0130054,0.29487,2.06465,2062.83,1.66647e-9,290335,7476.04,0.0699353,1.59509,0.797538,796.773,2.74968e-8,22722.9,0.01311,0.2939,2.0333,2031.52,1.66647e-9,290335,7474.96,0.0730843,1.90141,0.914533,913.656,2.74965e-8,22722.7,0.0137321,0.350369,2.33179,2329.76,1.66646e-9,290335
3,306,7476.23,0.00346098,0.283195,0.170366,170.204,3.1949e-14,22722.9,0.000707513,0.052342,0.436891,436.526,1.9363e-15,306282,7476.04,0.00348952,0.280099,0.167411,167.253,3.37349e-14,22722.9,0.000712105,0.05177,0.427635,427.279,2.04454e-15,306282,7474.96,0.00364822,0.364501,0.205948,205.753,2.22809e-14,22722.7,0.000757961,0.0673694,0.526131,525.694,1.35036e-15,306282
4,306,7476.23,0.000173866,0.0475763,0.0306991,30.6704,1.9176e-19,22722.9,4.72779e-5,0.00883325,0.0789861,78.9228,1.16218e-20,322229,7476.04,0.000175268,0.0466682,0.0299509,29.9229,1.95974e-19,22722.9,4.73044e-5,0.00866478,0.076759,76.6977,1.18772e-20,322229,7474.96,0.000183691,0.0667255,0.0400125,39.9751,1.28638e-18,22722.7,5.37449e-5,0.0123855,0.10255,102.468,7.79627e-20,322229
6,306,7476.23,4.74893e-7,0.00129791,0.000869732,0.868911,4.80575e-26,22722.9,4.60687e-7,0.000243451,0.00225887,2.257,2.91257e-27,193385,7476.04,4.77194e-7,0.00125137,0.00083484,0.834053,5.41261e-26,22722.9,4.50256e-7,0.000234738,0.00215981,2.15802,3.28037e-27,193385,7474.96,5.22584e-7,0.00217529,0.00134271,1.34144,1.15015e-23,22722.7,6.57815e-7,0.00040757,0.00347186,3.46896,6.9706e-25,193385
9,306,7476.23,1.67782e-10,5.7809e-6,3.89589e-6,0.00389211,-2.01837e-33,22722.9,9.25532e-10,1.0956e-6,1.02398e-5,0.0102305,-1.22325e-34,118.921,7476.04,1.62421e-10,5.42925e-6,3.64366e-6,0.00364012,-5.10914e-33,22722.9,8.76182e-10,1.0291e-6,9.54036e-6,0.00953168,-3.09644e-34,118.921,7474.96,2.79271e-10,1.2697e-5,7.86583e-6,0.00785818,1.13046e-31,22722.7,1.78286e-9,2.40095e-6,2.05567e-5,0.0205379,6.85128e-33,118.921
14,306,7476.23,1.12593e-14,6.96658e-10,4.69621e-10,4.69163e-7,4.05627e-42,22722.9,9.06656e-14,1.334e-10,1.24816e-9,1.247e-6,2.45834e-43,98.8403,7476.04,1.02146e-14,6.26236e-10,4.20398e-10,4.19988e-7,-1.82596e-42,22722.9,8.19344e-14,1.19939e-10,1.11316e-9,1.11213e-6,-1.10664e-43,98.8403,7474.96,3.48134e-14,2.40131e-9,1.48782e-9,1.48637e-6,-4.85652e-42,22722.7,2.78777e-13,4.58272e-10,3.92675e-9,3.9231e-6,-2.94335e-43,98.8403
20,306,7476.23,2.06787e-18,1.282e-13,8.64208e-14,8.63364e-11,3.77373e-50,22722.9,1.67761e-17,2.46959e-14,2.3107e-13,2.30855e-10,2.28711e-51,74.7431,7476.04,6.03242e-19,3.70637e-14,2.48813e-14,2.4857e-11,1.21369e-51,22722.9,4.89053e-18,7.16168e-15,6.64685e-14,6.6407e-11,7.35566e-53,74.7431,7474.96,-1.19816e-17,-8.26882e-13,-5.12326e-13,-5.11826e-10,2.55278e-49,22722.7,-9.61656e-17,-1.58091e-13,-1.35462e-12,-1.35336e-9,1.54714e-50,74.7431
