time,id,TT_SAEM,I1T_SAEM,I2T_SAEM,VIT_SAEM,VNIT_SAEM,ViniT_SAEM,TN_SAEM,I1N_SAEM,I2N_SAEM,VIN_SAEM,VNIN_SAEM,ViniN_SAEM,Marker_SAEM,TT_mean,I1T_mean,I2T_mean,VIT_mean,VNIT_mean,ViniT_mean,TN_mean,I1N_mean,I2N_mean,VIN_mean,VNIN_mean,ViniN_mean,Marker_mean,TT_mode,I1T_mode,I2T_mode,VIT_mode,VNIT_mode,ViniT_mode,TN_mode,I1N_mode,I2N_mode,VIN_mode,VNIN_mode,ViniN_mode,Marker_mode
0,101,7500,0,0,0,0,6.555e+9,22727.3,0,0,0,0,3.97273e+8,1.05997e+6,7500,0,0,0,0,6.555e+9,22727.3,0,0,0,0,3.97273e+8,1.05997e+6,7500,0,0,0,0,6.555e+9,22727.3,0,0,0,0,3.97273e+8,1.05997e+6
1,101,-4.73191e-9,373.408,3249.05,399.913,399513,13.509,3.7811e-41,1131.78,9846.16,16880.8,1.68639e+7,0.818684,832748,4.39811e-9,373.408,3276.83,401.031,400630,13.5106,-3.80053e-26,1131.76,9930.3,16786.6,1.67698e+7,0.818776,832748,1.69752e-9,373.408,3249.27,398.699,398300,13.5116,-1.2573e-35,1131.78,9846.82,16688.9,1.66722e+7,0.81884,832748
2,101,-3.92988e-9,18.5909,1192.28,203.022,202819,2.75089e-8,1.48869e-44,56.3482,3613.25,8570.28,8.56171e+6,1.66711e-9,605524,3.59778e-9,18.5909,1216.25,205.425,205219,2.7505e-8,-8.47721e-30,56.3471,3685.87,8599.21,8.59061e+6,1.66688e-9,605524,1.40904e-9,18.5909,1192.47,202.42,202218,2.75024e-8,-5.16737e-39,56.3479,3613.82,8473.48,8.46501e+6,1.66672e-9,605524
3,101,-3.91368e-9,0.925597,386.215,70.9879,70916.9,-7.94518e-15,1.25038e-44,2.80544,1170.44,2996.68,2.99368e+6,-4.81499e-16,378300,3.58179e-9,0.925596,399,72.6469,72574.2,-1.5156e-14,-7.03517e-30,2.80539,1209.18,3041.07,3.03803e+6,-9.18497e-16,378300,1.40329e-9,0.925597,386.315,70.7838,70713,-7.99174e-15,-4.35387e-39,2.80543,1170.75,2963.1,2.96014e+6,-4.84321e-16,378300
4,101,-3.9134e-9,0.0460826,122.899,22.9834,22960.4,-5.88159e-21,1.24666e-44,0.139674,372.451,970.222,969252,-3.5644e-22,151076,3.58152e-9,0.0460826,128.635,23.8174,23793.6,-1.12326e-20,-7.01283e-30,0.139672,389.832,997.023,996026,-6.80725e-22,151076,1.40319e-9,0.0460826,122.943,22.9196,22896.7,-5.91663e-21,-4.34131e-39,0.139674,372.586,959.446,958487,-3.58564e-22,151076
6,101,-3.91338e-9,0.00011423,12.371,2.32357,2321.25,7.74728e-30,1.24641e-44,0.000346225,37.4909,98.0875,97989.4,4.69505e-31,203887,3.5815e-9,0.000114229,13.2935,2.4716,2469.13,1.09306e-29,-7.0113e-30,0.000346218,40.2864,103.464,103361,6.62426e-31,203887,1.40318e-9,0.00011423,12.3781,2.31761,2315.29,7.76865e-30,-4.34046e-39,0.000346223,37.5123,97.0183,96921.2,4.70801e-31,203887
9,101,-3.91338e-9,1.416e-8,0.39474,0.0741541,74.08,-3.94293e-38,1.24635e-44,4.29182e-8,1.19628,3.13035,3127.22,-2.38952e-39,283103,3.58149e-9,1.4173e-8,0.441269,0.0820559,81.9739,-1.16582e-38,-7.01093e-30,4.2957e-8,1.33728,3.43495,3431.52,-7.06517e-40,283103,1.40318e-9,1.416e-8,0.395091,0.0739871,73.9131,-3.96087e-38,-4.34027e-39,4.29181e-8,1.19734,3.0972,3094.1,-2.40039e-39,283103
14,101,-3.91338e-9,4.44159e-15,0.00126714,0.00023804,0.237802,-1.4645e-46,1.24635e-44,1.34644e-14,0.00384013,0.0100486,10.0386,-8.87524e-48,296957,3.58149e-9,4.3464e-15,0.00151287,0.000281325,0.281044,6.37942e-48,-7.01091e-30,1.31711e-14,0.0045848,0.0117766,11.7648,3.8661e-49,296957,1.40318e-9,4.44259e-15,0.00126893,0.000237628,0.237391,-1.47072e-46,-4.34025e-39,1.34645e-14,0.00384556,0.00994745,9.9375,-8.91297e-48,296957
20,101,-3.91338e-9,-8.21045e-22,1.29012e-6,2.42356e-7,0.000242114,1.50555e-56,1.24635e-44,2.097e-22,3.90977e-6,1.02309e-5,0.0102206,9.12401e-58,313581,3.58149e-9,1.15183e-21,1.66694e-6,3.09976e-7,0.000309666,7.65168e-57,-7.01091e-30,2.04151e-22,5.05172e-6,1.29759e-5,0.012963,4.63712e-58,313581,1.40318e-9,3.81493e-22,1.29276e-6,2.4209e-7,0.000241848,1.40196e-56,-4.34025e-39,2.09775e-22,3.91776e-6,1.01342e-5,0.0101241,8.49625e-58,313581
0,102,11250,0,0,0,0,9.8325e+9,31250,0,0,0,0,5.4625e+8,552049,11250,0,0,0,0,9.8325e+9,31250,0,0,0,0,5.4625e+8,552049,11250,0,0,0,0,9.8325e+9,31250,0,0,0,0,5.4625e+8,552049
1,102,7.89962e-7,564.236,6076.21,698.504,697805,20.2667,2059.8,4099.42,15486,19138.8,2.1937e+7,1.12522,673531,1.24226e-6,564.324,6156.78,702.778,702075,20.2677,2211.72,4141.1,15552.8,18826.1,2.16773e+7,1.12527,673531,1.58798e-6,564.373,6106.1,698.72,698022,20.2667,2307.95,4155.69,15383.8,18588.8,2.14609e+7,1.12521,673531
2,102,5.84956e-7,28.0917,2994.04,449.842,449392,4.18288e-8,0.0282021,397.13,10256.5,19474,1.97877e+7,2.32214e-9,795014,9.18369e-7,28.0961,3087.98,459.224,458765,4.18528e-8,0.0336721,416.277,10577.2,19662.8,1.99959e+7,2.32342e-9,795014,1.18159e-6,28.0985,3028.6,452.427,451975,4.18646e-8,0.0453507,429.163,10452.7,19436.8,1.97834e+7,2.32405e-9,795014
3,102,2.72621e-7,1.3986,1340.49,211.4,211188,2.13347e-16,1.32552e-9,19.7736,4754.37,10248.6,1.0255e+7,1.1844e-17,916496,4.18617e-7,1.39882,1409.46,219.714,219494,9.12646e-17,-3.79013e-11,20.7272,5002.72,10568.9,1.05759e+7,5.06648e-18,916496,5.52104e-7,1.39895,1365.68,214.031,213817,5.27066e-16,-1.53147e-9,21.3695,4893.48,10382.5,1.03904e+7,2.92593e-17,916496
4,102,4.9069e-8,0.0696328,594.133,94.4513,94356.9,-2.54375e-22,-5.58537e-11,0.984475,2115.23,4669.39,4.66555e+6,-1.41217e-23,1.03798e+6,6.84644e-8,0.0696433,637.077,100.074,99973.9,-4.68392e-23,2.99891e-11,1.03195,2269.86,4909.94,4.90591e+6,-2.60023e-24,1.03798e+6,9.7586e-8,0.0696498,609.71,96.3109,96214.6,-3.26414e-22,9.30869e-10,1.06393,2193.57,4770.46,4.76659e+6,-1.81203e-23,1.03798e+6
6,102,1.74969e-8,0.000172616,116.437,18.5359,18517.4,-1.3094e-30,1.48953e-8,0.00244046,414.733,919.601,918684,-7.26918e-32,799085,2.26316e-8,0.000172634,129.866,20.426,20405.6,1.39724e-31,1.0939e-9,0.002558,462.916,1005.67,1.00467e+6,7.75667e-33,799085,3.41936e-8,0.000172648,121.244,19.1777,19158.5,2.16472e-35,2.23914e-8,0.00263726,436.421,953.466,952515,1.20171e-36,799085
9,102,1.73442e-8,2.1648e-8,10.0995,1.60781,1606.2,7.66344e-36,9.64322e-9,3.06067e-7,35.9733,79.7721,79692.3,4.25438e-37,440747,2.24142e-8,2.17309e-8,11.9496,1.87955,1877.67,-4.54722e-37,6.80089e-10,3.2199e-7,42.5955,92.5455,92453,-2.52435e-38,440747,3.38899e-8,2.14531e-8,10.7489,1.70025,1698.55,1.13178e-41,1.43709e-8,3.27709e-7,38.6914,84.5385,84454,6.28292e-43,440747
14,102,1.73438e-8,9.46238e-15,0.171652,0.0273265,27.2992,8.54656e-43,9.63179e-9,1.95534e-13,0.611406,1.35582,1354.46,4.74465e-44,502770,2.24136e-8,7.59741e-15,0.224107,0.0352496,35.2144,-6.49152e-46,6.79153e-10,1.34961e-14,0.798851,1.73563,1733.89,-3.60371e-47,502770,3.38891e-8,1.23606e-14,0.189471,0.0299703,29.9404,7.97472e-49,1.43533e-8,2.43792e-13,0.682013,1.49016,1488.67,4.42704e-50,502770
20,102,1.73438e-8,9.23e-17,0.00129145,0.000205594,0.205389,2.17755e-51,9.63134e-9,2.54309e-15,0.00459999,0.0102006,10.1904,1.20887e-52,577199,2.24135e-8,1.68511e-16,0.00189751,0.000298458,0.29816,-1.47681e-54,6.79112e-10,2.51398e-16,0.00676386,0.0146956,14.6809,-8.19836e-56,577199,3.38891e-8,1.99988e-16,0.00148924,0.000235566,0.235331,1.93887e-57,1.43526e-8,4.2113e-15,0.00536061,0.0117126,11.7009,1.07633e-58,577199
0,103,7500,0,0,0,0,6.555e+9,22727.3,0,0,0,0,3.97273e+8,387296,7500,0,0,0,0,6.555e+9,22727.3,0,0,0,0,3.97273e+8,387296,7500,0,0,0,0,6.555e+9,22727.3,0,0,0,0,3.97273e+8,387296
1,103,1615,324.894,1728.64,237.008,237077,13.5115,20661.3,135.525,622.459,1138.72,1.156e+6,0.818824,330600,1499.15,330.542,1725.72,237.583,237645,13.5112,20564.9,142.124,638.925,1161.55,1.18002e+6,0.818803,330600,1642.08,323.557,1740.72,237.024,237093,13.5115,20683.5,133.797,622.501,1122.45,1.13922e+6,0.818826,330600
2,103,1614.56,16.2657,365.904,81.1155,81139.7,2.63247e-8,20633.6,12.5456,147.119,422.601,428888,1.59528e-9,273903,1498.73,16.5433,355.511,79.7026,79724.3,2.64321e-8,20535.7,13.1556,147.621,423.726,430353,1.60179e-9,273903,1641.64,16.1998,374.08,82.0208,82044.8,2.63289e-8,20656.5,12.323,148.89,420.42,426547,1.59554e-9,273903
3,103,1614.5,0.820148,62.6436,16.6312,16630.2,2.67447e-13,20629.7,1.35347,28.2921,96.1561,97122.1,1.62075e-14,217207,1498.68,0.833304,59.0033,15.944,15942.8,2.72823e-13,20531.7,1.40284,27.673,94.4426,95446.4,1.65332e-14,217207,1641.58,0.817032,65.1691,17.0513,17050,2.65697e-13,20652.7,1.32994,29.0101,96.6952,97640.2,1.61014e-14,217207
4,103,1614.5,0.041741,10.1695,2.90653,2905.31,-1.04738e-18,20629.3,0.138269,5.01228,18.5401,18645.2,-6.34715e-20,160511,1498.67,0.0423126,9.26356,2.70733,2706.18,1.19375e-19,20531.3,0.140739,4.76523,17.7742,17882,7.23426e-21,160511,1641.58,0.0416116,10.7798,3.0287,3027.39,-1.07471e-18,20652.3,0.136474,5.216,18.8801,18983.3,-6.5128e-20,160511
6,103,1614.5,0.000126863,0.258415,0.0769887,76.9393,4.80459e-27,20629.3,0.0024442,0.142362,0.562164,564.008,2.91163e-28,160173,1498.67,0.000124925,0.219514,0.0671697,67.1264,-3.55171e-28,20531.3,0.00234582,0.127185,0.509062,510.859,-2.15241e-29,160173,1641.58,0.000127966,0.284846,0.0832314,83.1772,3.34172e-25,20652.3,0.00247344,0.153111,0.589997,591.842,2.0251e-26,160173
9,103,1614.5,1.17148e-7,0.00103331,0.000309907,0.309702,-3.26191e-35,20629.3,1.09216e-5,0.000660255,0.00263553,2.6438,-1.97675e-36,159666,1498.67,9.41197e-8,0.000789081,0.000243375,0.243213,-4.04339e-36,20531.3,9.52273e-6,0.00053606,0.00217204,2.17938,-2.45038e-37,159666,1641.58,1.29609e-7,0.00120888,0.00035537,0.355132,-1.04708e-32,20652.3,1.16175e-5,0.000747068,0.00290786,2.91655,-6.34539e-34,159666
14,103,1614.5,7.9876e-12,1.03915e-7,3.11801e-8,3.11569e-5,5.42408e-45,20629.3,1.05032e-9,8.27578e-8,3.33422e-7,0.000334138,3.28705e-46,134169,1498.67,5.20977e-12,6.64228e-8,2.04982e-8,2.04829e-5,-2.84356e-46,20531.3,7.80735e-10,5.71823e-8,2.34053e-7,0.000234599,-1.72325e-47,134169,1641.58,9.8518e-12,1.3428e-7,3.94899e-8,3.94602e-5,-1.2536e-42,20652.3,1.2139e-9,1.02042e-7,4.00669e-7,0.000401481,-7.59684e-44,134169
20,103,1614.5,1.79779e-16,3.24745e-12,9.74518e-13,9.73723e-10,7.54791e-54,20629.3,2.62285e-14,2.85387e-12,1.15845e-11,1.15991e-8,4.57411e-55,103572,1498.67,6.74961e-17,1.27611e-12,3.93865e-13,3.93538e-10,-1.08065e-52,20531.3,1.21953e-14,1.29088e-12,5.33587e-12,5.34272e-9,-6.54894e-54,103572,1641.58,1.51829e-16,2.95509e-12,8.69165e-13,8.68448e-10,-7.28122e-53,20652.3,2.22129e-14,2.62519e-12,1.04075e-11,1.04192e-8,-4.41237e-54,103572
0,104,11250,0,0,0,0,9.8325e+9,31250,0,0,0,0,5.4625e+8,207751,11250,0,0,0,0,9.8325e+9,31250,0,0,0,0,5.4625e+8,207751,11250,0,0,0,0,9.8325e+9,31250,0,0,0,0,5.4625e+8,207751
1,104,7363.65,223.999,1946.32,224.105,224230,20.2676,30514.6,46.2665,368.822,583.916,587084,1.12596,201261,7265.28,229.555,1998.89,229.344,229478,20.2675,30491.4,47.7916,381.112,596.008,599358,1.12595,201261,7219.76,232.124,2027.46,232.426,232565,20.2675,30480.5,48.5312,387.68,605.658,609116,1.12595,201261
2,104,7362.6,11.4398,847.96,133.742,133913,4.42371e-8,30503.1,5.46828,168.131,359.516,362505,2.45753e-9,194770,7264.18,11.7286,872.976,137.118,137299,4.42204e-8,30479.3,5.71274,174.292,367.844,371002,2.45659e-9,194770,7218.64,11.8636,889.035,139.402,139588,4.42086e-8,30468,5.85892,178.108,375.14,378406,2.45594e-9,194770
3,104,7362.13,0.687046,327.494,55.0934,55170.8,-1.1002e-16,30497.8,1.62546,69.0887,156.19,157553,-6.11198e-18,188279,7263.7,0.706631,338.08,56.6241,56705.9,-4.25663e-17,30473.7,1.71349,71.8855,160.344,161787,-2.36472e-18,188279,7218.15,0.716734,345.848,57.8028,57887.1,1.63578e-17,30462.2,1.77401,73.8368,164.293,165791,9.08687e-19,188279
4,104,7361.96,0.076405,124.662,21.2363,21263.8,-3.45813e-25,30495.8,0.597014,28.0238,64.0754,64602.5,-1.92108e-26,181788,7263.52,0.0793493,129.053,21.886,21915.1,-1.36273e-25,30471.6,0.63208,29.2671,66.0218,66581.9,-7.57036e-27,181788,7217.96,0.0812653,132.627,22.4417,22471.8,5.7774e-26,30460,0.658295,30.2182,67.9935,68577.6,3.20934e-27,181788
6,104,7361.81,0.0212156,18.0176,3.06091,3078.97,-4.15017e-32,30493.8,0.297465,4.96143,10.7809,11067.2,-2.30596e-33,290433,7263.36,0.0224369,18.7586,3.17207,3191.24,-2.09584e-31,30469.4,0.319101,5.2284,11.1941,11501.7,-1.16431e-32,290433,7217.8,0.0233632,19.4574,3.28263,3302.62,1.3062e-33,30457.7,0.336121,5.45887,11.6516,11975.7,7.2517e-35,290433
9,104,7361.69,0.00967897,1.01993,0.163207,172.713,5.56975e-42,30491.3,0.321117,1.09706,1.58629,1905.5,3.10182e-43,453402,7263.23,0.0104131,1.07171,0.170398,180.63,4.80849e-41,30466.7,0.355506,1.19524,1.68706,2040.52,2.67467e-42,453402,7217.66,0.0109938,1.12732,0.178765,189.569,-4.85721e-43,30454.8,0.382403,1.27821,1.79435,2174.57,-2.69829e-44,453402
14,104,7361.67,2.15997e-5,0.00882195,0.0014829,1.503,3.14701e-53,30489.5,0.0145903,0.15099,0.295744,310.024,1.75412e-54,309452,7263.21,2.34818e-5,0.00942105,0.0015759,1.59779,5.73895e-52,30464.7,0.0171303,0.174427,0.336083,352.86,3.19784e-53,309452,7217.64,2.53575e-5,0.0101448,0.00169299,1.71662,-4.11863e-54,30452.6,0.0192123,0.19425,0.373015,391.835,-2.2975e-55,309452
20,104,7361.67,6.91923e-9,2.67685e-5,4.57616e-6,0.0045785,2.97039e-60,30489.5,1.39619e-5,0.00100039,0.00231529,2.32692,1.65623e-61,136712,7263.21,7.58108e-9,2.9081e-5,4.94919e-6,0.00495182,4.03668e-59,30464.6,1.68054e-5,0.00118991,0.00271758,2.73165,2.25044e-60,136712,7217.64,8.41796e-9,3.21979e-5,5.46716e-6,0.0054701,-1.90344e-61,30452.6,1.95259e-5,0.00137093,0.00312327,3.13965,-1.06262e-62,136712
0,105,11250,0,0,0,0,9.8325e+9,31250,0,0,0,0,5.4625e+8,149358,11250,0,0,0,0,9.8325e+9,31250,0,0,0,0,5.4625e+8,149358,11250,0,0,0,0,9.8325e+9,31250,0,0,0,0,5.4625e+8,149358
1,105,9339.44,111.448,850.525,101.402,101418,20.269,30926.6,19.7805,144.133,237.658,238333,1.12605,171010,9320.54,112.544,863.772,102.485,102503,20.269,30923.1,19.9976,146.512,238.4,239088,1.12605,171010,9366.67,109.873,844.002,100.106,100121,20.269,30931.7,19.4528,142.809,232.344,232990,1.12604,171010
2,105,9339.02,5.67067,313.242,53.1034,53178,4.47267e-8,30923.3,1.94248,54.9446,126.888,127763,2.48477e-9,192663,9320.11,5.72836,320.648,54.0015,54078.5,4.47244e-8,30919.7,1.97258,56.2893,128.063,128957,2.48464e-9,192663,9366.26,5.58995,313.752,52.8101,52882.6,4.47304e-8,30928.5,1.89638,54.8947,124.894,125740,2.48497e-9,192663
3,105,9338.78,0.343613,100.24,18.4567,18505.8,-2.9322e-15,30921.4,0.596296,18.8308,46.2638,46766.5,-1.62896e-16,214315,9319.87,0.34861,103.526,18.9172,18968.1,5.79415e-17,30917.8,0.612136,19.4573,47.0531,47570.3,3.21888e-18,214315,9366.03,0.339044,101.456,18.526,18574.4,2.73057e-16,30926.7,0.582695,18.971,45.8968,46387.1,1.51695e-17,214315
4,105,9338.68,0.0436445,31.4605,5.89548,5919.46,2.07479e-23,30920.6,0.261468,6.53308,16.0091,16251.9,1.15263e-24,235968,9319.76,0.0450805,32.7914,6.09586,6120.94,-1.26073e-25,30916.9,0.271175,6.80928,16.4197,16671.8,-7.00386e-27,235968,9365.93,0.0434768,32.1864,5.97906,6002.98,-5.72806e-25,30925.8,0.257638,6.63282,16.0085,16247.6,-3.18218e-26,235968
6,105,9338.64,0.00215994,3.07915,0.580715,582.258,6.93769e-31,30920.2,0.0222788,0.789917,1.95895,1979.25,3.85408e-32,185340,9319.72,0.0022866,3.26942,0.611604,613.243,-4.90389e-33,30916.5,0.0234466,0.837655,2.04436,2065.73,-2.72423e-34,185340,9365.89,0.00219996,3.21926,0.601754,603.317,-2.20406e-32,30925.4,0.0222297,0.814317,1.9887,2008.91,-1.22442e-33,185340
9,105,9338.64,2.43073e-5,0.0938127,0.0177505,17.7571,1.83619e-37,30920.2,0.000319738,0.0283328,0.0728786,73.1252,1.02006e-38,109398,9319.72,2.63551e-5,0.102419,0.0192221,19.2292,-1.4812e-39,30916.5,0.000343758,0.0308433,0.0780642,78.3296,-8.22851e-41,109398,9365.88,2.54698e-5,0.101337,0.019003,19.0094,-6.67535e-39,30925.4,0.000325606,0.0300056,0.0759285,76.1778,-3.70836e-40,109398
14,105,9338.64,5.11371e-8,0.000277815,5.2598e-5,0.0525964,1.4427e-45,30920.2,7.90253e-7,9.58593e-5,0.000248914,0.249454,8.01461e-47,97212.5,9319.72,5.80433e-8,0.000317691,5.96609e-5,0.0596592,-1.51466e-47,30916.5,8.87513e-7,0.000109113,0.000278755,0.279363,-8.41438e-49,97212.5,9365.88,5.65611e-8,0.000316911,5.9463e-5,0.0594601,-6.9282e-47,30925.4,8.44084e-7,0.000106642,0.000272322,0.272893,-3.84883e-48,97212.5
20,105,9338.64,3.89712e-11,2.56622e-7,4.85964e-8,4.85868e-5,-3.01083e-55,30920.2,6.90879e-10,1.01072e-7,2.63201e-7,0.000263628,-1.67259e-56,82590,9319.72,4.67211e-11,3.10215e-7,5.827e-8,5.82584e-5,1.94768e-57,30916.5,8.17979e-10,1.21394e-7,3.1101e-7,0.000311516,1.08199e-58,82590,9365.88,4.59762e-11,3.12502e-7,5.86486e-8,5.86359e-5,1.02688e-56,30925.4,7.82741e-10,1.19392e-7,3.05722e-7,0.000306198,5.70467e-58,82590
0,106,11250,0,0,0,0,9.8325e+9,31250,0,0,0,0,5.4625e+8,371857,11250,0,0,0,0,9.8325e+9,31250,0,0,0,0,5.4625e+8,371857,11250,0,0,0,0,9.8325e+9,31250,0,0,0,0,5.4625e+8,371857
1,106,988.091,554.12,4521.36,547.022,547043,20.2675,27112.9,310.545,1850.16,2923.92,3.00213e+6,1.12585,346086,872.409,558.692,4531.14,548.322,548303,20.2667,26910.4,327.465,1925.25,3009.9,3.09409e+6,1.1258,346086,912.002,557.145,4542.08,548.49,548484,20.2669,26983.1,321.184,1903.82,2973.41,3.05522e+6,1.12581,346086
2,106,986.785,27.9141,1667.71,282.91,282981,4.33345e-8,26912.2,67.0345,812.326,1723.64,1.77747e+6,2.40702e-9,320316,871.201,28.1163,1651.66,280.82,280866,4.32755e-8,26696,71.3299,840.065,1764.29,1.82184e+6,2.40371e-9,320316,910.757,28.049,1669.53,282.799,282854,4.32889e-8,26773.9,69.7234,835.124,1751.03,1.80718e+6,2.40447e-9,320316
3,106,986.395,1.4791,538.866,99.0285,99036.2,1.2383e-16,26842.8,19.9321,318.16,724.55,743170,6.87779e-18,294545,870.845,1.48125,526.844,97.1615,97161.8,1.23351e-16,26622.3,21.1286,326.82,737.331,757107,6.85112e-18,294545,910.387,1.48113,537.466,98.6565,98659,1.23598e-16,26701.7,20.7194,326.711,735.488,754866,6.86483e-18,294545
4,106,986.302,0.0945837,170.844,31.9822,31976.5,-1.09098e-24,26822.9,5.66291,118.477,279.415,284765,-6.05955e-26,268775,870.761,0.0925663,164.831,30.9811,30973.7,-9.03656e-25,26601.4,5.95934,120.729,282.36,288001,-5.01915e-26,268775,910.3,0.0934821,169.757,31.7458,31738.8,-1.08661e-24,26681.1,5.87336,121.444,283.264,288819,-6.03527e-26,268775
6,106,986.273,0.00197809,17.0593,3.20937,3207.96,-6.87816e-36,26815.3,0.523138,15.0306,36.6427,37128.6,-3.82032e-37,247038,870.735,0.00175613,16.0246,3.02743,3025.98,-4.20081e-36,26593.4,0.540587,15.0317,36.3843,36887.9,-2.33326e-37,247038,910.272,0.00186143,16.8224,3.16164,3160.17,1.01714e-35,26673.2,0.539622,15.3331,36.9894,37491.4,5.64954e-37,247038
9,106,986.27,3.70447e-5,0.53758,0.10118,101.116,-1.47749e-42,26814.5,0.0145331,0.613943,1.53209,1545.07,-8.20683e-44,214433,870.733,3.11351e-5,0.48511,0.0916892,91.6286,-1.25088e-42,26592.6,0.0145521,0.594996,1.4756,1488.66,-6.94793e-44,214433,910.27,3.41795e-5,0.524108,0.0985447,98.4803,3.2647e-42,26672.4,0.0148461,0.620943,1.53398,1547.27,1.81339e-43,214433
14,106,986.27,6.25462e-8,0.00168917,0.000317996,0.317741,2.41328e-52,26814.5,3.35217e-5,0.00252285,0.00643529,6.46234,1.34068e-53,168246,870.733,4.90243e-8,0.00142572,0.000269529,0.269308,1.04616e-51,26592.6,3.16431e-5,0.00230726,0.00585418,5.87993,5.81097e-53,168246,910.27,5.64654e-8,0.00161589,0.000303891,0.303643,-1.42345e-51,26672.4,3.36148e-5,0.00250991,0.00634016,6.3674,-7.9071e-53,168246
20,106,986.27,2.99051e-11,1.6756e-6,3.15486e-7,0.0003152,3.80373e-61,26814.5,1.95476e-8,2.97097e-6,7.68543e-6,0.00769727,2.11317e-62,112821,870.733,2.15638e-11,1.30526e-6,2.46787e-7,0.000246561,6.45032e-61,26592.6,1.70873e-8,2.52128e-6,6.49133e-6,0.00650191,3.5829e-62,112821,910.27,2.63068e-11,1.5669e-6,2.94715e-7,0.000294446,-3.9689e-60,26672.4,1.91304e-8,2.89273e-6,7.41192e-6,0.00742362,-2.20469e-61,112821
0,201,11250,0,0,0,0,9.8325e+9,31250,0,0,0,0,5.4625e+8,146812,11250,0,0,0,0,9.8325e+9,31250,0,0,0,0,5.4625e+8,146812,11250,0,0,0,0,9.8325e+9,31250,0,0,0,0,5.4625e+8,146812
1,201,9843.63,81.8582,561.88,69.3462,69321.6,20.2676,31018.3,13.827,92.7076,158.71,158873,1.12597,134313,9850.77,81.4439,558.42,68.7302,68705.5,20.2671,31019.6,13.7464,92.1004,155.931,156089,1.12595,134313,9780.23,85.5278,586.162,72.1615,72137.7,20.2676,31007.1,14.5048,97.0203,164.261,164446,1.12597,134313
2,201,9843.52,4.10365,177.789,32.3289,32326.9,4.47372e-8,31017.5,0.892815,29.8009,74.752,74897.5,2.48537e-9,121815,9850.66,4.08259,176.425,32.0047,32002.6,4.46778e-8,31018.8,0.883747,29.553,73.3463,73487.8,2.48207e-9,121815,9780.11,4.28864,185.025,33.5772,33576.4,4.47191e-8,31006.2,0.943391,31.1299,77.2481,77409.2,2.48437e-9,121815
3,201,9843.48,0.212276,47.9256,9.68136,9681.15,-1.75768e-15,31017.2,0.103165,8.22083,22.8013,22848.1,-9.76481e-17,109316,9850.63,0.211089,47.4757,9.56998,9569.72,-1.71485e-15,31018.5,0.10113,8.13522,22.3322,22377.6,-9.52684e-17,109316,9780.07,0.22211,49.7416,10.0316,10031.8,-1.79784e-15,31005.9,0.110372,8.57141,23.5229,23574.6,-9.98791e-17,109316
4,201,9843.48,0.0124463,12.577,2.61439,2614.13,-1.07131e-20,31017.2,0.0192673,2.20981,6.29932,6310.6,-5.95168e-22,96817.8,9850.62,0.0123502,12.4365,2.57993,2579.65,-1.19403e-20,31018.5,0.0187477,2.18197,6.1569,6167.82,-6.63345e-22,96817.8,9780.06,0.0130763,13.0169,2.70182,2701.64,-1.08247e-20,31005.9,0.0207167,2.29954,6.48681,6499.27,-6.01363e-22,96817.8
6,201,9843.47,0.000131734,0.856527,0.17973,179.657,-2.91063e-28,31017.2,0.000837912,0.156493,0.451981,452.362,-1.61701e-29,58139,9850.62,0.000129011,0.843853,0.176721,176.649,4.22462e-28,31018.4,0.000808853,0.15385,0.43985,440.214,2.34698e-29,58139,9780.06,0.000140105,0.881428,0.1847,184.629,4.94848e-28,31005.9,0.000897895,0.162141,0.463531,463.961,2.74912e-29,58139
9,201,9843.47,8.91614e-7,0.015182,0.00318881,3.18651,2.3813e-35,31017.2,7.26744e-6,0.00286728,0.00833994,8.33886,1.32294e-36,120.782,9850.62,8.62403e-7,0.0148751,0.00311819,3.11593,-3.26266e-35,31018.4,6.9475e-6,0.00280152,0.00806555,8.06442,-1.81256e-36,120.782,9780.06,9.40963e-7,0.0154892,0.00324892,3.2466,-3.9971e-35,31005.9,7.70929e-6,0.00294848,0.00849119,8.4904,-2.22057e-36,120.782
14,201,9843.47,9.05179e-10,1.82812e-5,3.84009e-6,0.00383716,7.9928e-51,31017.2,7.68668e-9,3.56578e-6,1.03885e-5,0.0103858,4.44043e-52,74.9857,9850.62,8.66569e-10,1.7748e-5,3.72073e-6,0.00371787,-1.06998e-50,31018.4,7.26802e-9,3.44963e-6,9.94737e-6,0.00994469,-5.94422e-52,74.9857,9780.06,9.40616e-10,1.83844e-5,3.85655e-6,0.00385363,-1.32558e-50,31005.9,8.03832e-9,3.61792e-6,1.04367e-5,0.0104343,-7.36425e-52,74.9857
20,201,9843.47,2.84121e-13,5.7426e-9,1.20627e-9,1.20535e-6,-2.58976e-60,31017.2,2.50591e-12,1.16334e-9,3.38928e-9,3.38839e-6,-1.43875e-61,20.0305,9850.62,2.69089e-13,5.51542e-9,1.15627e-9,1.15538e-6,3.98683e-61,31018.4,2.34201e-12,1.11243e-9,3.20783e-9,3.20696e-6,2.21487e-62,20.0305,9780.06,2.90159e-13,5.67558e-9,1.19058e-9,1.18968e-6,1.46287e-60,31005.9,2.57841e-12,1.16138e-9,3.35027e-9,3.34949e-6,8.12696e-62,20.0305
0,202,11250,0,0,0,0,9.8325e+9,31250,0,0,0,0,5.4625e+8,172538,11250,0,0,0,0,9.8325e+9,31250,0,0,0,0,5.4625e+8,172538,11250,0,0,0,0,9.8325e+9,31250,0,0,0,0,5.4625e+8,172538
1,202,10210.2,60.6803,254.229,36.7238,36708.9,20.2675,31081.7,9.98112,41.243,82.6618,82728.1,1.12597,172068,10265.3,57.4804,232.996,33.9157,33901,20.2691,31091.1,9.41808,37.696,75.5128,75566.6,1.12606,172068,10209.8,60.7054,264.309,37.5867,37571.3,20.2667,31081.7,9.98662,42.8744,83.8954,83961.8,1.12592,172068
2,202,10210.2,3.03182,41.4508,10.5809,10582.1,4.48059e-8,31081.4,0.570822,6.85565,24.039,24096.2,2.4892e-9,171599,10265.2,2.87103,36.433,9.49442,9495.11,4.42479e-8,31090.8,0.531536,6.00406,21.3243,21372,2.4582e-9,171599,10209.8,3.03356,45.2768,11.2076,11208.8,4.46908e-8,31081.3,0.573828,7.48281,25.2461,25304.9,2.4828e-9,171599
3,202,10210.2,0.152993,5.20432,1.71813,1719.05,1.23694e-13,31081.4,0.0427533,0.898206,3.99466,4009.03,6.87186e-15,171130,10265.2,0.14465,4.35918,1.48865,1489.38,-6.36481e-14,31090.7,0.0382272,0.748753,3.41735,3429.12,-3.53598e-15,171130,10209.7,0.153254,6.01835,1.89811,1899.04,1.41019e-13,31081.3,0.0439972,1.0355,4.37279,4388.02,7.83436e-15,171130
4,202,10210.2,0.00790592,0.601907,0.227281,227.473,1.14873e-19,31081.4,0.00421931,0.11088,0.550625,553.078,6.38182e-21,170660,10265.2,0.00743382,0.478119,0.189006,189.16,1.87323e-20,31090.7,0.00355244,0.0876173,0.451359,453.311,1.04068e-21,170660,10209.7,0.0079584,0.741052,0.263819,264.024,9.31179e-20,31081.3,0.0045436,0.135425,0.632212,634.906,5.17319e-21,170660
6,202,10210.2,2.30873e-5,0.0074389,0.00314651,3.14789,4.36767e-26,31081.4,3.80196e-5,0.00158748,0.00864187,8.6682,2.42648e-27,102410,10265.2,2.10336e-5,0.0052661,0.00237354,2.37462,9.00504e-28,31090.7,2.89488e-5,0.00112191,0.00641592,6.43559,5.00274e-29,102410,10209.7,2.40395e-5,0.0104833,0.00410532,4.10669,2.9048e-27,31081.3,4.48555e-5,0.00218558,0.0110543,11.085,1.61381e-28,102410
9,202,10210.2,4.51208e-9,9.72568e-6,4.28679e-6,0.00428472,-1.81327e-44,31081.4,2.00797e-8,2.35109e-6,1.37866e-5,0.0137925,-1.00737e-45,35.6128,10265.2,3.66967e-9,5.73604e-6,2.7266e-6,0.00272538,1.25043e-36,31090.7,1.3309e-8,1.39647e-6,8.69001e-6,0.00869426,6.94675e-38,35.6128,10209.7,5.39105e-9,1.695e-5,6.8422e-6,0.00683846,7.08983e-46,31081.3,2.73101e-8,3.92928e-6,2.11464e-5,0.0211522,3.93883e-47,35.6128
14,202,10210.2,1.8907e-14,1.5104e-10,6.70589e-11,6.70099e-8,1.59405e-54,31081.4,1.92719e-13,3.96095e-11,2.40189e-10,2.40141e-7,8.85579e-56,29.3389,10265.2,9.42869e-15,6.52479e-11,3.13618e-11,3.13392e-8,-4.83967e-47,31090.7,9.19683e-14,1.73733e-11,1.12676e-10,1.12655e-7,-2.68868e-48,29.3389,10209.7,3.76884e-14,3.74301e-10,1.51763e-10,1.51648e-7,1.23545e-54,31081.3,3.72832e-13,9.27828e-11,5.12016e-10,5.11876e-7,6.86369e-56,29.3389
20,202,10210.2,-1.01204e-17,-8.4627e-14,-3.75802e-14,-3.75526e-11,-4.68253e-61,31081.4,-1.10479e-16,-2.28868e-14,-1.38946e-13,-1.38917e-10,-2.6014e-62,21.8104,10265.2,1.46723e-17,9.08405e-14,4.36361e-14,4.3605e-11,7.5852e-51,31090.7,1.2492e-16,2.31674e-14,1.49788e-13,1.49763e-10,4.21395e-52,21.8104,10209.7,-1.86479e-17,-1.86103e-13,-7.54578e-14,-7.54006e-11,6.50593e-60,31081.3,-1.85457e-16,-4.62154e-14,-2.55064e-13,-2.54995e-10,3.61445e-61,21.8104
0,203,11250,0,0,0,0,9.8325e+9,31250,0,0,0,0,5.4625e+8,88608.1,11250,0,0,0,0,9.8325e+9,31250,0,0,0,0,5.4625e+8,88608.1,11250,0,0,0,0,9.8325e+9,31250,0,0,0,0,5.4625e+8,88608.1
1,203,10652.3,34.9986,196.291,25.7616,25745.7,20.2676,31155.2,5.61525,31.1541,56.8285,56835.3,1.12597,103548,10628.8,36.3718,205.859,26.8562,26840,20.2674,31151.4,5.84427,32.7086,58.8086,58818.3,1.12596,103548,10645.8,35.3811,204.334,26.4855,26469.2,20.2676,31154.2,5.67933,32.4391,57.9527,57960.1,1.12598,103548
2,203,10652.3,1.74977,47.2757,9.80623,9804.2,4.48382e-8,31155.1,0.326739,7.58998,21.7588,21787.3,2.49099e-9,118487,10628.8,1.81879,50.1989,10.3159,10314,4.48102e-8,31151.2,0.342124,8.07028,22.7252,22757,2.48944e-9,118487,10645.8,1.76925,51.228,10.3832,10381.1,4.48409e-8,31154,0.332401,8.22479,22.8518,22881.8,2.49115e-9,118487
3,203,10652.3,0.0894279,9.3192,2.25765,2258.09,5.20898e-14,31155,0.0314066,1.53465,5.08769,5100.23,2.89386e-15,133427,10628.8,0.0931012,10.0382,2.40283,2403.4,4.95817e-14,31151.1,0.0336425,1.65605,5.37789,5391.82,2.75452e-15,133427,10645.8,0.0906241,10.5762,2.48267,2483.13,4.72464e-13,31153.9,0.0330448,1.74017,5.54774,5561.31,2.62479e-14,133427
4,203,10652.3,0.00503698,1.75818,0.450269,450.537,4.5192e-19,31155,0.00548204,0.301171,1.04375,1047.5,2.51065e-20,148366,10628.8,0.00528866,1.923,0.485794,486.109,4.08602e-19,31151.1,0.0060352,0.330183,1.11902,1123.22,2.27e-20,148366,10645.8,0.00518168,2.09605,0.517466,517.765,3.62566e-18,31153.9,0.00609734,0.358081,1.1884,1192.62,2.01425e-19,148366
6,203,10652.3,2.95838e-5,0.0610114,0.0160474,16.0502,-2.86676e-25,31155,0.000135958,0.0113992,0.0404591,40.5528,-1.59264e-26,89059,10628.8,3.26599e-5,0.0688676,0.0178463,17.8499,-1.95609e-25,31151.1,0.000154423,0.0129071,0.0447605,44.8683,-1.08671e-26,89059,10645.8,3.40235e-5,0.0804999,0.0203342,20.337,2.8808e-24,31153.9,0.000165055,0.0149215,0.0505842,50.6968,1.60045e-25,89059
9,203,10652.3,4.18064e-8,0.000390806,0.000103236,0.103173,-2.9925e-33,31155,3.16808e-7,7.78731e-5,0.000282858,0.282891,-1.66251e-34,98.091,10628.8,4.94188e-8,0.000462663,0.000120388,0.120315,2.62899e-33,31151.1,3.74979e-7,9.2482e-5,0.000328189,0.328235,1.46053e-34,98.091,10645.8,5.8455e-8,0.000601164,0.000152395,0.1523,-1.37795e-31,31153.9,4.39807e-7,0.00011825,0.000409377,0.409407,-7.6553e-33,98.091
14,203,10652.3,6.31664e-12,8.61475e-8,2.27651e-8,2.27487e-5,6.28004e-43,31155,5.2925e-11,1.79644e-8,6.56601e-8,6.56473e-5,3.48894e-44,73.7507,10628.8,8.13796e-12,1.10418e-7,2.87417e-8,2.8721e-5,3.24473e-43,31151.1,6.79765e-11,2.3096e-8,8.24626e-8,8.24481e-5,1.8026e-44,73.7507,10645.8,1.16537e-11,1.71175e-7,4.3406e-8,4.33743e-5,-9.488e-43,31153.9,9.54385e-11,3.5108e-8,1.22197e-7,0.00012217,-5.27112e-44,73.7507
20,203,10652.3,8.85064e-17,1.20996e-12,3.19743e-13,3.19511e-10,8.27838e-50,31155,8.6267e-16,2.93298e-13,1.07207e-12,1.07186e-9,4.59914e-51,44.5424,10628.8,3.87328e-17,5.26518e-13,1.37052e-13,1.36953e-10,7.75386e-51,31151.1,4.49919e-16,1.53044e-13,5.46463e-13,5.46366e-10,4.30765e-52,44.5424,10645.8,3.51688e-16,5.1739e-12,1.31198e-12,1.31102e-9,6.1574e-51,31153.9,3.11969e-15,1.1491e-12,3.99967e-12,3.99879e-9,3.42078e-52,44.5424
0,204,11250,0,0,0,0,9.8325e+9,31250,0,0,0,0,5.4625e+8,134505,11250,0,0,0,0,9.8325e+9,31250,0,0,0,0,5.4625e+8,134505,11250,0,0,0,0,9.8325e+9,31250,0,0,0,0,5.4625e+8,134505
1,204,10514,42.9462,240.708,31.6514,31631.3,20.2676,31132.6,6.93308,38.4457,70.2564,70262,1.12598,123264,10462.2,45.9609,254.099,33.458,33437.6,20.2673,31124,7.44244,40.6858,73.8173,73829.3,1.12596,123264,10452.7,46.5147,263.286,34.4076,34386.8,20.2673,31122.4,7.53765,42.1747,75.9439,75957,1.12596,123264
2,204,10514,2.14445,57.6998,12.0001,11994.9,4.48418e-8,31132.4,0.386595,9.3033,26.7854,26803.8,2.4912e-9,112022,10462.2,2.29528,59.7716,12.5106,12505.8,4.4792e-8,31123.8,0.416781,9.6678,27.766,27788.7,2.48843e-9,112022,10452.7,2.32324,63.9527,13.1712,13166.1,4.47913e-8,31122.2,0.424153,10.348,29.2454,29269.4,2.48839e-9,112022
3,204,10514,0.108187,11.3159,2.75177,2750.78,1.16094e-13,31132.4,0.0287039,1.85363,6.21104,6216.52,6.44966e-15,100781,10462.2,0.115838,11.4702,2.81864,2817.76,5.71476e-13,31123.8,0.0311433,1.88715,6.33057,6337.14,3.17485e-14,100781,10452.7,0.117362,12.7356,3.05816,3057.19,4.95083e-13,31122.2,0.0324009,2.09551,6.8714,6878.45,2.75045e-14,100781
4,204,10514,0.00564079,2.12278,0.546315,546.11,-5.14168e-19,31132.4,0.00314527,0.354209,1.25254,1253.58,-2.85648e-20,89539.4,10462.2,0.00604158,2.10238,0.548178,548,-2.54517e-18,31123.8,0.00340124,0.352891,1.25209,1253.33,-1.41398e-19,89539.4,10452.6,0.00615051,2.42847,0.616045,615.84,-2.1691e-18,31122.2,0.0036895,0.407411,1.40732,1408.68,-1.20505e-19,89539.4
6,204,10514,2.18958e-5,0.072786,0.0192438,19.2333,2.46404e-25,31132.4,6.27647e-5,0.0125585,0.0456642,45.6792,1.36891e-26,53758.8,10462.2,2.31691e-5,0.0687114,0.018443,18.4336,1.32184e-24,31123.8,6.54959e-5,0.0119623,0.0437282,43.7477,7.34354e-26,53758.8,10452.6,2.50538e-5,0.086121,0.022414,22.4024,3.92988e-25,31122.2,7.74963e-5,0.0149619,0.0530846,53.1066,2.18325e-26,53758.8
9,204,10514,2.96564e-8,0.000458443,0.000121632,0.121538,9.62418e-33,31132.4,2.02588e-7,8.15978e-5,0.000299433,0.299336,5.34675e-34,87.8623,10462.2,2.88489e-8,0.000402444,0.000108447,0.108366,5.31178e-32,31123.8,1.97161e-7,7.249e-5,0.0002677,0.267629,2.95098e-33,87.8623,10452.6,3.8043e-8,0.000570801,0.000149042,0.148929,1.1616e-32,31122.2,2.63438e-7,0.00010242,0.000366734,0.36663,6.45331e-34,87.8623
14,204,10514,4.94352e-12,9.83693e-8,2.61038e-8,2.60826e-5,1.24859e-42,31132.4,3.70721e-11,1.80592e-8,6.64243e-8,6.63949e-5,6.9366e-44,62.2746,10462.2,4.21535e-12,7.64942e-8,2.06176e-8,2.06012e-5,-8.83258e-42,31123.8,3.1928e-11,1.42524e-8,5.2772e-8,5.27511e-5,-4.90697e-43,62.2746,10452.6,6.97741e-12,1.33337e-7,3.48219e-8,3.4794e-5,1.68341e-42,31122.2,5.2647e-11,2.47058e-8,8.86712e-8,8.86351e-5,9.35221e-44,62.2746
20,204,10514,2.73817e-16,5.45212e-12,1.4468e-12,1.44563e-9,6.4615e-50,31132.4,2.10855e-15,1.02767e-12,3.77996e-12,3.77829e-9,3.58971e-51,31.5692,10462.2,2.03249e-16,3.69119e-12,9.94894e-13,9.94102e-10,-9.98145e-48,31123.8,1.58312e-15,7.07156e-13,2.6184e-12,2.61736e-9,-5.54523e-49,31.5692,10452.6,2.01497e-16,3.85509e-12,1.00678e-12,1.00598e-9,-4.20141e-50,31122.2,1.59859e-15,7.50936e-13,2.69521e-12,2.69411e-9,-2.33411e-51,31.5692
0,205,11250,0,0,0,0,9.8325e+9,31250,0,0,0,0,5.4625e+8,257207,11250,0,0,0,0,9.8325e+9,31250,0,0,0,0,5.4625e+8,257207,11250,0,0,0,0,9.8325e+9,31250,0,0,0,0,5.4625e+8,257207
1,205,9282,114.611,577.416,78.5871,78599.9,20.2689,30916.4,20.1797,98.2842,184.851,185380,1.12604,268680,9409.4,107.247,548.057,74.0075,74014.3,20.2674,30940,18.7082,92.6399,171.537,171980,1.12596,268680,9260.19,115.872,595.577,80.2905,80304.2,20.2687,30912.3,20.4333,101.479,187.47,188013,1.12603,268680
2,205,9281.77,5.7652,119.704,26.7767,26813.4,4.47688e-8,30914.5,1.47245,21.2157,64.2522,64690.7,2.48711e-9,280153,9409.19,5.39241,115.854,25.5768,25608.1,4.46081e-8,30938.4,1.33877,20.319,60.3781,60755.3,2.47818e-9,280153,9259.95,5.83068,126.818,27.8872,27925.7,4.47449e-8,30910.4,1.50384,22.489,66.4215,66877.5,2.48578e-9,280153
3,205,9281.7,0.302849,19.8698,5.3662,5379.8,-1.51748e-13,30913.9,0.203517,3.84845,13.5701,13711.6,-8.43028e-15,291626,9409.13,0.282881,19.6669,5.21763,5229.64,-1.51601e-13,30937.9,0.181574,3.73905,12.9226,13046.3,-8.42212e-15,291626,9259.87,0.307204,21.7139,5.72685,5741.32,-1.49695e-13,30909.8,0.213352,4.19974,14.3674,14517.4,-8.31621e-15,291626
4,205,9281.68,0.018362,3.11939,0.910493,913.808,5.48628e-19,30913.8,0.0393443,0.690777,2.53045,2564.83,3.04788e-20,303099,9409.11,0.0171362,3.16291,0.903906,906.909,-1.0565e-18,30937.8,0.035172,0.679089,2.44015,2470.62,-5.86934e-20,303099,9259.86,0.0189041,3.52491,1.00002,1003.64,-9.45048e-19,30909.6,0.0425226,0.776369,2.7526,2789.9,-5.25017e-20,303099
6,205,9281.68,8.91927e-5,0.0738565,0.0226379,22.6694,1.59882e-27,30913.8,0.000566956,0.020961,0.0814526,81.9315,8.88541e-29,181892,9409.11,8.43347e-5,0.0787592,0.0235564,23.5843,-1.49566e-26,30937.8,0.00051308,0.0211663,0.0804217,80.8483,-8.30974e-28,181892,9259.85,9.70192e-5,0.0895009,0.0265467,26.5816,1.51293e-26,30909.6,0.000638928,0.0250099,0.0938537,94.3921,8.40443e-28,181892
9,205,9281.68,3.00898e-8,0.000263147,8.16519e-5,0.081596,-2.77843e-35,30913.8,3.29339e-7,8.31589e-5,0.000351678,0.351654,-1.5441e-36,81.7355,9409.11,2.97509e-8,0.000303252,9.16937e-5,0.0916277,4.45654e-34,30937.8,3.06512e-7,8.96339e-5,0.000367485,0.367423,2.47601e-35,81.7355,9259.85,3.57478e-8,0.000354864,0.000106394,0.106319,-4.81694e-34,30909.6,3.95171e-7,0.000109635,0.000445366,0.445315,-2.67586e-35,81.7355
14,205,9281.68,7.41228e-13,2.17381e-8,6.75285e-9,6.74684e-6,-1.00887e-45,30913.8,1.10472e-11,7.07071e-9,3.04586e-8,3.04392e-5,-5.60675e-47,66.7105,9409.11,8.58407e-13,2.85301e-8,8.63486e-9,8.62708e-6,1.98122e-44,30937.8,1.16932e-11,8.6451e-9,3.6005e-8,3.59807e-5,1.10075e-45,66.7105,9259.85,1.11108e-12,3.50529e-8,1.05194e-8,1.051e-5,1.09949e-44,30909.6,1.60827e-11,1.11196e-8,4.59092e-8,4.58794e-5,6.10777e-46,66.7105
20,205,9281.68,7.69929e-17,2.2703e-12,7.05264e-13,7.04636e-10,8.16625e-55,30913.8,1.15485e-15,7.41455e-13,3.19432e-12,3.19228e-9,4.53837e-56,48.6805,9409.11,-2.91277e-17,-9.7266e-13,-2.94385e-13,-2.94119e-10,2.79523e-51,30937.8,-3.96009e-16,-2.93609e-13,-1.22292e-12,-1.22209e-9,1.553e-52,48.6805,9259.85,-7.29155e-17,-2.30912e-12,-6.92972e-13,-6.92351e-10,2.88477e-50,30909.6,-1.05281e-15,-7.29691e-13,-3.01283e-12,-3.01087e-9,1.60252e-51,48.6805
0,206,7500,0,0,0,0,6.555e+9,22727.3,0,0,0,0,3.97273e+8,267024,7500,0,0,0,0,6.555e+9,22727.3,0,0,0,0,3.97273e+8,267024,7500,0,0,0,0,6.555e+9,22727.3,0,0,0,0,3.97273e+8,267024
1,206,6335.94,67.4062,179.244,30.1956,30186.1,13.5112,22495.6,13.666,35.8836,83.6631,83782.4,0.818857,221329,6247.52,72.4863,184.967,31.4974,31489.1,13.5111,22476.4,14.8079,37.2947,87.1101,87253.1,0.818847,221329,6292.79,69.8862,195.895,32.3334,32323.7,13.5121,22486.2,14.2275,39.3438,89.1139,89247.2,0.818909,221329
2,206,6335.92,3.36055,17.1929,6.07366,6073.21,2.74882e-8,22495.4,0.725834,3.52195,17.0215,17060,1.66594e-9,175634,6247.49,3.6139,17.0287,6.16335,6163.36,2.74863e-8,22476.1,0.787479,3.51984,17.2541,17298.5,1.66582e-9,175634,6292.76,3.4846,19.8294,6.74073,6740.28,2.74889e-8,22486,0.759523,4.07573,18.7981,18841.5,1.66597e-9,175634
3,206,6335.92,0.167658,1.21571,0.663767,663.727,1.52415e-13,22495.3,0.0395954,0.258961,1.89661,1900.94,9.23717e-15,129939,6247.49,0.180293,1.15888,0.656437,656.453,1.55483e-13,22476.1,0.042928,0.249889,1.87581,1880.72,9.42309e-15,129939,6292.76,0.17389,1.47759,0.762897,762.846,6.73077e-14,22486,0.0418347,0.315726,2.17035,2175.29,4.07922e-15,129939
4,206,6335.92,0.00836526,0.0761901,0.0568684,56.8605,5.99864e-19,22495.3,0.00215592,0.0170318,0.166746,167.074,3.6355e-20,84244.7,6247.49,0.00899496,0.070088,0.0548999,54.897,7.2419e-19,22476.1,0.00233085,0.0159209,0.16121,161.58,4.38898e-20,84244.7,6292.76,0.00867909,0.0974407,0.0676269,67.6162,1.95302e-19,22485.9,0.00230436,0.0218337,0.19757,197.948,1.18364e-20,84244.7
6,206,6335.92,2.08379e-5,0.000252593,0.000295398,0.295326,-4.04694e-27,22495.3,6.44011e-6,6.29647e-5,0.000921147,0.922545,-2.45267e-28,50570.9,6247.49,2.23984e-5,0.000218064,0.000272974,0.272932,-4.06993e-27,22476.1,6.8868e-6,5.56547e-5,0.000854651,0.856221,-2.4666e-28,50570.9,6292.76,2.16421e-5,0.000356081,0.000375029,0.374923,-4.07815e-27,22485.9,7.09633e-6,8.87313e-5,0.00116735,1.16899,-2.47159e-28,50570.9
9,206,6335.92,2.59298e-9,3.96987e-8,7.36884e-8,7.36645e-5,-1.3833e-44,22495.3,1.05436e-9,1.20099e-8,2.56421e-7,0.000256711,-8.38359e-46,60.2965,6247.49,2.78422e-9,3.17174e-8,6.44186e-8,6.44036e-5,4.6528e-44,22476.1,1.09989e-9,9.91515e-9,2.25559e-7,0.000225883,2.81984e-45,60.2965,6292.76,2.70114e-9,6.40759e-8,1.02549e-7,0.00010251,1.51664e-37,22485.9,1.23088e-9,1.92565e-8,3.57652e-7,0.000357996,9.1917e-39,60.2965
14,206,6335.92,7.72626e-15,1.30976e-13,3.12784e-13,3.12676e-10,-2.18269e-51,22495.3,3.86335e-15,4.6191e-14,1.18936e-12,1.19053e-9,-1.32283e-52,63.0315,6247.49,8.78335e-16,1.14279e-14,4.73928e-14,4.73835e-11,-2.39145e-50,22476.1,6.59106e-16,5.98439e-15,2.12489e-13,2.12766e-10,-1.44935e-51,63.0315,6292.76,1.28382e-15,3.73844e-14,8.13166e-14,8.12857e-11,-1.46578e-46,22485.9,8.73877e-16,1.44822e-14,3.38204e-13,3.38492e-10,-8.88346e-48,63.0315
20,206,6335.92,-1.27033e-17,-2.39678e-16,-7.7026e-16,-7.70012e-13,-2.29969e-54,22495.3,-8.91305e-18,-1.0654e-16,-3.2788e-15,-3.28199e-12,-1.39374e-55,66.3135,6247.49,4.23575e-18,5.5012e-17,2.42883e-16,2.42842e-13,-6.61215e-55,22476.1,3.4988e-18,3.13452e-17,1.13768e-15,1.13923e-12,-4.00732e-56,66.3135,6292.76,8.99787e-18,2.76246e-16,6.39608e-16,6.39369e-13,-6.61402e-51,22485.9,6.82922e-18,1.14121e-16,2.76365e-15,2.76598e-12,-4.00847e-52,66.3135
0,301,7500,0,0,0,0,6.555e+9,22727.3,0,0,0,0,3.97273e+8,55.617,7500,0,0,0,0,6.555e+9,22727.3,0,0,0,0,3.97273e+8,55.617,7500,0,0,0,0,6.555e+9,22727.3,0,0,0,0,3.97273e+8,55.617
1,301,7433.6,3.88814,18.5806,2.56864,2566.22,13.5123,22715,0.718452,3.42813,6.59895,6593.53,0.818926,52.4685,7440.26,3.498,17.0349,2.33334,2331.13,13.5114,22716.3,0.645962,3.14146,5.94184,5936.85,0.818874,52.4685,7432.37,3.95995,19.7072,2.68054,2678.02,13.5123,22714.8,0.731814,3.63626,6.82942,6823.82,0.818927,52.4685
2,301,7433.6,0.193661,3.60461,0.837055,836.307,2.7495e-8,22715,0.036413,0.666254,2.1524,2150.95,1.66636e-9,49.3199,7440.26,0.174223,3.38878,0.774074,773.374,2.74971e-8,22716.3,0.0326873,0.625931,1.97277,1971.37,1.66649e-9,49.3199,7432.37,0.197243,4.03542,0.907767,906.957,2.74948e-8,22714.8,0.0371295,0.745911,2.3149,2313.34,1.66635e-9,49.3199
3,301,7433.6,0.00965983,0.55293,0.158086,157.95,9.85673e-14,22715,0.0019545,0.102588,0.407409,407.178,5.97377e-15,46.1714,7440.26,0.00868923,0.535192,0.149516,149.385,9.52855e-14,22716.3,0.00174566,0.0991793,0.381798,381.563,5.77487e-15,46.1714,7432.37,0.00984063,0.659067,0.179971,179.817,9.64169e-14,22714.8,0.00200821,0.122265,0.459955,459.692,5.84345e-15,46.1714
4,301,7433.6,0.000483946,0.0795838,0.0249706,24.9498,-4.47624e-19,22715,0.000121083,0.0148476,0.0645997,64.5677,-2.71287e-20,43.0228,7440.26,0.000435215,0.079509,0.0242523,24.2315,-3.71674e-19,22716.3,0.000107255,0.0148044,0.0621369,62.1024,-2.25256e-20,43.0228,7432.37,0.000493552,0.101542,0.0301049,30.0797,1.96701e-20,22714.8,0.000128254,0.0189346,0.0772243,77.1851,1.19212e-21,43.0228
6,301,7433.6,1.28802e-6,0.00156992,0.000523195,0.52277,-7.415e-25,22715,1.00078e-6,0.000297063,0.00136948,1.3689,-4.49394e-26,39.6982,7440.26,1.15934e-6,0.00167679,0.0005403,0.539849,1.21941e-24,22716.3,8.9622e-7,0.000315975,0.00139831,1.39761,7.39036e-26,39.6982,7432.37,1.34162e-6,0.00231172,0.000719902,0.719312,8.39514e-26,22714.8,1.24833e-6,0.000436629,0.00186698,1.86613,5.08796e-27,39.6982
9,301,7433.6,4.2748e-10,4.26087e-6,1.43806e-6,0.0014369,-2.39826e-32,22715,2.3051e-9,8.25675e-7,3.85047e-6,0.0038489,-1.45349e-33,34.7112,7440.26,4.11521e-10,5.04227e-6,1.64224e-6,0.00164088,5.63379e-32,22716.3,2.25993e-9,9.69313e-7,4.33219e-6,0.00433009,3.41441e-33,34.7112,7432.37,6.05579e-10,7.81518e-6,2.4554e-6,0.0024534,8.11261e-34,22714.8,3.69335e-9,1.50756e-6,6.49862e-6,0.00649579,4.91672e-35,34.7112
14,301,7433.6,1.50438e-14,2.26615e-10,7.65534e-11,7.64918e-8,1.19791e-43,22715,1.26697e-13,4.5717e-11,2.13357e-10,2.1327e-7,7.26004e-45,31.9625,7440.26,1.76539e-14,3.16674e-10,1.03211e-10,1.03125e-7,-1.02318e-44,22716.3,1.45735e-13,6.29643e-11,2.81574e-10,2.81438e-7,-6.20107e-46,31.9625,7432.37,3.49796e-14,5.96824e-10,1.87607e-10,1.87454e-7,-3.34953e-44,22714.8,2.90839e-13,1.19293e-10,5.14453e-10,5.14229e-7,-2.03002e-45,31.9625
20,301,7433.6,-1.54999e-17,-2.33717e-13,-7.89525e-14,-7.8889e-11,-1.66349e-49,22715,-1.31808e-16,-4.75614e-14,-2.21965e-13,-2.21875e-10,-1.00818e-50,28.6642,7440.26,-8.14737e-18,-1.46416e-13,-4.77202e-14,-4.76807e-11,-2.55879e-51,22716.3,-6.82183e-17,-2.94701e-14,-1.3179e-13,-1.31726e-10,-1.55078e-52,28.6642,7432.37,-2.24751e-17,-3.83523e-13,-1.20558e-13,-1.20459e-10,-4.15194e-49,22714.8,-1.86942e-16,-7.66796e-14,-3.30682e-13,-3.30538e-10,-2.51633e-50,28.6642
0,302,11250,0,0,0,0,9.8325e+9,31250,0,0,0,0,5.4625e+8,27.9761,11250,0,0,0,0,9.8325e+9,31250,0,0,0,0,5.4625e+8,27.9761,11250,0,0,0,0,9.8325e+9,31250,0,0,0,0,5.4625e+8,27.9761
1,302,11156.3,5.48718,19.6364,2.98406,2981.24,20.2676,31235.5,0.851422,3.04358,6.44039,6434.99,1.12598,30.8774,11151.5,5.7652,21.1731,3.18041,3177.42,20.2676,31234.7,0.894811,3.28247,6.80819,6802.53,1.12598,30.8774,11150.9,5.80549,22.1824,3.28887,3285.78,20.2676,31234.6,0.901122,3.43902,7.04058,7034.72,1.12598,30.8774
2,302,11156.3,0.273267,2.63787,0.754172,753.503,4.42438e-8,31235.5,0.0428528,0.409625,1.62905,1627.93,2.45799e-9,33.7787,11151.5,0.28712,2.93503,0.821072,820.347,4.42441e-8,31234.7,0.0450711,0.455889,1.75915,1757.97,2.458e-9,33.7787,11150.9,0.289131,3.2282,0.877645,876.87,4.42445e-8,31234.6,0.045418,0.501423,1.88041,1879.15,2.45803e-9,33.7787
3,302,11156.3,0.0136179,0.265309,0.104653,104.565,1.19551e-13,31235.5,0.00221078,0.0413889,0.226542,226.418,6.64174e-15,36.68,11151.5,0.0143096,0.30581,0.116774,116.677,1.10818e-13,31234.7,0.00233289,0.0477217,0.250744,250.611,6.15655e-15,36.68,11150.9,0.0144113,0.355423,0.129759,129.651,6.04811e-13,31234.6,0.00235912,0.0554542,0.278634,278.484,3.36006e-14,36.68
4,302,11156.3,0.000679534,0.0240223,0.0115334,11.5243,1.11702e-19,31235.5,0.000119363,0.00377791,0.0250701,25.0595,6.20569e-21,39.5813,11151.5,0.000714228,0.0287838,0.0132345,13.2241,-1.36486e-20,31234.7,0.000127124,0.00452791,0.0285389,28.5272,-7.58257e-22,39.5813,11150.9,0.000719599,0.035547,0.0153769,15.3647,-1.82473e-18,31234.6,0.000130053,0.00558814,0.033157,33.1428,-1.01374e-19,39.5813
6,302,11156.3,1.70674e-6,0.000173458,0.000103328,0.103253,-1.16828e-33,31235.5,4.34436e-7,2.80287e-5,0.000228221,0.228167,-6.49042e-35,43.5275,11151.5,1.79901e-6,0.000226465,0.000126656,0.126564,1.19959e-27,31234.7,4.87577e-7,3.6571e-5,0.000277549,0.277485,6.66439e-29,43.5275,11150.9,1.81929e-6,0.000319719,0.000163551,0.16343,4.26084e-25,31234.6,5.37208e-7,5.14648e-5,0.000358129,0.358033,2.36713e-26,43.5275
9,302,11156.3,2.29222e-10,9.54709e-8,6.46896e-8,6.46469e-5,-3.88681e-43,31235.5,1.71156e-10,1.6426e-8,1.49445e-7,0.000149434,-2.15934e-44,49.4469,11151.5,2.47764e-10,1.43585e-7,8.94171e-8,8.93577e-5,5.88809e-37,31234.7,2.21944e-10,2.45787e-8,2.04693e-7,0.000204676,3.27116e-38,49.4469,11150.9,2.6221e-10,2.522e-7,1.39812e-7,0.000139715,-3.52336e-35,31234.6,3.03051e-10,4.26632e-8,3.18489e-7,0.000318439,-1.95742e-36,49.4469
14,302,11156.3,9.48814e-17,2.87769e-14,2.039e-14,2.03784e-11,-1.12386e-49,31235.5,1.02659e-16,8.97003e-15,8.33035e-14,8.33094e-11,-6.24368e-51,45.2582,11151.5,3.39544e-16,4.31923e-13,2.76114e-13,2.75937e-10,1.89936e-43,31234.7,7.23313e-16,8.30744e-14,7.04758e-13,7.04739e-10,1.0552e-44,45.2582,11150.9,1.55007e-15,3.48138e-12,1.96072e-12,1.95939e-9,-1.76996e-42,31234.6,4.27782e-15,6.24593e-13,4.71777e-12,4.71718e-9,-9.83312e-44,45.2582
20,302,11156.3,1.47345e-18,5.88589e-16,4.17041e-16,4.168e-13,-4.87321e-53,31235.5,2.04147e-18,1.86597e-16,1.73782e-15,1.73793e-12,-2.70734e-54,40.2317,11151.5,1.40737e-18,2.53578e-15,1.62988e-15,1.62884e-12,1.01176e-48,31234.7,4.31558e-18,5.00867e-16,4.26461e-15,4.26453e-12,5.62088e-50,40.2317,11150.9,-1.59031e-17,-4.81111e-14,-2.71756e-14,-2.71572e-11,-4.59782e-46,31234.6,-5.97329e-17,-8.78135e-15,-6.64625e-14,-6.64546e-11,-2.55434e-47,40.2317
0,303,11250,0,0,0,0,9.8325e+9,31250,0,0,0,0,5.4625e+8,36.9082,11250,0,0,0,0,9.8325e+9,31250,0,0,0,0,5.4625e+8,36.9082,11250,0,0,0,0,9.8325e+9,31250,0,0,0,0,5.4625e+8,36.9082
1,303,11121.6,7.51893,34.5381,4.83651,4832.04,20.2676,31230.1,1.16931,5.36169,10.4539,10445.6,1.12598,34.395,11118.1,7.72214,36.1732,5.01784,5013.21,20.2676,31229.5,1.20115,5.61639,10.7568,10748.3,1.12598,34.395,11115.8,7.85722,37.7874,5.1972,5192.41,20.2676,31229.2,1.22237,5.8676,11.1423,11133.6,1.12598,34.395
2,303,11121.6,0.37454,6.35915,1.51892,1517.61,4.42455e-8,31230.1,0.0593951,0.989366,3.28669,3284.69,2.45808e-9,31.8818,11118.1,0.384672,6.83412,1.60475,1603.38,4.42456e-8,31229.5,0.0610621,1.06343,3.44396,3441.9,2.45809e-9,31.8818,11115.8,0.391412,7.39209,1.7036,1702.14,4.42456e-8,31229.2,0.0622068,1.15037,3.65651,3654.33,2.45809e-9,31.8818
3,303,11121.6,0.0186883,0.918096,0.27389,273.668,2.64181e-14,31230.1,0.00320616,0.143512,0.594252,593.971,1.46767e-15,29.3686,11118.1,0.0191968,1.01662,0.296022,295.783,1.76322e-13,31229.5,0.00331177,0.158931,0.637016,636.719,9.79563e-15,29.3686,11115.8,0.0195368,1.14498,0.324148,323.886,1.72515e-13,31229.2,0.00339601,0.179002,0.697626,697.3,9.58416e-15,29.3686
4,303,11121.6,0.000936945,0.123694,0.040962,40.9301,-8.16456e-20,31230.1,0.000199399,0.0194716,0.0892933,89.2593,-4.53586e-21,26.8554,11118.1,0.000963087,0.141513,0.0454772,45.4418,-4.56514e-19,31229.5,0.000209364,0.0222758,0.098323,98.286,-2.53619e-20,26.8554,11115.8,0.000981028,0.166551,0.051655,51.6148,-3.83315e-19,31229.2,0.000219714,0.026212,0.111688,111.646,-2.12952e-20,26.8554
6,303,11121.6,2.49442e-6,0.00212106,0.00075578,0.755218,-2.99275e-25,31230.1,1.55148e-6,0.000340135,0.00167223,1.67175,-1.66264e-26,32.7942,11118.1,2.59091e-6,0.00260086,0.000893338,0.892673,3.74484e-28,31229.5,1.76398e-6,0.000416777,0.00195977,1.95921,2.08048e-29,32.7942,11115.8,2.68048e-6,0.00335976,0.00110468,1.10385,-5.09344e-26,31229.2,2.06555e-6,0.000537794,0.00242248,2.42175,-2.82968e-27,32.7942
9,303,11121.6,7.37331e-10,4.63823e-6,1.68243e-6,0.0016812,-7.60446e-34,31230.1,2.91629e-9,7.6796e-7,3.83572e-6,0.00383475,-4.22469e-35,41.7024,11118.1,8.81252e-10,6.33044e-6,2.20731e-6,0.00220569,-2.98735e-37,31229.5,3.74829e-9,1.04572e-6,4.98339e-6,0.0049821,-1.65965e-38,41.7024,11115.8,1.11212e-9,9.43715e-6,3.14022e-6,0.00313789,-2.36498e-34,31229.2,5.16242e-9,1.55407e-6,7.07535e-6,0.00707338,-1.31389e-35,41.7024
14,303,11121.6,1.71718e-14,1.73166e-10,6.29138e-11,6.28679e-8,-2.23321e-45,31230.1,1.14052e-13,3.02709e-11,1.51382e-10,1.51344e-7,-1.24067e-46,47.5653,11118.1,2.63854e-14,2.80295e-10,9.78528e-11,9.77812e-8,9.74266e-47,31229.5,1.73643e-13,4.8754e-11,2.32557e-10,2.32498e-7,5.41262e-48,47.5653,11115.8,4.58949e-14,5.27576e-10,1.75697e-10,1.75567e-7,1.26884e-43,31229.2,3.01377e-13,9.11632e-11,4.15319e-10,4.15204e-7,7.04916e-45,47.5653
20,303,11121.6,-4.42853e-17,-4.48086e-13,-1.62798e-13,-1.6268e-10,1.79042e-50,31230.1,-3.00924e-16,-7.98699e-14,-3.99424e-13,-3.99325e-10,9.94678e-52,54.6009,11118.1,-2.83173e-17,-3.01798e-13,-1.05361e-13,-1.05284e-10,-4.77812e-54,31229.5,-1.91047e-16,-5.36548e-14,-2.55936e-13,-2.55871e-10,-2.65453e-55,54.6009,11115.8,-1.18385e-17,-1.36174e-13,-4.53496e-14,-4.53161e-11,-1.10042e-49,31229.2,-7.82827e-17,-2.36784e-14,-1.07874e-13,-1.07844e-10,-6.1135e-51,54.6009
0,304,11250,0,0,0,0,9.8325e+9,31250,0,0,0,0,5.4625e+8,51.3073,11250,0,0,0,0,9.8325e+9,31250,0,0,0,0,5.4625e+8,51.3073,11250,0,0,0,0,9.8325e+9,31250,0,0,0,0,5.4625e+8,51.3073
1,304,11086,9.60097,65.6605,8.09551,8088.15,20.2677,31224.5,1.49709,10.2087,17.5239,17510.8,1.12598,49.7559,11093.8,9.14626,62.6108,7.69334,7686.31,20.2677,31225.7,1.42544,9.73106,16.5087,16496.2,1.12598,49.7559,11088,9.48156,66.6175,8.11919,8111.78,20.2677,31224.8,1.47829,10.3564,17.4267,17413.6,1.12598,49.7559
2,304,11086,0.478536,20.7987,3.78304,3779.82,4.42456e-8,31224.5,0.0777821,3.24062,8.19952,8194.79,2.45809e-9,48.2046,11093.8,0.455848,19.8598,3.59889,3595.8,4.42456e-8,31225.7,0.0738827,3.09284,7.73205,7727.43,2.45808e-9,48.2046,11088,0.472596,21.9147,3.90533,3902,4.42456e-8,31224.8,0.0768472,3.41384,8.39276,8387.83,2.45808e-9,48.2046
3,304,11086,0.024002,5.60852,1.1336,1132.68,-2.77662e-14,31224.5,0.00495403,0.877021,2.4636,2462.39,-1.54256e-15,46.6533,11093.8,0.0228561,5.36363,1.07987,1078.97,-2.51421e-14,31225.7,0.00465034,0.838138,2.32589,2324.69,-1.39678e-15,46.6533,11088,0.0237141,6.1679,1.21451,1213.51,-1.37814e-13,31224.8,0.00494484,0.964107,2.61671,2615.39,-7.6563e-15,46.6533
4,304,11086,0.00124404,1.47222,0.306194,305.947,3.16864e-21,31224.5,0.000547773,0.231226,0.667969,667.664,1.76035e-22,45.1019,11093.8,0.00118251,1.41021,0.292122,291.884,3.07879e-21,31225.7,0.000502485,0.221273,0.631443,631.139,1.71044e-22,45.1019,11088,0.00123396,1.69296,0.342128,341.85,-2.86227e-22,31224.8,0.000570459,0.265711,0.73978,739.428,-1.59015e-23,45.1019
6,304,11086,7.13736e-6,0.100336,0.0210573,21.0404,1.44016e-28,31224.5,2.64197e-5,0.0159078,0.0463552,46.3348,8.00091e-30,45.7343,11093.8,6.62543e-6,0.096425,0.0201544,20.138,1.13619e-29,31225.7,2.38519e-5,0.0152643,0.043938,43.9175,6.3122e-31,45.7343,11088,7.83207e-6,0.126304,0.0257242,25.7034,4.00103e-31,31224.8,3.0671e-5,0.0199974,0.0560951,56.0692,2.22279e-32,45.7343
9,304,11086,7.51469e-8,0.00178156,0.000374084,0.373785,2.27518e-35,31224.5,4.69064e-7,0.000286538,0.000835366,0.834999,1.26399e-36,46.6829,11093.8,6.88236e-8,0.00172055,0.000359807,0.359516,1.92578e-36,31225.7,4.24781e-7,0.000276063,0.000795019,0.794649,1.06988e-37,46.6829,11088,1.00971e-7,0.00256946,0.000523529,0.523106,6.47612e-38,31224.8,6.2451e-7,0.000412251,0.00115684,1.15631,3.59784e-39,46.6829
14,304,11086,9.03822e-11,2.15277e-6,4.5203e-7,0.000451669,-2.93537e-45,31224.5,5.8056e-10,3.54625e-7,1.03387e-6,0.00103341,-1.63076e-46,59.1927,11093.8,8.34418e-11,2.09616e-6,4.38357e-7,0.000438002,-2.57106e-46,31225.7,5.29312e-10,3.43976e-7,9.90602e-7,0.00099014,-1.42837e-47,59.1927,11088,1.52554e-10,3.89525e-6,7.93665e-7,0.000793023,-9.2133e-47,31224.8,9.68021e-10,6.38953e-7,1.79301e-6,0.00179218,-5.11849e-48,59.1927
20,304,11086,2.91056e-14,6.93119e-10,1.45538e-10,1.45422e-7,-1.17002e-54,31224.5,1.92299e-13,1.17439e-10,3.4238e-10,3.4223e-7,-6.50008e-56,74.2044,11093.8,2.68947e-14,6.75493e-10,1.41262e-10,1.41147e-7,-2.74481e-55,31225.7,1.75226e-13,1.13849e-10,3.27869e-10,3.27716e-7,-1.52489e-56,74.2044,11088,6.35463e-14,1.62225e-9,3.30536e-10,3.30269e-7,-2.65012e-55,31224.8,4.14015e-13,2.73221e-10,7.66705e-10,7.66352e-7,-1.47229e-56,74.2044
0,305,11250,0,0,0,0,9.8325e+9,31250,0,0,0,0,5.4625e+8,76.4137,11250,0,0,0,0,9.8325e+9,31250,0,0,0,0,5.4625e+8,76.4137,11250,0,0,0,0,9.8325e+9,31250,0,0,0,0,5.4625e+8,76.4137
1,305,11115,7.90352,33.9722,4.8614,4856.93,20.2676,31229,1.22952,5.27555,10.5107,10502.5,1.12598,82.1934,11114,7.9645,33.6339,4.82599,4821.55,20.2676,31228.9,1.23904,5.22327,10.3474,10339.4,1.12598,82.1934,11112.3,8.05955,36.3654,5.10637,5101.68,20.2676,31228.6,1.25403,5.64778,10.9493,10940.8,1.12598,82.1934
2,305,11115,0.393691,5.73712,1.43717,1435.95,4.42453e-8,31229,0.0624151,0.893069,3.1109,3109.1,2.45807e-9,87.9732,11114,0.396725,5.55224,1.40434,1403.15,4.42452e-8,31228.9,0.0628679,0.864348,3.01458,3012.86,2.45807e-9,87.9732,11112.3,0.401479,6.54045,1.57745,1576.11,4.42455e-8,31228.6,0.0637452,1.01817,3.38641,3384.45,2.45808e-9,87.9732
3,305,11115,0.0196397,0.749399,0.240449,240.258,6.04263e-14,31229,0.00334478,0.117283,0.521999,521.78,3.35702e-15,93.7529,11114,0.0197897,0.70644,0.230453,230.271,5.75901e-13,31228.9,0.00335916,0.110578,0.496145,495.943,3.19945e-14,93.7529,11112.3,0.0200336,0.918956,0.278666,278.444,2.81054e-14,31228.6,0.00344566,0.143788,0.599955,599.698,1.56141e-15,93.7529
4,305,11115,0.000983514,0.0904766,0.0329202,32.8955,-2.47424e-19,31229,0.000201467,0.014279,0.0718447,71.8228,-1.37458e-20,99.5326,11114,0.000990718,0.0828612,0.0308416,30.8187,-2.58613e-18,31228.9,0.00020028,0.0130825,0.0667535,66.7343,-1.43674e-19,99.5326,11112.3,0.00100442,0.120185,0.0406786,40.6478,-8.44427e-20,31228.6,0.000214036,0.0189507,0.0880246,87.9961,-4.69126e-21,99.5326
6,305,11115,2.56496e-6,0.0012266,0.000493439,0.493092,-7.95549e-26,31229,1.28424e-6,0.000198155,0.001096,1.09581,-4.41971e-27,82.5786,11114,2.57172e-6,0.00105541,0.000438026,0.437723,-1.72414e-24,31228.9,1.2071e-6,0.000170754,0.000965343,0.965206,-9.57854e-26,82.5786,11112.3,2.66602e-6,0.00193439,0.000709156,0.708646,-4.20471e-26,31228.6,1.60921e-6,0.000311361,0.00155974,1.55941,-2.33595e-27,82.5786
9,305,11115,5.47232e-10,1.86077e-6,7.72386e-7,0.000771862,-8.68468e-34,31229,1.63462e-9,3.13664e-7,1.78261e-6,0.00178241,-4.82482e-35,57.1475,11114,5.11052e-10,1.45156e-6,6.24714e-7,0.000624299,-6.02032e-33,31228.9,1.37993e-9,2.45722e-7,1.43332e-6,0.00143322,-3.34462e-34,57.1475,11112.3,7.3308e-10,3.83507e-6,1.43548e-6,0.00143447,2.3787e-34,31228.6,2.75249e-9,6.39923e-7,3.26458e-6,0.00326402,1.3215e-35,57.1475
14,305,11115,5.35549e-15,3.83579e-11,1.59882e-11,1.59774e-8,9.84067e-43,31229,3.57922e-14,6.95475e-12,3.96445e-11,3.96406e-8,5.46704e-44,55.4354,11114,4.777e-15,2.91928e-11,1.26272e-11,1.26189e-8,3.77711e-42,31228.9,2.9372e-14,5.30261e-12,3.10432e-11,3.10414e-8,2.09839e-43,55.4354,11112.3,1.36554e-14,1.20137e-10,4.50613e-11,4.50298e-8,2.17045e-46,31228.6,9.09513e-14,2.13252e-11,1.08962e-10,1.08944e-7,1.2058e-47,55.4354
20,305,11115,-2.33663e-18,-1.69754e-14,-7.07613e-15,-7.07136e-12,5.78266e-50,31229,-1.5931e-17,-3.09538e-15,-1.76455e-14,-1.76438e-11,3.21259e-51,53.3808,11114,-4.25289e-18,-2.80013e-14,-1.21162e-14,-1.21082e-11,1.49838e-48,31228.9,-2.87545e-17,-5.19398e-15,-3.04141e-14,-3.04124e-11,8.32432e-50,53.3808,11112.3,5.89626e-17,5.15344e-13,1.93291e-13,1.93156e-10,-5.4117e-50,31228.6,3.81903e-16,8.9536e-14,4.57479e-13,4.57403e-10,-3.0065e-51,53.3808
0,306,7500,0,0,0,0,6.555e+9,22727.3,0,0,0,0,3.97273e+8,100.171,7500,0,0,0,0,6.555e+9,22727.3,0,0,0,0,3.97273e+8,100.171,7500,0,0,0,0,6.555e+9,22727.3,0,0,0,0,3.97273e+8,100.171
1,306,7449.7,2.94577,15.6579,2.0914,2089.4,13.5116,22718,0.543548,2.88562,5.36737,5362.71,0.818882,84.5711,7449.19,2.97562,15.3551,2.06422,2062.25,13.5126,22717.9,0.549064,2.82991,5.25353,5248.98,0.818945,84.5711,7447.73,3.06085,16.9583,2.22825,2226.13,13.5115,22717.6,0.564895,3.12566,5.6715,5666.6,0.818881,84.5711
2,306,7449.7,0.146715,3.50387,0.754977,754.28,2.74963e-8,22718,0.0274837,0.646555,1.93888,1937.4,1.66644e-9,68.971,7449.19,0.1482,3.30125,0.723938,723.271,2.74937e-8,22717.9,0.0277461,0.609205,1.84371,1842.31,1.66629e-9,68.971,7447.73,0.152452,4.01492,0.838031,837.259,2.74962e-8,22717.6,0.0285999,0.74095,2.13449,2132.87,1.66643e-9,68.971
3,306,7449.7,0.00731781,0.634244,0.162346,162.2,7.98204e-14,22718,0.00147255,0.117328,0.41759,417.299,4.8376e-15,53.3709,7449.19,0.00739105,0.570494,0.150039,149.905,8.50602e-14,22717.9,0.00147932,0.105551,0.382734,382.472,5.15516e-15,53.3709,7447.73,0.00760598,0.775695,0.189909,189.738,7.06137e-14,22717.6,0.00154696,0.143503,0.484472,484.136,4.27961e-15,53.3709
4,306,7449.7,0.000366904,0.109181,0.0298812,29.8547,2.15669e-18,22718,9.34724e-5,0.0202667,0.0770601,77.0095,1.30708e-19,37.7708,7449.19,0.000370324,0.0934265,0.0264452,26.4219,2.80141e-19,22717.9,9.18425e-5,0.0173482,0.0676391,67.5956,1.69782e-20,37.7708,7447.73,0.000381918,0.143191,0.0371702,37.1372,1.02237e-18,22717.6,0.000102232,0.0265768,0.0950643,95.0018,6.1962e-20,37.7708
6,306,7449.7,1.01041e-6,0.00313347,0.00088813,0.887351,-3.20334e-24,22718,1.02804e-6,0.000586427,0.00230706,2.30561,-1.94142e-25,51.0095,7449.19,1.00262e-6,0.00241669,0.000712567,0.711946,-6.95301e-25,22717.9,8.88558e-7,0.000452712,0.00183656,1.83545,-4.21394e-26,51.0095,7447.73,1.09001e-6,0.00474951,0.00126809,1.26698,1.21743e-24,22717.6,1.3753e-6,0.000888262,0.00326561,3.26354,7.37834e-26,51.0095
9,306,7449.7,6.48597e-10,1.50768e-5,4.29439e-6,0.00429063,-2.95988e-33,22718,4.31618e-9,2.85882e-6,1.12993e-5,0.0112923,-1.79386e-34,70.8674,7449.19,5.01329e-10,9.92768e-6,2.94606e-6,0.0029435,-2.4681e-33,22717.9,3.10803e-9,1.8864e-6,7.69906e-6,0.00769445,-1.49581e-34,70.8674,7447.73,1.05104e-9,2.84624e-5,7.62523e-6,0.00761854,-7.04409e-34,22717.6,7.43386e-9,5.38748e-6,1.98704e-5,0.0198579,-4.26915e-35,70.8674
14,306,7449.7,7.38162e-14,2.06777e-9,5.89089e-10,5.88574e-7,1.98405e-42,22718,6.0299e-13,4.0081e-10,1.58445e-9,1.58346e-6,1.20245e-43,68.1112,7449.19,4.10836e-14,1.04582e-9,3.10443e-10,3.10173e-7,-3.13487e-43,22717.9,3.33714e-13,2.03542e-10,8.30946e-10,8.30449e-7,-1.89992e-44,68.1112,7447.73,1.85067e-13,5.62566e-9,1.50731e-9,1.50599e-6,2.80371e-43,22717.6,1.49601e-12,1.08652e-9,4.00776e-9,4.00524e-6,1.69922e-44,68.1112
20,306,7449.7,1.38119e-16,3.87014e-12,1.10257e-12,1.10161e-9,-1.27852e-48,22718,1.13318e-15,7.53256e-13,2.97771e-12,2.97586e-9,-7.7486e-50,64.8038,7449.19,-1.6225e-17,-4.13329e-13,-1.22693e-13,-1.22587e-10,-7.4631e-51,22717.9,-1.33304e-16,-8.13096e-14,-3.31942e-13,-3.31743e-10,-4.52308e-52,64.8038,7447.73,-3.79099e-17,-1.15253e-12,-3.08802e-13,-3.08531e-10,-2.48029e-51,22717.6,-3.07179e-16,-2.23089e-13,-8.22887e-13,-8.22371e-10,-1.50321e-52,64.8038
