time,id,TT_SAEM,I1T_SAEM,I2T_SAEM,VIT_SAEM,VNIT_SAEM,ViniT_SAEM,TN_SAEM,I1N_SAEM,I2N_SAEM,VIN_SAEM,VNIN_SAEM,ViniN_SAEM,Marker_SAEM,TT_mean,I1T_mean,I2T_mean,VIT_mean,VNIT_mean,ViniT_mean,TN_mean,I1N_mean,I2N_mean,VIN_mean,VNIN_mean,ViniN_mean,Marker_mean,TT_mode,I1T_mode,I2T_mode,VIT_mode,VNIT_mode,ViniT_mode,TN_mode,I1N_mode,I2N_mode,VIN_mode,VNIN_mode,ViniN_mode,Marker_mode
0,101,7500,0,0,0,0,6.555e+9,22727.3,0,0,0,0,3.97273e+8,149553,7500,0,0,0,0,6.555e+9,22727.3,0,0,0,0,3.97273e+8,149553,7500,0,0,0,0,6.555e+9,22727.3,0,0,0,0,3.97273e+8,149553
1,101,12.6406,384.084,1951.17,669.164,668545,13.5111,13870.4,1087.16,2553.3,8530.9,9.18879e+6,0.818613,212260,12.4442,384.058,1994.23,674.372,673747,13.5111,13851,1091.15,2605.39,8588.33,9.24932e+6,0.818612,212260,15.1185,384.376,1834.35,637.252,636671,13.5111,14145.6,1029.56,2346.45,7920.17,8.53062e+6,0.818619,212260
2,101,12.5366,19.1473,367.327,206.838,206658,2.68174e-8,12150.9,518.013,1236.57,4938.38,5.43004e+6,1.6244e-9,274968,12.34,19.1462,385.764,212.544,212359,2.68177e-8,12108.7,525.626,1279.56,5040.82,5.53994e+6,1.62441e-9,274968,15.0056,19.1636,319.478,186.472,186315,2.6813e-8,12592,466.171,1067.68,4322.68,4.76365e+6,1.62414e-9,274968
3,101,12.5117,0.9586,56.0928,38.4274,38395.6,-8.10913e-15,11339.4,241.037,593.078,2432.03,2.66935e+6,-4.912e-16,337675,12.3145,0.958695,60.7485,40.4494,40415.7,-8.52156e-15,11277.4,247.184,620.881,2513.05,2.75643e+6,-5.16185e-16,337675,14.9801,0.959462,44.5814,32.3429,32317.4,8.33354e-14,11889.8,207.611,486.675,2016.09,2.22046e+6,5.04805e-15,337675
4,101,12.5074,0.0486061,8.15774,6.06371,6058.86,5.71083e-23,10966.3,111.01,278.958,1157.6,1.26729e+6,3.45933e-24,400383,12.31,0.0486611,9.12861,6.56379,6558.49,1.43184e-22,10891.4,114.97,295.114,1209.39,1.32299e+6,8.67273e-24,400383,14.976,0.0485931,5.87674,4.70469,4701.15,-2.72685e-19,11580.1,91.7188,218.719,914.671,1.00533e+6,-1.6518e-20,400383
6,101,12.5067,0.00014664,0.166107,0.130045,129.944,-3.79318e-30,10715.3,23.5257,59.7893,250.81,274061,-2.29785e-31,384102,12.3092,0.000149713,0.199052,0.150001,149.883,-2.22644e-35,10628.5,24.8274,64.5033,267.315,291850,-1.348e-36,384102,14.9754,0.000141342,0.0971281,0.0834576,83.3978,-2.18331e-26,11382.6,17.9339,43.1117,181.852,199586,-1.32254e-27,384102
9,101,12.5066,1.0094e-7,0.00046728,0.000371517,0.371232,3.61043e-38,10654.7,2.26922,5.76963,24.2907,26533.3,2.18694e-39,359681,12.3092,1.2013e-7,0.000622517,0.000475387,0.475017,5.03104e-43,10563.7,2.46304,6.40438,26.64,29074,3.04607e-44,359681,14.9754,6.68972e-8,0.00019803,0.000174191,0.174069,-1.82507e-34,11338.8,1.53634,3.69149,15.616,17135.1,-1.10551e-35,359681
14,101,12.5066,4.92618e-12,2.71085e-8,2.12717e-8,2.12553e-5,4.06251e-49,10648.3,0.0464698,0.119106,0.499589,545.513,2.46158e-50,455787,12.3092,7.17306e-12,4.30113e-8,3.24476e-8,3.24223e-5,-5.36525e-54,10556.7,0.0528196,0.138396,0.573688,625.881,-3.24807e-55,455787,14.9754,1.75303e-12,6.70849e-9,5.82374e-9,5.81966e-6,-4.15652e-50,11334.8,0.0258288,0.0625489,0.263604,289.144,-2.51826e-51,455787
20,101,12.5066,4.44225e-17,2.55787e-13,1.96301e-13,1.9615e-10,3.65664e-57,10648.2,0.00046639,0.00120761,0.00504083,5.50171,2.21587e-58,571113,12.3092,7.93057e-17,4.95444e-13,3.66294e-13,3.66007e-10,3.31775e-62,10556.6,0.000558479,0.00147748,0.00609645,6.64828,2.00853e-63,571113,14.9754,8.35652e-18,3.36791e-14,2.85191e-14,2.84989e-11,-2.04867e-58,11334.8,0.000204235,0.000499582,0.00209538,2.29732,-1.24137e-59,571113
0,102,11250,0,0,0,0,9.8325e+9,31250,0,0,0,0,5.4625e+8,1.55455e+6,11250,0,0,0,0,9.8325e+9,31250,0,0,0,0,5.4625e+8,1.55455e+6,11250,0,0,0,0,9.8325e+9,31250,0,0,0,0,5.4625e+8,1.55455e+6
1,102,51.7687,578.66,4758.79,1398.64,1.39746e+6,20.2678,21372.7,1272.24,4272.04,12947.2,1.37391e+7,1.12571,1.26423e+6,61.9585,579.068,4798.76,1395.98,1.39484e+6,20.2681,21703.9,1216.04,4161.08,12516.2,1.32657e+7,1.12573,1.26423e+6,106.556,580.005,4625.61,1358.36,1.35738e+6,20.2688,22704.6,1047.35,3620.72,11087.9,1.1711e+7,1.12579,1.26423e+6
2,102,51.1682,28.9694,1634.53,683.481,682968,4.28228e-8,18716.7,838.288,2959.18,10572.7,1.13764e+7,2.37794e-9,973912,61.262,29.0158,1671.44,689.562,689070,4.28357e-8,19174.2,799.782,2877.95,10205.2,1.09714e+7,2.37868e-9,973912,105.525,29.1493,1537.63,647.859,647502,4.28762e-8,20629.9,654.396,2353.46,8544.33,9.16901e+6,2.381e-9,973912
3,102,50.9367,1.49872,473.289,219.477,219322,1.25084e-16,16998.9,529.04,1928.66,7149.47,7.66967e+6,6.94465e-18,683590,60.9901,1.51106,492.489,224.697,224549,1.25505e-16,17526.9,507.98,1882.29,6909.44,7.40888e+6,6.96811e-18,683590,105.138,1.54477,429.18,201.458,201364,1.2493e-16,19319.3,402.504,1465.43,5480.22,5.87582e+6,6.9364e-18,683590
4,102,50.8668,0.0911581,129.071,62.4829,62440.2,2.32072e-25,15963.3,317.573,1180.92,4499.37,4.81207e+6,1.28821e-26,393269,60.9067,0.0950536,137.055,65.1351,65093.5,2.69218e-25,16525,307.688,1161.57,4374.3,4.67725e+6,1.49443e-26,393269,105.025,0.103443,112.738,55.352,55328.5,2.51773e-25,18544,237.289,869.495,3321.62,3.5553e+6,1.39765e-26,393269
6,102,50.8422,0.00165932,8.98638,4.46891,4465.92,1.51681e-36,15012.9,105.86,403.243,1573.98,1.67816e+6,8.41921e-38,267484,60.8766,0.0020195,9.97485,4.86056,4857.54,-7.76648e-37,15591.8,104.882,405.197,1560.88,1.6641e+6,-4.31086e-38,267484,104.987,0.00240726,7.28399,3.6779,3676.45,1.47895e-36,17845.2,77.1797,285.601,1110.18,1.18617e+6,8.20977e-38,267484
9,102,50.8404,2.63913e-5,0.154106,0.0779554,77.9038,-1.79057e-43,14642,19.0547,72.7528,288.095,306842,-9.93879e-45,78807,60.8743,3.50995e-5,0.183591,0.0908833,90.8274,1.50532e-43,15217.5,19.5858,75.8772,296.313,315583,8.35613e-45,78807,104.984,3.55483e-5,0.111784,0.0574243,57.4023,1.24988e-43,17578.6,13.5111,49.8135,195.811,209112,6.93938e-45,78807
14,102,50.8404,2.83637e-8,0.000164029,8.32718e-5,0.0832168,1.47714e-52,14567.4,1.02433,3.9164,15.5408,16548.5,8.2013e-54,76650.3,60.8743,4.25904e-8,0.000220787,0.000109653,0.109586,5.09788e-52,15139,1.12289,4.35691,17.0493,18154,2.82963e-53,76650.3,104.984,3.18054e-8,9.90038e-5,5.10451e-5,0.0510258,-1.97168e-52,17526.5,0.696948,2.56976,10.1153,10801.5,-1.09452e-53,76650.3
20,102,50.8404,7.66878e-12,4.43281e-8,2.2509e-8,2.24941e-5,-3.66047e-64,14563.3,0.0305646,0.116858,0.463792,493.862,-2.03231e-65,74062.2,60.8743,1.33294e-11,6.90688e-8,3.43101e-8,3.42891e-5,-3.53331e-62,15134.4,0.0361991,0.140458,0.549735,585.348,-1.96161e-63,74062.2,104.984,6.90018e-12,2.14687e-8,1.10715e-8,1.10674e-5,-2.38587e-66,17523.8,0.0198025,0.0730087,0.287424,306.919,-1.32435e-67,74062.2
0,103,7500,0,0,0,0,6.555e+9,22727.3,0,0,0,0,3.97273e+8,444039,7500,0,0,0,0,6.555e+9,22727.3,0,0,0,0,3.97273e+8,444039,7500,0,0,0,0,6.555e+9,22727.3,0,0,0,0,3.97273e+8,444039
1,103,4946.55,147.495,743.941,241.303,241498,13.5111,22149.1,38.4467,170.345,664.838,669505,0.818838,637116,4583.35,168.009,808.437,264.682,264947,13.5121,22042.6,46.2543,192.485,753.399,759816,0.818895,637116,4885.53,150.957,783.377,250.086,250294,13.5126,22131.6,39.7678,180.408,691.621,696609,0.818925,637116
2,103,4945.54,7.59047,158.306,82.9985,83184.1,2.63188e-8,22136.3,5.10679,42.1849,248.456,251663,1.59501e-9,830194,4582.16,8.6532,161.224,86.83,87057.7,2.63216e-8,22025.8,6.46967,45.9712,272.376,276623,1.59516e-9,830194,4884.46,7.78051,172.758,88.2935,88492.5,2.63545e-8,22117.8,5.45672,46.3139,265.6,269091,1.59717e-9,830194
3,103,4945.27,0.436652,28.0313,17.2839,17338.7,-2.6409e-14,22132.5,1.13028,9.75053,62.2877,63272.6,-1.6005e-15,1.02327e+6,4581.86,0.49584,26.4955,17.0409,17104.5,1.9726e-13,22021,1.4333,10.3758,66.486,67754.6,1.19545e-14,1.02327e+6,4884.16,0.452164,31.8187,18.9887,19048.8,3.52065e-14,22113.6,1.25509,11.1033,68.8076,69908.2,2.13363e-15,1.02327e+6
4,103,4945.22,0.0328708,4.87957,3.15234,3163.9,1.26666e-21,22131.5,0.267056,2.3276,14.8629,15110.7,7.67532e-23,1.21635e+6,4581.8,0.0362284,4.25606,2.89754,2910.19,3.24053e-19,22019.8,0.332545,2.42684,15.5191,15831,1.96388e-20,1.21635e+6,4884.1,0.0352255,5.76591,3.59222,3605.27,-5.7564e-20,22112.5,0.307305,2.74373,16.9951,17280.9,-3.48855e-21,1.21635e+6
6,103,4945.21,0.000520306,0.136577,0.0936077,93.9889,-4.1766e-28,22131.3,0.0150802,0.126907,0.830974,845.198,-2.53082e-29,784895,4581.79,0.000487143,0.100759,0.073475,73.837,-8.66524e-26,22019.5,0.0180243,0.127107,0.832829,849.99,-5.25149e-27,784895,4884.09,0.000624685,0.176035,0.11566,116.122,1.51621e-26,22112.2,0.0186072,0.160799,1.01935,1036.91,9.18875e-28,784895
9,103,4945.21,1.99495e-6,0.000461703,0.000352953,0.354587,3.41215e-36,22131.3,0.000170866,0.00128346,0.00890412,9.06591,2.06756e-37,137716,4581.79,1.44856e-6,0.000264426,0.000216891,0.218115,-2.60244e-33,22019.5,0.000193646,0.00122581,0.00848348,8.66845,-1.57718e-34,137716,4884.09,2.769e-6,0.000693828,0.000502732,0.50499,-2.00746e-33,22112.2,0.000236016,0.00183642,0.0122788,12.5023,-1.21659e-34,137716
14,103,4945.21,1.20521e-10,2.49287e-8,1.98761e-8,1.99766e-5,-4.16546e-47,22131.3,6.90497e-8,5.01824e-7,3.51622e-6,0.00358168,-2.52402e-48,95219.7,4581.79,5.84056e-11,9.40149e-9,8.08607e-9,8.13633e-6,1.4054e-44,22019.5,7.33857e-8,4.50927e-7,3.14764e-6,0.0032178,8.51716e-46,95219.7,4884.09,2.1782e-10,4.9523e-8,3.72063e-8,3.73867e-5,4.36042e-44,22112.2,1.1734e-7,8.85728e-7,5.97734e-6,0.00608858,2.64265e-45,95219.7
20,103,4945.21,9.15983e-16,1.85351e-13,1.4936e-13,1.50126e-10,3.50454e-55,22131.3,5.54731e-12,3.99336e-11,2.81136e-10,2.86396e-7,2.12354e-56,44224.6,4581.79,2.61617e-16,4.10928e-14,3.57595e-14,3.59851e-11,6.78835e-53,22019.5,5.49047e-12,3.34374e-11,2.34441e-10,2.39692e-7,4.11397e-54,44224.6,4884.09,2.24315e-15,5.00533e-13,3.79451e-13,3.81312e-10,-4.88025e-53,22112.2,1.20512e-11,9.01738e-11,6.11187e-10,6.22615e-7,-2.95768e-54,44224.6
0,104,11250,0,0,0,0,9.8325e+9,31250,0,0,0,0,5.4625e+8,119287,11250,0,0,0,0,9.8325e+9,31250,0,0,0,0,5.4625e+8,119287,11250,0,0,0,0,9.8325e+9,31250,0,0,0,0,5.4625e+8,119287
1,104,6292.58,284.9,2135.55,613.285,613898,20.2665,30225.7,72.5322,442.904,1525.91,1.53888e+6,1.12589,146880,6036.78,299.164,2262.98,643.911,644590,20.2667,30151.6,78.6081,478.584,1628.19,1.64307e+6,1.12589,146880,5448.77,331.694,2441.55,701.747,702569,20.2667,29968.4,93.9598,542.325,1854.1,1.87411e+6,1.12589,146880
2,104,6289.04,15.1354,757.669,310.606,311307,4.34836e-8,30181.9,15.6364,182.316,849.966,861852,2.41562e-9,174473,6032.95,15.9261,811.689,328.793,329561,4.34582e-8,30101.4,17.7418,200.653,919.153,932870,2.4142e-9,174473,5444.44,17.6702,839.761,346.547,347431,4.33835e-8,29902.8,22.6742,223.809,1028.74,1.04678e+6,2.41002e-9,174473
3,104,6287.61,1.10363,233.902,104.421,104716,6.50643e-17,30161.8,5.92723,70.3167,342.676,348111,3.61436e-18,202066,6031.4,1.17643,253.672,111.74,112066,1.20301e-16,30078.1,6.90769,79.081,377.842,384212,6.68279e-18,202066,5442.75,1.2935,250.541,113.009,113371,4.73041e-17,29872.7,8.87062,87.49,418.475,426740,2.62768e-18,202066
4,104,6287.16,0.165338,70.9764,32.2805,32378.4,-1.26704e-25,30153.9,2.30838,27.24,133.191,135357,-7.03848e-27,229659,6030.89,0.180914,77.9465,34.9619,35070.9,-7.31335e-25,30068.7,2.74934,31.3118,150.045,152634,-4.06257e-26,229659,5442.22,0.190679,73.3889,33.776,33892,4.70295e-26,29860.7,3.50749,34.4125,164.968,168298,2.61231e-27,229659
6,104,6286.97,0.0122945,6.49161,2.96904,2978.27,-1.45465e-34,30149.7,0.347602,4.09469,20.0371,20364.3,-8.073e-36,204780,6030.68,0.0139279,7.31182,3.29728,3307.81,-1.64684e-32,30063.5,0.432367,4.91654,23.5769,23985.2,-9.14815e-34,204780,5442.02,0.0132116,6.25082,2.89479,2904.99,2.74916e-35,29854.1,0.544217,5.33242,25.5796,26097.7,1.52704e-36,204780
9,104,6286.95,0.000335487,0.177254,0.0812978,81.5516,2.65826e-40,30149,0.0201346,0.236313,1.15852,1177.48,1.47527e-41,167463,6030.66,0.000395092,0.207521,0.0938287,94.1296,1.93884e-38,30062.6,0.0267451,0.303091,1.45595,1481.21,1.07702e-39,167463,5442,0.000323902,0.153396,0.0712411,71.4934,4.42788e-42,29853,0.0329979,0.322216,1.54836,1579.78,2.45953e-43,167463
14,104,6286.95,8.22196e-7,0.000433838,0.000199063,0.199685,-2.28252e-48,30148.9,0.000172175,0.0020195,0.0099021,10.0642,-1.26672e-49,168538,6030.66,1.03328e-6,0.000542068,0.000245186,0.245973,-1.75037e-46,30062.5,0.000255394,0.00289262,0.0138972,14.1385,-9.72316e-48,168538,5442,6.64551e-7,0.000314302,0.000146033,0.146551,7.50026e-52,29852.9,0.000304774,0.00297439,0.0142949,14.5851,4.16658e-53,168538
20,104,6286.95,6.04997e-10,3.19289e-7,1.4649e-7,0.000146948,-1.83051e-60,30148.9,5.68043e-7,6.66364e-6,3.26714e-5,0.0332062,-1.01521e-61,169828,6030.66,8.22039e-10,4.31322e-7,1.95077e-7,0.000195703,-5.58302e-57,30062.5,9.6197e-7,1.08967e-5,5.23486e-5,0.0532572,-3.10121e-58,169828,5442,3.95099e-10,1.86898e-7,8.68295e-8,8.71374e-5,9.54014e-61,29852.9,1.10302e-6,1.0766e-5,5.17382e-5,0.0527884,5.2996e-62,169828
0,105,11250,0,0,0,0,9.8325e+9,31250,0,0,0,0,5.4625e+8,117060,11250,0,0,0,0,9.8325e+9,31250,0,0,0,0,5.4625e+8,117060,11250,0,0,0,0,9.8325e+9,31250,0,0,0,0,5.4625e+8,117060
1,105,8283.61,172.039,1040.83,318.628,318767,20.2686,30714.8,34.5428,188.753,701.511,704519,1.12602,109473,8006.4,187.89,1111.48,340.453,340639,20.2666,30655.1,38.7012,205.118,760.131,763847,1.1259,109473,8212.62,176.105,1079.12,326.744,326894,20.2686,30699.7,35.6008,196.512,720.976,724165,1.12602,109473
2,105,8282.44,8.86369,275.732,129.69,129881,4.41436e-8,30705.1,4.23332,54.9693,301.691,304085,2.45236e-9,101885,8005.07,9.69167,285.21,135.279,135507,4.38481e-8,30643.5,4.91074,58.4774,320.957,323839,2.43593e-9,101885,8211.39,9.08214,290.882,134.709,134912,4.41251e-8,30689.4,4.45009,58.2828,314.324,316880,2.45133e-9,101885
3,105,8282.07,0.526084,60.7596,32.6978,32765.8,-1.09629e-14,30701.8,0.994953,14.2498,85.6156,86447.6,-6.09037e-16,94297.8,8004.67,0.575755,60.6135,33.0898,33167.9,-1.17398e-14,30639.6,1.15927,14.8982,89.5056,90489.5,-6.52194e-16,94297.8,8211,0.542864,65.3916,34.5336,34606.5,1.41568e-13,30685.8,1.07045,15.4192,90.7953,91695.4,7.86464e-15,94297.8
4,105,8281.98,0.0456985,12.8999,7.25446,7271.7,-7.16521e-20,30700.9,0.259216,3.6731,22.4615,22694.1,-3.98058e-21,86710.4,8004.57,0.049418,12.3871,7.09039,7109.57,-1.26883e-22,30638.5,0.298333,3.78154,23.1097,23380.5,-7.04884e-24,86710.4,8210.9,0.0482759,14.1803,7.81102,7829.79,6.33501e-19,30684.8,0.284647,4.05745,24.2957,24551.8,3.51935e-20,86710.4
6,105,8281.96,0.00121426,0.57105,0.326755,327.588,-4.46023e-26,30700.6,0.0174275,0.245145,1.50275,1518.65,-2.47786e-27,92320.3,8004.55,0.00121789,0.507209,0.296051,296.914,-8.6961e-29,30638.2,0.0194704,0.244988,1.50034,1518.28,-4.83104e-30,92320.3,8210.88,0.00136468,0.655499,0.366963,367.906,6.61159e-27,30684.5,0.0199314,0.282154,1.69332,1711.53,3.67357e-28,92320.3
9,105,8281.96,1.08891e-5,0.00531542,0.00304318,3.051,-5.19176e-33,30700.6,0.000301509,0.00424572,0.0260082,26.2834,-2.88423e-34,100735,8004.55,9.68698e-6,0.00419718,0.00245199,2.4592,-1.51341e-35,30638.2,0.000322156,0.00405791,0.0248338,25.1308,-8.40757e-37,100735,8210.88,1.31031e-5,0.00651143,0.00364693,3.65636,1.7837e-35,30684.5,0.000366663,0.00519582,0.0311617,31.4968,9.91016e-37,100735
14,105,8281.96,4.50015e-9,2.20101e-6,1.25924e-6,0.00126248,-1.67094e-42,30700.6,3.50711e-7,4.94361e-6,3.02692e-5,0.0305893,-9.28284e-44,105848,8004.55,3.28966e-9,1.42825e-6,8.33807e-7,0.000836259,2.47181e-46,30638.2,3.47814e-7,4.3854e-6,2.6826e-5,0.0271467,1.37335e-47,105848,8210.88,6.0341e-9,3.00393e-6,1.68136e-6,0.00168571,-3.95604e-52,30684.5,4.72322e-7,6.69945e-6,4.01622e-5,0.0405939,-2.19787e-53,105848
20,105,8281.96,3.9317e-13,1.92569e-10,1.10095e-10,1.10378e-7,5.74316e-53,30700.6,1.0607e-10,1.49663e-9,9.15925e-9,9.25606e-6,3.19058e-54,111984,8004.55,2.28034e-13,9.9144e-11,5.7839e-11,5.8009e-8,2.95552e-59,30638.2,9.62803e-11,1.21509e-9,7.42938e-9,7.51813e-6,1.64215e-60,111984,8210.88,6.01726e-13,2.99944e-10,1.67776e-10,1.68209e-7,2.89769e-62,30684.5,1.61522e-10,2.29313e-9,1.37407e-8,1.38883e-5,1.60983e-63,111984
0,106,11250,0,0,0,0,9.8325e+9,31250,0,0,0,0,5.4625e+8,202328,11250,0,0,0,0,9.8325e+9,31250,0,0,0,0,5.4625e+8,202328,11250,0,0,0,0,9.8325e+9,31250,0,0,0,0,5.4625e+8,202328
1,106,3582.04,432.002,3010.64,892.757,893909,20.2674,29211.3,163.687,809.849,2802.37,2.85086e+6,1.1259,175361,3345.49,444.271,3086.13,910.663,911819,20.2675,29088.4,175.478,854.665,2929.45,2.98314e+6,1.1259,175361,3428.68,439.963,3051.43,900.511,901663,20.2678,29133.1,170.977,836.223,2869.66,2.92123e+6,1.12592,175361
2,106,3576.51,22.9588,938.475,408.045,409188,4.3203e-8,29060.5,49.3726,334.825,1532.83,1.57504e+6,2.39988e-9,148394,3339.92,23.5777,955.24,413.798,414945,4.31851e-8,28922,54.2304,355.182,1605.65,1.65231e+6,2.39887e-9,148394,3423.15,23.3523,943.357,408.873,410012,4.3211e-8,28973.4,52.1442,345.491,1566.64,1.61137e+6,2.40032e-9,148394
3,106,3574.52,1.61755,249.443,120.497,120928,9.03442e-17,28991.5,20.293,134.06,633.291,652652,5.01824e-18,121426,3337.93,1.64801,251.978,121.38,121809,1.00452e-16,28845.5,22.4842,143.385,667.923,689422,5.57963e-18,121426,3421.17,1.63275,248.48,119.787,120214,9.46517e-17,28900.3,21.4662,138.495,647.568,668076,5.25747e-18,121426
4,106,3573.96,0.210214,64.3697,32.0443,32169.3,1.46135e-25,28963.4,8.21854,53.8766,255.202,263143,8.11685e-27,94459.3,3337.38,0.210715,64.5223,32.0421,32166,1.27533e-25,28814.2,9.17763,58.1114,271.373,280256,7.08347e-27,94459.3,3420.62,0.208686,63.5287,31.5764,31699.3,1.21034e-25,28870.6,8.70301,55.7377,261.285,269704,6.72253e-27,94459.3
6,106,3573.78,0.010921,4.27435,2.13904,2147.68,1.63087e-33,28947.6,1.33343,8.77933,41.4685,42759.1,9.05832e-35,171862,3337.2,0.0106959,4.21651,2.10572,2114.17,9.092e-34,28796.4,1.51366,9.62534,44.8295,46296.8,5.04982e-35,171862,3420.45,0.0105626,4.13869,2.06876,2077.11,7.12249e-34,28853.9,1.41565,9.1048,42.5664,43938,3.95593e-35,171862
9,106,3573.77,0.000189013,0.0761071,0.0377309,37.882,-4.39328e-46,28944.7,0.0893852,0.595073,2.79569,2882.19,-2.44026e-47,287967,3337.18,0.00018046,0.0731755,0.0362152,36.3593,-3.78263e-46,28793.1,0.103886,0.667598,3.0935,3194.19,-2.10097e-47,287967,3420.43,0.000177379,0.071493,0.0354147,35.5564,-3.10743e-46,28850.8,0.0951616,0.618557,2.87704,2969.22,-1.72595e-47,287967
14,106,3573.77,2.3317e-7,9.32746e-5,4.64618e-5,0.0466483,-7.89013e-56,28944.5,0.00101434,0.00671409,0.031653,32.6347,-4.3827e-57,198985,3337.18,2.13165e-7,8.58962e-5,4.27056e-5,0.0428759,-5.49248e-56,28792.8,0.00122443,0.0078254,0.0363814,37.5682,-3.05071e-57,198985,3420.43,2.07917e-7,8.32767e-5,4.14411e-5,0.0416074,-4.39861e-56,28850.6,0.00108362,0.00700483,0.0326895,33.7394,-2.44313e-57,198985
20,106,3573.77,7.00297e-11,2.75002e-8,1.38256e-8,1.38818e-5,1.85825e-64,28944.5,4.44051e-6,2.90948e-5,0.000137854,0.142152,1.03217e-65,92207.2,3337.18,6.09502e-11,2.4125e-8,1.2102e-8,1.21508e-5,1.371e-64,28792.8,5.62446e-6,3.5601e-5,0.000166301,0.171754,7.61478e-66,92207.2,3420.43,5.88996e-11,2.3172e-8,1.16348e-8,1.1682e-5,1.46077e-64,28850.6,4.77527e-6,3.05701e-5,0.000143346,0.147973,8.11355e-66,92207.2
0,201,11250,0,0,0,0,9.8325e+9,31250,0,0,0,0,5.4625e+8,571129,11250,0,0,0,0,9.8325e+9,31250,0,0,0,0,5.4625e+8,571129,11250,0,0,0,0,9.8325e+9,31250,0,0,0,0,5.4625e+8,571129
1,201,9995.29,73.2211,441.289,135.006,134961,20.2673,31044.1,12.5441,72.5561,272.116,272406,1.12595,519866,9917.48,77.7406,459.519,140.475,140434,20.2667,31030.5,13.3974,75.8679,283.731,284075,1.12592,519866,9880,79.9183,479.182,145.826,145786,20.2668,31023.9,13.8222,79.2689,295.068,295444,1.12593,519866
2,201,9995.06,3.70443,116.203,54.9034,54911.9,4.44931e-8,31042.7,0.998247,19.8472,113.101,113390,2.47181e-9,468604,9917.23,3.93455,117.809,55.9977,56010.7,4.44112e-8,31028.9,1.07732,20.2588,115.752,116077,2.46726e-9,468604,9879.73,4.04778,125.287,58.9787,58993.8,4.44095e-8,31022.1,1.13179,21.6037,122.205,122560,2.46717e-9,468604
3,201,9994.98,0.201083,25.2227,13.7159,13722,-1.31175e-15,31042.2,0.159303,4.6144,29.6544,29754.3,-7.28741e-17,417341,9917.15,0.213577,24.805,13.6394,13646.9,-1.38364e-15,31028.4,0.171541,4.59371,29.6884,29798.5,-7.68678e-17,417341,9879.64,0.220862,26.9846,14.6369,14645.3,-1.09303e-15,31021.6,0.186099,5.01494,31.9675,32088.8,-6.07229e-17,417341
4,201,9994.97,0.013789,5.23115,2.99085,2992.62,-4.49115e-21,31042.1,0.0344127,1.04316,6.9467,6972.66,-2.49505e-22,366078,9917.13,0.0145372,4.98261,2.88897,2891.04,-4.54494e-21,31028.3,0.0363811,1.01318,6.79252,6820.5,-2.52493e-22,366078,9879.62,0.0153522,5.55294,3.16848,3170.81,-4.03126e-21,31021.4,0.0405702,1.1335,7.48146,7512.89,-2.23956e-22,366078
6,201,9994.96,0.000237934,0.216902,0.127347,127.435,1.70218e-27,31042,0.00175235,0.0523102,0.353722,355.115,9.45645e-29,311715,9917.13,0.000235176,0.193582,0.115487,115.583,1.76505e-27,31028.2,0.00176829,0.0484164,0.329675,331.108,9.80572e-29,311715,9879.62,0.00026985,0.226749,0.132887,132.999,1.55348e-27,31021.4,0.00207123,0.0569127,0.381159,382.843,8.63033e-29,311715
9,201,9994.96,1.80459e-6,0.00176085,0.00104598,1.04673,1.18861e-34,31042,1.9447e-5,0.00057035,0.00388949,3.90502,6.60329e-36,230171,9917.13,1.6086e-6,0.0014258,0.000860859,0.861602,-3.6683e-34,31028.2,1.82774e-5,0.000491792,0.00337654,3.39142,-2.03792e-35,230171,9879.62,2.00979e-6,0.00180131,0.00106777,1.06871,1.26474e-34,31021.4,2.30498e-5,0.000622797,0.00420455,4.22338,7.02618e-36,230171
14,201,9994.96,5.69422e-10,5.48149e-7,3.27766e-7,0.000328007,-2.96922e-45,31042,1.0091e-8,2.92579e-7,2.00537e-6,0.00201345,-1.64957e-46,190559,9917.13,4.32132e-10,3.77928e-7,2.29699e-7,0.000229901,-4.96371e-43,31028.2,8.44216e-9,2.2462e-7,1.54984e-6,0.00155673,-2.75757e-44,190559,9879.62,6.12667e-10,5.41978e-7,3.23323e-7,0.000323612,-1.23006e-44,31021.4,1.20537e-8,3.22174e-7,2.18546e-6,0.00219532,-6.8336e-46,190559
20,201,9994.96,3.44156e-14,3.27411e-11,1.96934e-11,1.97081e-8,1.37138e-54,31042,1.11108e-12,3.19044e-11,2.19736e-10,2.20627e-7,7.61882e-56,143025,9917.13,2.28329e-14,1.97425e-11,1.20687e-11,1.20794e-8,9.79772e-51,31028.2,8.47874e-13,2.23538e-11,1.5495e-10,1.55642e-7,5.44307e-52,143025,9879.62,3.56188e-14,3.11528e-11,1.86905e-11,1.87074e-8,6.7962e-54,31021.4,1.34273e-12,3.55606e-11,2.42334e-10,2.43433e-7,3.77562e-55,143025
0,202,11250,0,0,0,0,9.8325e+9,31250,0,0,0,0,5.4625e+8,829974,11250,0,0,0,0,9.8325e+9,31250,0,0,0,0,5.4625e+8,829974,11250,0,0,0,0,9.8325e+9,31250,0,0,0,0,5.4625e+8,829974
1,202,10960.7,16.9334,86.0086,27.8051,27781.9,20.267,31204.7,2.67272,13.4628,53.6032,53574.9,1.12594,663094,10968.4,16.4786,85.0336,27.1555,27132.7,20.2678,31206,2.59933,13.3047,52.2463,52218,1.12599,663094,10948.2,17.6605,92.3842,29.3733,29349,20.2676,31202.8,2.79037,14.4692,56.5641,56535.3,1.12598,663094
2,202,10960.7,0.845693,17.6363,9.47608,9469.46,4.47822e-8,31204.7,0.147537,2.78747,18.3609,18358.3,2.48789e-9,496213,10968.4,0.822946,17.8377,9.40377,9397.11,4.48895e-8,31205.9,0.143268,2.81688,18.1809,18177.7,2.49385e-9,496213,10948.2,0.882211,19.7443,10.3079,10300.8,4.48523e-8,31202.7,0.155151,3.12284,19.9536,19951.2,2.49179e-9,496213
3,202,10960.7,0.0427058,2.80579,1.85977,1858.66,6.28044e-13,31204.7,0.0106849,0.45251,3.64809,3648.56,3.48913e-14,329333,10968.4,0.0415601,2.91829,1.88508,1883.92,6.32273e-13,31205.9,0.0103893,0.469714,3.6876,3687.91,3.51262e-14,329333,10948.2,0.04462,3.30169,2.1018,2100.56,8.44039e-13,31202.7,0.0115989,0.532792,4.1197,4120.32,4.6891e-14,329333
4,202,10960.7,0.00222987,0.407688,0.30078,300.619,-3.86012e-18,31204.7,0.00111777,0.0677096,0.602308,602.496,-2.14451e-19,162452,10968.4,0.00217301,0.437818,0.312899,312.726,-3.59046e-18,31205.9,0.00110177,0.0724264,0.62418,624.339,-1.9947e-19,162452,10948.2,0.00234699,0.507347,0.355961,355.773,6.87899e-19,31202.7,0.00128672,0.084244,0.712262,712.494,3.82165e-20,162452
6,202,10960.7,8.59922e-6,0.00800282,0.00634658,6.34365,-1.61152e-24,31204.7,2.09938e-5,0.0014334,0.0135309,13.5376,-8.95287e-26,178231,10968.4,8.62631e-6,0.00920395,0.00702567,7.02223,2.4646e-25,31205.9,2.1822e-5,0.00163225,0.0148592,14.8654,1.36922e-26,178231,10948.2,9.88822e-6,0.011217,0.00837179,8.3679,3.86033e-26,31202.7,2.73298e-5,0.00200122,0.017805,17.8137,2.14462e-27,178231
9,202,10960.7,1.04621e-8,2.19028e-5,1.75282e-5,0.0175205,3.63792e-42,31204.7,6.48248e-8,4.44826e-6,4.21545e-5,0.042177,2.02107e-43,201901,10968.4,1.19748e-8,2.79477e-5,2.14925e-5,0.0214824,4.37635e-42,31205.9,7.38347e-8,5.55891e-6,5.07716e-5,0.0507944,2.4313e-43,201901,10948.2,1.59311e-8,3.67783e-5,2.76223e-5,0.0276099,1.16956e-42,31202.7,1.00277e-7,7.38026e-6,6.58258e-5,0.06586,6.49756e-44,201901
14,202,10960.7,5.29078e-13,1.17003e-9,9.39454e-10,9.39043e-7,2.8377e-52,31204.7,4.29656e-12,2.93687e-10,2.79069e-9,2.79219e-6,1.5765e-53,177786,10968.4,7.26371e-13,1.77577e-9,1.36965e-9,1.369e-6,-3.51283e-53,31205.9,5.71092e-12,4.28451e-10,3.92297e-9,3.92475e-6,-1.95157e-54,177786,10948.2,1.10973e-12,2.65725e-9,2.00129e-9,2.0004e-6,4.7709e-55,31202.7,8.85772e-12,6.4969e-10,5.80862e-9,5.81166e-6,2.6505e-56,177786
20,202,10960.7,2.16294e-18,5.3174e-15,3.95715e-15,3.95536e-12,-5.2957e-63,31204.7,3.1765e-17,2.31094e-15,2.09919e-14,2.10026e-11,-2.94205e-64,148849,10968.4,1.00103e-16,2.32941e-13,1.87148e-13,1.87061e-10,1.53517e-59,31205.9,7.37567e-16,5.24488e-14,5.01808e-13,5.02043e-10,8.52869e-61,148849,10948.2,-4.18191e-16,-9.969e-13,-7.53066e-13,-7.52731e-10,-8.66757e-63,31202.7,-3.45639e-15,-2.52448e-13,-2.26329e-12,-2.26448e-9,-4.81532e-64,148849
0,203,11250,0,0,0,0,9.8325e+9,31250,0,0,0,0,5.4625e+8,501676,11250,0,0,0,0,9.8325e+9,31250,0,0,0,0,5.4625e+8,501676,11250,0,0,0,0,9.8325e+9,31250,0,0,0,0,5.4625e+8,501676
1,203,10708.7,31.6558,162.269,52.2559,52219.7,20.2688,31164.3,5.09753,25.7222,101.89,101879,1.12604,448599,10791,26.8517,143.689,45.3112,45277.6,20.2668,31177.6,4.29645,22.681,87.8732,87851,1.12593,448599,10728.1,30.5248,163.004,51.4395,51403.2,20.267,31167.4,4.90877,25.8113,100.042,100028,1.12594,448599
2,203,10708.7,1.58528,34.2736,18.1138,18105.7,4.42492e-8,31164.1,0.306412,5.53154,35.657,35678.5,2.45828e-9,395523,10790.9,1.34386,32.1881,16.387,16378.1,4.4692e-8,31177.5,0.253261,5.15584,32.0323,32042.8,2.48288e-9,395523,10728,1.52873,36.4073,18.5619,18553.1,4.46974e-8,31167.2,0.295424,5.86219,36.4276,36446.4,2.48318e-9,395523
3,203,10708.7,0.0810931,5.75572,3.68089,3679.87,1.4469e-13,31164,0.0278303,0.963308,7.41307,7421.06,8.03833e-15,342446,10790.9,0.0686307,5.78962,3.51542,3514.01,1.95055e-13,31177.4,0.0224493,0.954593,7.00122,7006.17,1.08364e-14,342446,10728,0.0783208,6.52665,3.97121,3969.93,6.22227e-14,31167.2,0.0274625,1.08613,7.96103,7968.56,3.4568e-15,342446
4,203,10708.7,0.00442911,0.905737,0.629807,629.701,-4.93777e-19,31164,0.00373077,0.159434,1.31661,1318.4,-2.74319e-20,289369,10790.9,0.00374768,0.981611,0.641259,641.053,-7.96188e-19,31177.4,0.00305414,0.168347,1.31594,1317.15,-4.42325e-20,289369,10728,0.00432215,1.10263,0.722137,721.972,-2.56049e-19,31167.2,0.00387866,0.191903,1.49788,1499.66,-1.42249e-20,289369
6,203,10708.7,2.42355e-5,0.0216117,0.0157108,15.7096,-2.4541e-25,31164,9.57191e-5,0.00429518,0.0365275,36.585,-1.36338e-26,344312,10790.9,2.19672e-5,0.0273506,0.0185089,18.5041,-8.85794e-25,31177.4,8.70044e-5,0.00514747,0.0412699,41.3143,-4.92106e-26,344312,10728,2.68171e-5,0.0304972,0.0206979,20.6947,-3.6823e-26,31167.2,0.000112976,0.00589878,0.0471815,47.2457,-2.04571e-27,344312
9,203,10708.7,5.68213e-8,8.18413e-5,5.91521e-5,0.0591486,-6.31415e-39,31164,4.30791e-7,1.97002e-5,0.000166064,0.166328,-3.50784e-40,426726,10790.9,6.68902e-8,0.000130666,8.7857e-5,0.0878349,-2.26921e-38,31177.4,4.71542e-7,2.84413e-5,0.000226192,0.226437,-1.26065e-39,426726,10728,8.40002e-8,0.000144097,9.71711e-5,0.0971567,-8.13598e-41,31167.2,6.18286e-7,3.28712e-5,0.000260768,0.261125,-4.51929e-42,426726
14,203,10708.7,5.11022e-12,7.34151e-9,5.38618e-9,5.3859e-6,2.47507e-53,31164,5.43301e-11,2.43222e-9,2.07868e-8,2.08203e-5,1.37503e-54,296390,10790.9,8.91054e-12,1.73083e-8,1.17915e-8,1.17886e-5,-4.41811e-54,31177.4,8.114e-11,4.80031e-9,3.86518e-8,3.86942e-5,-2.45447e-55,296390,10728,1.10026e-11,1.87393e-8,1.28044e-8,1.28026e-5,-9.93018e-58,31167.2,1.07904e-10,5.627e-9,4.51926e-8,4.52552e-5,-5.51594e-59,296390
20,203,10708.7,-3.46626e-16,-4.78087e-13,-3.59749e-13,-3.59736e-10,-1.43287e-61,31164,-3.42163e-15,-1.47185e-13,-1.28885e-12,-1.29098e-9,-7.96036e-63,139986,10790.9,-1.31798e-16,-2.51425e-13,-1.74183e-13,-1.74141e-10,-2.34976e-60,31177.4,-7.48793e-16,-4.3851e-14,-3.59073e-13,-3.59462e-10,-1.3054e-61,139986,10728,-9.66087e-17,-1.38972e-13,-1.08896e-13,-1.08883e-10,-1.26833e-63,31167.2,-1.27929e-16,-7.56054e-17,-4.45381e-14,-4.46212e-11,-7.0452e-65,139986
0,204,11250,0,0,0,0,9.8325e+9,31250,0,0,0,0,5.4625e+8,139035,11250,0,0,0,0,9.8325e+9,31250,0,0,0,0,5.4625e+8,139035,11250,0,0,0,0,9.8325e+9,31250,0,0,0,0,5.4625e+8,139035
1,204,10832.3,24.4346,129.828,41.2919,41260.4,20.2676,31184.3,3.89702,20.4513,80.0618,80036.2,1.12598,165340,10876.9,21.8284,118.647,37.1979,37168.5,20.2687,31191.4,3.46911,18.6477,71.8601,71831.6,1.12604,165340,10827.2,24.7365,136.639,42.6197,42587.2,20.2667,31183.4,3.94739,21.5285,82.518,82491.9,1.12593,165340
2,204,10832.3,1.22233,29.1361,14.9171,14908.5,4.48076e-8,31184.1,0.226538,4.65178,29.134,29140,2.4893e-9,191646,10876.9,1.09152,27.4565,13.7425,13733.9,4.42482e-8,31191.3,0.199095,4.36611,26.7183,26720.1,2.45823e-9,191646,10827.2,1.23777,32.3176,15.997,15987.8,4.46919e-8,31183.3,0.23129,5.15918,31.1973,31203.6,2.48288e-9,191646
3,204,10832.3,0.0622918,5.31637,3.22234,3220.86,1.58908e-13,31184.1,0.0194295,0.871471,6.40206,6405.55,8.82819e-15,217952,10876.9,0.0555476,5.18915,3.05408,3052.49,6.07224e-14,31191.3,0.016684,0.844122,6.02713,6029.28,3.37346e-15,217952,10827.1,0.0632294,6.26383,3.62833,3626.64,1.35519e-13,31183.3,0.0206158,1.02548,7.19555,7199.31,7.52882e-15,217952
4,204,10832.3,0.00338049,0.927416,0.59853,598.297,-6.42003e-19,31184.1,0.00258948,0.157509,1.22208,1222.97,-3.56667e-20,244257,10876.9,0.0030071,0.939704,0.586346,586.073,-2.48499e-19,31191.3,0.00221657,0.157552,1.18477,1185.37,-1.38054e-20,244257,10827.1,0.00347717,1.16528,0.713421,713.132,-5.6175e-19,31183.2,0.00293568,0.197219,1.45245,1453.45,-3.12082e-20,244257
6,204,10832.3,1.95652e-5,0.0271344,0.018189,18.1829,4.13328e-26,31184.1,7.55407e-5,0.0050052,0.0400051,40.0394,2.29626e-27,175454,10876.9,1.77719e-5,0.0297251,0.0191878,19.1797,7.00721e-26,31191.3,6.79048e-5,0.00534415,0.0413078,41.3333,3.89288e-27,175454,10827.1,2.33464e-5,0.0389784,0.024625,24.6161,-4.1206e-26,31183.2,9.78298e-5,0.00711822,0.053746,53.7888,-2.28921e-27,175454
9,204,10832.3,6.09215e-8,0.000128039,8.75611e-5,0.0875335,1.93542e-38,31184.1,4.17548e-7,2.69679e-5,0.000219149,0.219346,1.07523e-39,72250.1,10876.9,6.26274e-8,0.000158395,0.000104076,0.104034,5.14464e-38,31191.3,4.13558e-7,3.1836e-5,0.000249852,0.250015,2.85813e-39,72250.1,10827.1,9.64001e-8,0.000226253,0.000145351,0.145301,-1.59467e-33,31183.2,6.55341e-7,4.66226e-5,0.000357089,0.357386,-8.85923e-35,72250.1
14,204,10832.3,7.91594e-12,1.71411e-8,1.15896e-8,1.15859e-5,1.83453e-48,31184.1,6.88712e-11,4.51967e-9,3.63185e-8,3.63509e-5,1.01918e-49,194509,10876.9,9.98691e-12,2.59558e-8,1.68761e-8,1.68692e-5,-1.35173e-48,31191.3,8.06149e-11,6.29927e-9,4.89271e-8,4.89587e-5,-7.50961e-50,194509,10827.1,1.77858e-11,4.27472e-8,2.71809e-8,2.71714e-5,3.7246e-44,31183.2,1.49613e-10,1.08018e-8,8.19021e-8,8.19696e-5,2.06922e-45,194509
20,204,10832.3,-1.34989e-16,-2.98256e-13,-1.9762e-13,-1.97557e-10,6.01161e-55,31184.1,-7.65382e-16,-5.0884e-14,-4.00237e-13,-4.00602e-10,3.33977e-56,341220,10876.9,3.89367e-16,1.03673e-12,6.70003e-13,6.69722e-10,3.3362e-55,31191.3,3.82329e-15,3.06008e-13,2.35988e-12,2.36134e-9,1.85344e-56,341220,10827.1,-5.20793e-18,4.8143e-15,3.82533e-16,3.76942e-13,9.22285e-52,31183.2,1.12429e-15,8.82432e-14,6.50598e-13,6.51071e-10,5.12379e-53,341220
0,205,11250,0,0,0,0,9.8325e+9,31250,0,0,0,0,5.4625e+8,385180,11250,0,0,0,0,9.8325e+9,31250,0,0,0,0,5.4625e+8,385180,11250,0,0,0,0,9.8325e+9,31250,0,0,0,0,5.4625e+8,385180
1,205,10901.1,20.4161,120.68,37.1165,37086.6,20.2669,31195.3,3.24037,18.9433,71.7417,71709.9,1.12594,337068,10918,19.4272,115.908,35.2931,35264.3,20.2675,31198,3.07904,18.1786,68.0532,68021.1,1.12597,337068,10906.1,20.1226,121.377,36.8301,36800.3,20.268,31196.1,3.19254,19.0473,71.0544,71022.2,1.126,337068
2,205,10901.1,1.02112,31.0104,14.8404,14830.6,4.47421e-8,31195.2,0.187196,4.91887,28.8545,28853.5,2.48566e-9,288955,10918,0.97147,30.1797,14.2491,14239.4,4.48274e-8,31197.9,0.176767,4.77983,27.6284,27626.1,2.49041e-9,288955,10906.1,1.00647,32.0852,15.0369,15026.8,4.48899e-8,31196,0.184527,5.08597,29.1768,29175.1,2.49388e-9,288955
3,205,10901.1,0.0521279,6.54015,3.62182,3619.73,5.18542e-13,31195.1,0.0165512,1.05785,7.13683,7138.31,2.88078e-14,240843,10918,0.0495547,6.46445,3.52194,3519.83,3.33236e-13,31197.8,0.0154325,1.04263,6.91507,6916.03,1.85131e-14,240843,10906.1,0.0514185,6.99356,3.77073,3768.51,3.08713e-13,31195.9,0.0165109,1.12937,7.41143,7412.71,1.71507e-14,240843
4,205,10901.1,0.00288033,1.31563,0.768378,767.971,4.22003e-18,31195.1,0.0024512,0.218258,1.54539,1545.9,2.34446e-19,192731,10918,0.00273354,1.3225,0.758492,758.07,2.67592e-18,31197.8,0.00228001,0.218372,1.51793,1518.31,1.48662e-19,192731,10906.1,0.00285824,1.45754,0.825802,825.352,2.32128e-18,31195.9,0.0025188,0.24106,1.6551,1655.57,1.2896e-19,192731
6,205,10901.1,2.17958e-5,0.0522632,0.031119,31.1034,-1.76947e-26,31195.1,9.35943e-5,0.00918139,0.0660061,66.0326,-9.83046e-28,254675,10918,2.08803e-5,0.0543737,0.0317614,31.7446,-8.42761e-26,31197.8,8.91193e-5,0.00946651,0.0667748,66.7962,-4.682e-27,254675,10906.1,2.33979e-5,0.0622466,0.0358779,35.8593,1.11218e-27,31195.9,0.000103104,0.0108611,0.0755968,75.6232,6.17876e-29,254675
9,205,10901.1,1.26924e-7,0.00042822,0.000252711,0.252584,1.0274e-33,31195.1,8.18771e-7,8.21279e-5,0.00058506,0.585293,5.7078e-35,347591,10918,1.28155e-7,0.000468231,0.000271226,0.271082,5.3567e-33,31197.8,8.14526e-7,8.84032e-5,0.000618258,0.618453,2.97594e-34,347591,10906.1,1.56417e-7,0.000567421,0.000324343,0.324174,-3.99436e-35,31195.9,9.99104e-7,0.000107447,0.000741567,0.741824,-2.21909e-36,347591
14,205,10901.1,4.20889e-11,1.40514e-7,8.38074e-8,8.37657e-5,-2.16516e-43,31195.1,3.15852e-10,3.11753e-8,2.24384e-7,0.000224475,-1.20287e-44,221086,10918,4.61778e-11,1.67052e-7,9.77343e-8,9.76827e-5,-3.17912e-44,31197.8,3.37572e-10,3.60846e-8,2.54819e-7,0.000254902,-1.76616e-45,221086,10906.1,6.20188e-11,2.22624e-7,1.28502e-7,0.000128435,6.29632e-47,31195.9,4.55814e-10,4.82909e-8,3.36469e-7,0.000336588,3.49797e-48,221086
20,205,10901.1,2.37251e-15,7.62953e-12,4.6327e-12,4.63044e-9,-1.29234e-48,31195.1,2.15221e-14,2.05098e-12,1.50134e-11,1.50199e-8,-7.17968e-50,69280.3,10918,4.26506e-15,1.4888e-11,8.90185e-12,8.89721e-9,9.17944e-50,31197.8,3.5632e-14,3.68416e-12,2.65394e-11,2.65485e-8,5.09965e-51,69280.3,10906.1,4.90078e-15,1.70092e-11,9.9861e-12,9.98101e-9,5.78123e-55,31195.9,4.22185e-14,4.33226e-12,3.06744e-11,3.06859e-8,3.2118e-56,69280.3
0,206,7500,0,0,0,0,6.555e+9,22727.3,0,0,0,0,3.97273e+8,2.10745e+6,7500,0,0,0,0,6.555e+9,22727.3,0,0,0,0,3.97273e+8,2.10745e+6,7500,0,0,0,0,6.555e+9,22727.3,0,0,0,0,3.97273e+8,2.10745e+6
1,206,7397.72,5.98814,29.9371,9.75541,9746.52,13.5131,22708.4,1.11335,5.5397,22.2462,22230,0.818977,1.65088e+6,7394.23,6.19276,31.2757,10.0847,10075.5,13.5122,22707.7,1.15186,5.78884,22.9645,22948,0.818921,1.65088e+6,7389.99,6.44041,33.0611,10.6037,10594.1,13.5112,22706.9,1.19858,6.12116,24.1531,24136.1,0.818859,1.65088e+6
2,206,7397.72,0.298614,5.73741,3.20211,3199.43,2.74921e-8,22708.3,0.0588085,1.06781,7.3234,7319.76,1.66618e-9,1.19432e+6,7394.22,0.308838,6.09919,3.34835,3345.57,2.74945e-8,22707.7,0.06098,1.13553,7.64754,7643.85,1.66633e-9,1.19432e+6,7389.99,0.321222,6.59576,3.57734,3574.38,2.74972e-8,22706.9,0.0636882,1.22857,8.17369,8169.88,1.66649e-9,1.19432e+6
3,206,7397.72,0.0149707,0.800209,0.579704,579.254,9.32825e-14,22708.3,0.00365835,0.15085,1.3355,1335.08,5.65348e-15,737751,7394.22,0.0154892,0.871827,0.616508,616.032,9.07084e-14,22707.7,0.00383283,0.164421,1.41856,1418.14,5.49747e-15,737751,7389.99,0.0161198,0.968887,0.672219,671.705,8.7334e-14,22706.9,0.00406759,0.182852,1.5477,1547.27,5.29296e-15,737751
4,206,7397.72,0.000761352,0.0949551,0.0819942,81.9346,-4.07607e-19,22708.3,0.000296131,0.0182722,0.19133,191.298,-2.47034e-20,281185,7394.22,0.000788989,0.106792,0.089196,89.1316,-3.51839e-19,22707.7,0.000317699,0.0205555,0.207912,207.88,-2.13235e-20,281185,7389.99,0.000823048,0.122377,0.0996228,99.5515,-2.96404e-19,22706.9,0.000348549,0.023574,0.232426,232.395,-1.79639e-20,281185
6,206,7397.72,2.23573e-6,0.00116987,0.00116738,1.16662,1.39671e-25,22708.3,3.29459e-6,0.000239497,0.00284788,2.84798,8.46492e-27,375667,7394.22,2.36233e-6,0.00141209,0.00134697,1.34609,8.57481e-26,22707.7,3.77352e-6,0.000288656,0.00328158,3.28172,5.19685e-27,375667,7389.99,2.52945e-6,0.00172757,0.0015917,1.59067,2.2892e-25,22706.9,4.46367e-6,0.000353173,0.00388253,3.88274,1.38739e-26,375667
9,206,7397.72,8.60236e-10,1.68816e-6,1.69292e-6,0.00169186,5.92232e-35,22708.3,5.09266e-9,3.86807e-7,4.57389e-6,0.00457436,3.58928e-36,517391,7394.22,1.03879e-9,2.2605e-6,2.16127e-6,0.00215991,7.79149e-34,22707.7,6.44433e-9,5.14617e-7,5.81236e-6,0.00581294,4.7221e-35,517391,7389.99,1.29336e-9,3.05514e-6,2.81256e-6,0.0028108,-2.70603e-34,22706.9,8.41355e-9,6.93622e-7,7.56159e-6,0.00756239,-1.64002e-35,517391
14,206,7397.72,1.25975e-14,3.12755e-11,3.2441e-11,3.2421e-8,-7.6229e-46,22708.3,1.18285e-13,8.62681e-12,1.05198e-10,1.05211e-7,-4.61993e-47,308179,7394.22,1.81034e-14,4.8051e-11,4.73953e-11,4.73659e-8,-1.30218e-45,22707.7,1.70735e-13,1.3118e-11,1.5247e-10,1.52488e-7,-7.89198e-47,308179,7389.99,2.78382e-14,7.69186e-11,7.29391e-11,7.28939e-8,-7.1356e-44,22706.9,2.62221e-13,2.08194e-11,2.33307e-10,2.33335e-7,-4.3246e-45,308179
20,206,7397.72,-3.25305e-17,-7.97708e-14,-8.27211e-14,-8.26707e-11,-1.04701e-49,22708.3,-3.17296e-16,-2.2915e-14,-2.77582e-13,-2.77621e-10,-6.34552e-51,57124.8,7394.22,-1.02154e-17,-2.65647e-14,-2.68916e-14,-2.6875e-11,-9.10957e-50,22707.7,-1.19531e-16,-9.15008e-15,-1.07033e-13,-1.07045e-10,-5.52094e-51,57124.8,7389.99,-1.90908e-17,-6.23401e-14,-5.12259e-14,-5.11937e-11,9.75494e-51,22706.9,-1.94335e-16,-1.81238e-14,-1.76889e-13,-1.76906e-10,5.91207e-52,57124.8
0,301,7500,0,0,0,0,6.555e+9,22727.3,0,0,0,0,3.97273e+8,506948,7500,0,0,0,0,6.555e+9,22727.3,0,0,0,0,3.97273e+8,506948,7500,0,0,0,0,6.555e+9,22727.3,0,0,0,0,3.97273e+8,506948
1,301,7455.48,2.60693,12.4369,4.09879,4094.85,13.5117,22719.1,0.481304,2.2916,9.31143,9303.23,0.818892,429905,7460.65,2.30422,11.463,3.70055,3696.97,13.5111,22720,0.425167,2.11133,8.39004,8382.53,0.818855,429905,7457.58,2.48436,12.2627,3.9688,3964.98,13.5127,22719.5,0.458571,2.25914,9.00006,8992.08,0.818954,429905
2,301,7455.48,0.129879,2.378,1.32569,1324.46,2.74961e-8,22719.1,0.0245682,0.43927,3.01548,3013.12,1.66643e-9,352862,7460.65,0.114792,2.31966,1.24584,1244.67,2.74975e-8,22720,0.021662,0.428166,2.82775,2825.46,1.66652e-9,352862,7457.58,0.123771,2.45547,1.32616,1324.92,2.74933e-8,22719.5,0.0233999,0.453418,3.01093,3008.54,1.66626e-9,352862
3,301,7455.48,0.00648523,0.353914,0.245866,245.644,8.3114e-14,22719.1,0.00135476,0.0657316,0.56104,560.643,5.03721e-15,275819,7460.65,0.00573138,0.369061,0.243146,242.923,7.75547e-14,22720,0.00119082,0.068429,0.553386,552.972,4.70028e-15,275819,7457.58,0.00618073,0.385893,0.256374,256.141,8.13252e-14,22719.5,0.00129328,0.0716079,0.583795,583.37,4.9288e-15,275819
4,301,7455.48,0.000325973,0.0485916,0.0376277,37.5943,-2.10853e-19,22719.1,8.90118e-5,0.0090982,0.0863354,86.2788,-1.2779e-20,198775,7460.65,0.000288149,0.0545403,0.0395397,39.5039,4.14613e-20,22720,7.87461e-5,0.0101789,0.0904055,90.3415,2.5128e-21,198775,7457.58,0.000310882,0.0562683,0.0412258,41.1889,-8.61065e-20,22719.5,8.63863e-5,0.0105164,0.0943475,94.283,-5.21857e-21,198775
6,301,7455.48,8.92673e-7,0.000896976,0.000730649,0.730014,-4.02929e-26,22719.1,8.174e-7,0.000171534,0.00170567,1.70464,-2.44199e-27,417286,7460.65,8.00483e-7,0.00117261,0.000884017,0.883228,1.01157e-25,22720,7.99599e-7,0.000222492,0.00204969,2.0483,6.13072e-27,417286,7457.58,8.65872e-7,0.0011764,0.000898136,0.897344,-1.67926e-25,22719.5,8.83364e-7,0.000223898,0.00208707,2.08573,-1.01774e-26,417286
9,301,7455.48,3.60156e-10,2.61064e-6,2.02744e-6,0.00202568,1.03596e-33,22719.1,1.92182e-9,5.16282e-7,4.89258e-6,0.00488959,6.27851e-35,745052,7460.65,4.13978e-10,4.25402e-6,3.06897e-6,0.00306623,4.90077e-33,22720,2.366e-9,8.2825e-7,7.30102e-6,0.00729607,2.97016e-34,745052,7457.58,4.41554e-10,4.09348e-6,2.98988e-6,0.00298723,-7.6189e-33,22719.5,2.52746e-9,8.01588e-7,7.14744e-6,0.0071428,-4.61751e-34,745052
14,301,7455.48,1.63866e-14,1.5911e-10,1.26735e-10,1.26625e-7,1.48066e-45,22719.1,1.25564e-13,3.3182e-11,3.22559e-10,3.22362e-7,8.97368e-47,464178,7460.65,2.9386e-14,3.72801e-10,2.75258e-10,2.75012e-7,-3.85141e-44,22720,2.20043e-13,7.56274e-11,6.82336e-10,6.81874e-7,-2.33418e-45,464178,7457.58,2.91461e-14,3.34455e-10,2.50081e-10,2.4986e-7,-3.16566e-41,22719.5,2.20094e-13,6.85301e-11,6.25599e-10,6.25194e-7,-1.91858e-42,464178
20,301,7455.48,2.68189e-17,2.4419e-13,2.034e-13,2.03224e-10,-6.08479e-50,22719.1,2.10259e-16,5.20842e-14,5.29082e-13,5.28763e-10,-3.68774e-51,127128,7460.65,-4.01588e-18,-4.11432e-14,-3.53537e-14,-3.53224e-11,-5.85343e-52,22720,-3.02424e-17,-8.38798e-15,-8.80616e-14,-8.80038e-11,-3.54753e-53,127128,7457.58,-3.30476e-18,-2.66019e-14,-2.60059e-14,-2.59832e-11,-5.09521e-49,22719.5,-2.49454e-17,-5.42239e-15,-6.49045e-14,-6.48645e-11,-3.08801e-50,127128
0,302,11250,0,0,0,0,9.8325e+9,31250,0,0,0,0,5.4625e+8,104568,11250,0,0,0,0,9.8325e+9,31250,0,0,0,0,5.4625e+8,104568,11250,0,0,0,0,9.8325e+9,31250,0,0,0,0,5.4625e+8,104568
1,302,11226.1,1.39899,6.18619,2.08711,2085.05,20.2668,31246.3,0.21628,0.955776,3.97664,3972.82,1.12594,140839,11227.1,1.34235,6.39278,2.09074,2088.68,20.2669,31246.5,0.207514,0.987643,3.97684,3973.01,1.12594,140839,11222.8,1.59181,7.36494,2.43137,2428.98,20.2669,31245.8,0.246154,1.13807,4.62562,4621.2,1.12594,140839
2,302,11226.1,0.0696669,1.0907,0.635076,634.458,4.48108e-8,31246.3,0.0108494,0.16866,1.21055,1209.42,2.48949e-9,177110,11227.1,0.0668473,1.2417,0.681154,680.49,4.4804e-8,31246.5,0.010413,0.191984,1.29615,1294.95,2.48911e-9,177110,11222.8,0.0792725,1.37714,0.771082,770.334,4.48135e-8,31245.8,0.0123659,0.213004,1.46766,1466.32,2.48964e-9,177110
3,302,11226.1,0.00347164,0.150718,0.110538,110.432,-5.28546e-14,31246.3,0.000556781,0.0233505,0.210928,210.738,-2.93637e-15,213381,11227.1,0.00333152,0.191866,0.129088,128.963,2.65578e-14,31246.5,0.000536385,0.0297142,0.245881,245.657,1.47544e-15,213381,11222.8,0.00395122,0.20363,0.141279,141.143,3.67496e-14,31245.8,0.000639298,0.0315597,0.269227,268.987,2.04165e-15,213381
4,302,11226.1,0.000173324,0.0194872,0.0159302,15.915,-1.10827e-19,31246.3,3.02755e-5,0.00302789,0.0304558,30.4289,-6.15708e-21,249652,11227.1,0.000166438,0.0280103,0.0205662,20.5464,3.34725e-19,31246.5,2.97335e-5,0.00434834,0.0392395,39.2044,1.85958e-20,249652,11222.8,0.000197445,0.0283389,0.0216284,21.6078,3.85575e-19,31245.8,3.56724e-5,0.00440532,0.0413007,41.2647,2.14209e-20,249652
6,302,11226.1,4.41623e-7,0.0003062,0.000271725,0.271467,1.99809e-26,31246.3,1.38233e-7,4.79484e-5,0.00052268,0.52223,1.11005e-27,224565,11227.1,4.29777e-7,0.000569818,0.000443074,0.44265,-3.00807e-25,31246.5,1.64506e-7,8.89985e-5,0.000849677,0.848929,-1.67115e-26,224565,11222.8,5.09601e-7,0.000520943,0.000424776,0.424373,-1.8734e-25,31245.8,1.95208e-7,8.16136e-5,0.00081631,0.815614,-1.04078e-26,224565
9,302,11226.1,8.06177e-11,5.72085e-7,5.23305e-7,0.000522809,-4.9877e-35,31246.3,1.58023e-10,9.08329e-8,1.01949e-6,0.00101862,-2.77095e-36,186934,11227.1,1.06853e-10,1.59017e-6,1.25935e-6,0.00125815,3.07296e-39,31246.5,3.09723e-10,2.50928e-7,2.43872e-6,0.00243658,1.7072e-40,186934,11222.8,1.17696e-10,1.24316e-6,1.03635e-6,0.00103537,4.55113e-40,31245.8,3.20166e-10,1.97381e-7,2.01679e-6,0.00201508,2.52841e-41,186934
14,302,11226.1,7.92378e-16,1.59324e-11,1.48438e-11,1.48297e-8,4.65841e-45,31246.3,4.45517e-15,2.59124e-12,2.96077e-11,2.95825e-8,2.58801e-46,123382,11227.1,3.11364e-15,8.48579e-11,6.80805e-11,6.80155e-8,4.31776e-48,31246.5,1.68668e-14,1.36275e-11,1.34146e-10,1.34029e-7,2.39876e-49,123382,11222.8,2.44654e-15,5.06533e-11,4.28397e-11,4.27992e-8,-4.64897e-47,31245.8,1.33868e-14,8.23084e-12,8.52954e-11,8.52234e-8,-2.58276e-48,123382
20,302,11226.1,-8.39895e-19,-1.67694e-14,-1.5508e-14,-1.54933e-11,1.45175e-51,31246.3,-4.6817e-18,-2.74617e-15,-3.11475e-14,-3.11211e-11,8.06527e-53,47119.8,11227.1,-1.71707e-17,-4.71675e-13,-3.79159e-13,-3.78797e-10,6.04379e-52,31246.5,-9.45555e-17,-7.61399e-14,-7.50952e-13,-7.50295e-10,3.35767e-53,47119.8,11222.8,-8.37562e-19,-1.8372e-14,-1.49256e-14,-1.49115e-11,-1.27918e-54,31245.8,-4.68324e-18,-3.02358e-15,-3.01024e-14,-3.00769e-11,-7.10658e-56,47119.8
0,303,11250,0,0,0,0,9.8325e+9,31250,0,0,0,0,5.4625e+8,282951,11250,0,0,0,0,9.8325e+9,31250,0,0,0,0,5.4625e+8,282951,11250,0,0,0,0,9.8325e+9,31250,0,0,0,0,5.4625e+8,282951
1,303,11183.3,3.90425,18.4208,6.08625,6080.41,20.2668,31239.7,0.605572,2.852,11.6181,11607.8,1.12593,307039,11182.2,3.97256,19.2827,6.26854,6262.52,20.2668,31239.5,0.616229,2.98559,11.947,11936.4,1.12593,307039,11178.8,4.167,20.3809,6.60928,6602.95,20.2669,31239,0.646561,3.15613,12.5983,12587.2,1.12594,307039
2,303,11183.3,0.19451,3.52798,1.96379,1961.97,4.48133e-8,31239.7,0.0308395,0.547478,3.75311,3750.11,2.48962e-9,331126,11182.2,0.19792,3.83375,2.0771,2075.18,4.481e-8,31239.5,0.0314141,0.594944,3.96336,3960.2,2.48944e-9,331126,11178.8,0.207616,4.09324,2.20582,2203.78,4.48146e-8,31239,0.0330059,0.635378,4.20982,4206.5,2.4897e-9,331126
3,303,11183.3,0.00971226,0.535391,0.367268,366.936,1.51834e-13,31239.7,0.00168587,0.0834915,0.703953,703.437,8.4352e-15,355214,11182.2,0.00988474,0.607441,0.401631,401.268,1.52062e-13,31239.5,0.00172892,0.0947176,0.76858,768.015,8.44789e-15,355214,11178.8,0.0103712,0.656193,0.430414,430.026,1.5284e-13,31239,0.00182803,0.102365,0.823931,823.335,8.49113e-15,355214
4,303,11183.3,0.000488212,0.0765002,0.0575275,57.4764,-6.57005e-19,31239.7,0.000108998,0.0120158,0.110816,110.739,-3.65003e-20,379302,11182.2,0.000497451,0.0909389,0.0654275,65.3693,7.5814e-20,31239.5,0.000114567,0.0142777,0.125818,125.731,4.21189e-21,379302,11178.8,0.000522366,0.0994915,0.0708725,70.8098,3.7482e-20,31239,0.000123259,0.0156311,0.136361,136.268,2.08233e-21,379302
6,303,11183.3,1.34472e-6,0.00145853,0.00117868,1.17765,-2.28585e-24,31239.7,9.99033e-7,0.000233353,0.00230529,2.3038,-1.26991e-25,271177,11182.2,1.3985e-6,0.00191571,0.001468,1.46671,-5.66046e-25,31239.5,1.17744e-6,0.000306017,0.00286437,2.86249,-3.1447e-26,271177,11178.8,1.48602e-6,0.00215288,0.00162994,1.62852,1.32562e-25,31239,1.33849e-6,0.000344305,0.0031836,3.18155,7.36454e-27,271177
9,303,11183.3,5.44507e-10,3.44664e-6,2.91649e-6,0.00291397,3.15346e-33,31239.7,2.23549e-9,5.69536e-7,5.87778e-6,0.00587411,1.75192e-34,108991,11182.2,7.07737e-10,5.30792e-6,4.23168e-6,0.004228,-2.97408e-33,31239.5,3.12108e-9,8.73447e-7,8.49064e-6,0.00848524,-1.65227e-34,108991,11178.8,8.25065e-10,6.21876e-6,4.89246e-6,0.00488824,-4.73314e-34,31239,3.74026e-9,1.02524e-6,9.83371e-6,0.00982759,-2.62952e-35,108991
14,303,11183.3,1.5976e-14,1.33488e-10,1.14127e-10,1.14028e-7,-8.82991e-42,31239.7,9.38287e-14,2.33734e-11,2.43472e-10,2.43322e-7,-4.90551e-43,124050,11182.2,2.91942e-14,2.69528e-10,2.16677e-10,2.1649e-7,-1.88494e-42,31239.5,1.70332e-13,4.67509e-11,4.57927e-10,4.57639e-7,-1.04719e-43,124050,11178.8,3.73997e-14,3.3842e-10,2.68378e-10,2.68147e-7,3.23952e-43,31239,2.18965e-13,5.88776e-11,5.68855e-10,5.68505e-7,1.79973e-44,124050
20,303,11183.3,-1.3528e-17,-1.13238e-13,-9.67509e-14,-9.66677e-11,9.96308e-48,31239.7,-8.00097e-17,-1.99625e-14,-2.07806e-13,-2.07678e-10,5.53504e-49,142122,11182.2,-3.50884e-17,-3.24681e-13,-2.60807e-13,-2.60581e-10,1.98991e-47,31239.5,-2.07214e-16,-5.69545e-14,-5.57425e-13,-5.57074e-10,1.10551e-48,142122,11178.8,-1.12282e-16,-1.022e-12,-8.07508e-13,-8.06813e-10,-2.50081e-49,31239,-6.62899e-16,-1.79145e-13,-1.72458e-12,-1.72351e-9,-1.38934e-50,142122
0,304,11250,0,0,0,0,9.8325e+9,31250,0,0,0,0,5.4625e+8,968472,11250,0,0,0,0,9.8325e+9,31250,0,0,0,0,5.4625e+8,968472,11250,0,0,0,0,9.8325e+9,31250,0,0,0,0,5.4625e+8,968472
1,304,11108.4,8.29071,50.2128,15.3401,15326,20.2676,31228,1.29409,7.80213,29.379,29356.2,1.12598,774536,11127.7,7.16358,43.6188,13.2086,13196.3,20.2676,31231,1.11639,6.77117,25.2338,25213.4,1.12598,774536,11110.9,8.14686,50.7866,15.2643,15250.2,20.2676,31228.4,1.27142,7.89022,29.1825,29159.7,1.12598,774536
2,304,11108.4,0.413568,13.0931,6.22809,6222.72,4.42459e-8,31228,0.0687297,2.04295,11.9561,11948.8,2.45811e-9,580601,11127.7,0.35725,11.4733,5.39605,5391.29,4.42458e-8,31231,0.0587827,1.78741,10.3295,10322.6,2.4581e-9,580601,11110.9,0.406404,13.8082,6.39032,6384.78,4.42459e-8,31228.4,0.0675795,2.15381,12.2451,12237.4,2.4581e-9,580601
3,304,11108.4,0.0208129,2.74798,1.52619,1524.93,1.04315e-13,31228,0.00462679,0.43217,2.94561,2944.1,5.79527e-15,386665,11127.7,0.0179541,2.43566,1.33413,1332.99,9.79119e-14,31231,0.00382979,0.381999,2.5656,2564.1,5.43955e-15,386665,11110.9,0.0204637,3.04661,1.63095,1629.59,7.87167e-14,31228.4,0.00460741,0.478735,3.14124,3139.57,4.37315e-15,386665
4,304,11108.4,0.0010851,0.537186,0.319342,319.085,-2.60152e-19,31228,0.000496885,0.0853727,0.621476,621.192,-1.44529e-20,192729,11127.7,0.00093109,0.482698,0.282378,282.143,-1.65228e-19,31231,0.000392331,0.0763788,0.546869,546.577,-9.17932e-21,192729,11110.9,0.0010717,0.629368,0.358236,357.944,-1.92733e-19,31228.4,0.000516926,0.0998563,0.695362,695.027,-1.07074e-20,192729
6,304,11108.4,5.06005e-6,0.0193687,0.0119616,11.9522,6.70208e-27,31228,1.43973e-5,0.00315521,0.0238049,23.7951,3.72338e-28,171182,11127.7,4.15796e-6,0.017933,0.0108779,10.869,-4.39874e-25,31231,1.11472e-5,0.00289726,0.0214683,21.4577,-2.44374e-26,171182,11110.9,5.48127e-6,0.0254788,0.0149847,14.9727,-6.55295e-25,31228.4,1.68985e-5,0.00413401,0.0296891,29.6759,-3.64052e-26,171182
9,304,11108.4,1.76838e-8,0.000129984,8.08863e-5,0.0808227,-5.08759e-42,31228,1.00088e-7,2.20246e-5,0.000167319,0.167251,-2.82644e-43,138860,11127.7,1.44042e-8,0.000126002,7.6973e-5,0.0769101,2.63852e-40,31231,8.02658e-8,2.10407e-5,0.000156931,0.156854,1.46584e-41,138860,11110.9,2.47048e-8,0.000203866,0.000120655,0.120558,-6.97009e-39,31228.4,1.3955e-7,3.42669e-5,0.000247526,0.247418,-3.87227e-40,138860
14,304,11108.4,4.11549e-12,3.07561e-8,1.91339e-8,1.91188e-5,-2.72575e-52,31228,2.53168e-11,5.56822e-9,4.22874e-8,4.22704e-5,-1.5143e-53,151372,11127.7,3.61619e-12,3.22018e-8,1.96666e-8,1.96505e-5,-2.35828e-50,31231,2.16941e-11,5.68473e-9,4.2386e-8,4.23652e-5,-1.31016e-51,151372,11110.9,7.75152e-12,6.47186e-8,3.82912e-8,3.82606e-5,-1.05463e-48,31228.4,4.70242e-11,1.15434e-8,8.33551e-8,8.33187e-5,-5.85907e-50,151372
20,304,11108.4,-4.55839e-16,-3.4171e-12,-2.12089e-12,-2.11922e-9,-6.13128e-59,31228,-2.76912e-15,-6.10878e-13,-4.62867e-12,-4.62681e-9,-3.40626e-60,166387,11127.7,1.34216e-16,1.20122e-12,7.31647e-13,7.3105e-10,3.72899e-58,31231,8.72368e-16,2.29703e-13,1.70827e-12,1.70743e-9,2.07166e-59,166387,11110.9,3.2304e-16,2.71554e-12,1.60041e-12,1.59914e-9,3.08573e-57,31228.4,2.16331e-15,5.34456e-13,3.84524e-12,3.84355e-9,1.71429e-58,166387
0,305,11250,0,0,0,0,9.8325e+9,31250,0,0,0,0,5.4625e+8,213065,11250,0,0,0,0,9.8325e+9,31250,0,0,0,0,5.4625e+8,213065,11250,0,0,0,0,9.8325e+9,31250,0,0,0,0,5.4625e+8,213065
1,305,11181.4,4.01826,18.12,6.07967,6073.84,20.2668,31239.4,0.62332,2.80571,11.6066,11596.3,1.12594,175911,11181.9,3.98525,18.2118,6.0413,6035.5,20.2668,31239.5,0.61817,2.81983,11.5141,11503.9,1.12593,175911,11180.5,4.06757,18.9864,6.25495,6248.95,20.2668,31239.2,0.63102,2.93997,11.922,11911.5,1.12593,175911
2,305,11181.4,0.200187,3.23707,1.87199,1870.26,4.48234e-8,31239.4,0.0317227,0.502461,3.57814,3575.32,2.49019e-9,138756,11181.9,0.198542,3.31169,1.88333,1881.59,4.48168e-8,31239.5,0.0314604,0.513995,3.59373,3590.89,2.48982e-9,138756,11180.5,0.20265,3.5505,1.98866,1986.83,4.48154e-8,31239.2,0.0321479,0.551105,3.79503,3792.04,2.48974e-9,138756
3,305,11181.4,0.00999336,0.448276,0.327943,327.649,-2.78287e-14,31239.4,0.00172157,0.0699604,0.628765,628.316,-1.54604e-15,101601,11181.9,0.00991167,0.468302,0.335115,334.813,-2.54739e-14,31239.5,0.00170924,0.0730654,0.641381,640.92,-1.41521e-15,101601,11180.5,0.0101186,0.518673,0.362663,362.337,1.52731e-13,31239.2,0.00175684,0.0809284,0.694184,693.686,8.48506e-15,101601
4,305,11181.4,0.000501627,0.0572998,0.0471694,47.128,1.68384e-19,31239.4,0.000107664,0.00901711,0.0909294,90.8693,9.35468e-21,64446.6,11181.9,0.000497659,0.0612678,0.0491065,49.0632,1.421e-19,31239.5,0.000107544,0.0096355,0.0944816,94.4185,7.89445e-21,64446.6,11180.5,0.000508477,0.0703193,0.0547087,54.6605,-7.58629e-19,31239.2,0.000112684,0.0110578,0.105272,105.201,-4.2146e-20,64446.6
6,305,11181.4,1.34275e-6,0.000883018,0.000789315,0.788639,-1.4136e-25,31239.4,8.06453e-7,0.000142124,0.00154862,1.54769,-7.85333e-27,117205,11181.9,1.33908e-6,0.000991908,0.000858688,0.857949,-2.0359e-25,31239.5,8.38254e-7,0.000159358,0.00168027,1.67924,-1.13106e-26,117205,11180.5,1.38573e-6,0.00122799,0.00102392,1.02303,2.46224e-26,31239.2,9.58452e-7,0.00019711,0.00200318,2.00194,1.36791e-27,117205
9,305,11181.4,3.83832e-10,1.71095e-6,1.53797e-6,0.00153666,9.52091e-34,31239.4,1.32516e-9,2.86356e-7,3.12967e-6,0.00312784,5.28939e-35,196342,11181.9,4.12998e-10,2.06973e-6,1.79952e-6,0.00179798,5.36568e-33,31239.5,1.49004e-9,3.44928e-7,3.64472e-6,0.00364254,2.98093e-34,196342,11180.5,4.97823e-10,2.87861e-6,2.40427e-6,0.00240221,6.04893e-34,31239.2,1.94584e-9,4.78399e-7,4.86154e-6,0.0048586,3.36053e-35,196342
14,305,11181.4,7.20903e-15,5.18501e-11,4.7081e-11,4.7041e-8,-1.04745e-45,31239.4,4.28355e-14,9.26892e-12,1.02284e-10,1.02225e-7,-5.81915e-47,119131,11181.9,9.35346e-15,7.18627e-11,6.30648e-11,6.3011e-8,-1.00558e-43,31239.5,5.49483e-14,1.27288e-11,1.35709e-10,1.35628e-7,-5.58654e-45,119131,11180.5,1.45303e-14,1.19442e-10,1.00637e-10,1.00551e-7,9.56326e-44,31239.2,8.56895e-14,2.10428e-11,2.15661e-10,2.15531e-7,5.31293e-45,119131
20,305,11181.4,-1.93163e-17,-1.40949e-13,-1.2668e-13,-1.26573e-10,-1.66847e-49,31239.4,-1.16543e-16,-2.55244e-14,-2.78655e-13,-2.78493e-10,-9.26927e-51,26478.6,11181.9,-6.51273e-17,-5.02446e-13,-4.43135e-13,-4.42757e-10,-1.62495e-47,31239.5,-3.9375e-16,-9.05332e-14,-9.69924e-13,-9.69347e-10,-9.02747e-49,26478.6,11180.5,-1.11498e-17,-9.65408e-14,-7.78669e-14,-7.78002e-11,2.14222e-51,31239.2,-6.74548e-17,-1.74006e-14,-1.70799e-13,-1.70695e-10,1.19012e-52,26478.6
0,306,7500,0,0,0,0,6.555e+9,22727.3,0,0,0,0,3.97273e+8,1.1094e+6,7500,0,0,0,0,6.555e+9,22727.3,0,0,0,0,3.97273e+8,1.1094e+6,7500,0,0,0,0,6.555e+9,22727.3,0,0,0,0,3.97273e+8,1.1094e+6
1,306,7481.81,1.06563,5.978,1.87027,1868.43,13.5116,22723.9,0.196145,1.09935,4.24145,4237.41,0.818886,993075,7480.35,1.15113,6.30185,1.97313,1971.19,13.5119,22723.7,0.211916,1.15902,4.46778,4463.54,0.818902,993075,7479.85,1.18002,6.79977,2.09427,2092.21,13.5114,22723.6,0.217254,1.25064,4.74223,4737.73,0.818873,993075
2,306,7481.81,0.0530727,1.41625,0.706313,705.626,2.74949e-8,22723.9,0.00988947,0.260687,1.6026,1601.13,1.66635e-9,876750,7480.35,0.0573316,1.44461,0.72743,726.724,2.74943e-8,22723.7,0.0106896,0.265957,1.64802,1646.52,1.66632e-9,876750,7479.85,0.0587726,1.67314,0.812951,812.163,2.74954e-8,22723.6,0.0109726,0.308036,1.84184,1840.17,1.66639e-9,876750
3,306,7481.81,0.00264697,0.26892,0.158898,158.745,-1.29174e-14,22723.9,0.000524364,0.0495893,0.36096,360.637,-7.82872e-16,760426,7480.35,0.00285943,0.264189,0.15875,158.598,5.53865e-15,22723.7,0.000567106,0.0487354,0.360118,359.8,3.35676e-16,760426,7479.85,0.00293216,0.33229,0.189589,189.406,-1.39839e-14,22723.6,0.000587917,0.0612943,0.430085,429.705,-8.47511e-16,760426
4,306,7481.81,0.000132727,0.0477897,0.0303769,30.3477,-1.97142e-19,22723.9,3.25527e-5,0.00883439,0.0691362,69.0754,-1.1948e-20,644101,7480.35,0.000143359,0.0451197,0.029304,29.276,7.23056e-20,22723.7,3.5039e-5,0.00834644,0.0666134,66.5557,4.38217e-21,644101,7479.85,0.00014723,0.0620337,0.0378307,37.7945,-5.71692e-22,22723.6,3.79931e-5,0.0114723,0.0859921,85.9173,-3.4648e-23,644101
6,306,7481.81,3.67563e-7,0.00139641,0.000937872,0.936975,5.84059e-26,22723.9,3.46384e-7,0.000259698,0.00214587,2.14401,3.53975e-27,489729,7480.35,3.93462e-7,0.00121558,0.000837632,0.836835,6.02167e-27,22723.7,3.49349e-7,0.000226402,0.00191541,1.91378,3.6495e-28,489729,7479.85,4.21787e-7,0.0020137,0.00128878,1.28756,2.12768e-28,22723.6,4.85711e-7,0.000374708,0.00294565,2.94313,1.2895e-29,489729
9,306,7481.81,2.40903e-10,6.19367e-6,4.33174e-6,0.00432761,-1.49625e-33,22723.9,1.41131e-9,1.16361e-6,1.00075e-5,0.00999886,-9.0682e-35,258171,7480.35,2.21079e-10,4.77863e-6,3.43339e-6,0.00343014,-6.18585e-35,22723.7,1.25118e-9,9.00389e-7,7.93797e-6,0.00793127,-3.74901e-36,258171,7479.85,3.88064e-10,1.05589e-5,7.00181e-6,0.00699515,6.75236e-36,22723.6,2.41016e-9,1.98498e-6,1.61615e-5,0.0161477,4.09234e-37,258171
14,306,7481.81,2.18303e-14,6.40603e-10,4.57408e-10,4.56973e-7,-1.34156e-42,22723.9,1.55365e-13,1.22557e-10,1.07579e-9,1.07487e-6,-8.13064e-44,186040,7480.35,1.58888e-14,4.05633e-10,2.97713e-10,2.97432e-7,-7.18085e-44,22723.7,1.13382e-13,7.80361e-11,7.02527e-10,7.01937e-7,-4.35204e-45,186040,7479.85,4.96588e-14,1.46179e-9,9.86869e-10,9.85932e-7,-2.4573e-44,22723.6,3.53345e-13,2.79827e-10,2.31896e-9,2.31699e-6,-1.48928e-45,186040
20,306,7481.81,9.93041e-19,3.16679e-14,2.12872e-14,2.12669e-11,4.32468e-51,22723.9,7.20126e-18,6.16206e-15,5.09668e-14,5.09231e-11,2.62102e-52,99482.5,7480.35,-2.42158e-18,-5.96536e-14,-4.48199e-14,-4.47775e-11,-9.9865e-52,22723.7,-1.73593e-17,-1.15244e-14,-1.06198e-13,-1.06109e-10,-6.05244e-53,99482.5,7479.85,-1.23213e-17,-3.58902e-13,-2.43293e-13,-2.43062e-10,-1.63562e-53,22723.6,-8.83586e-17,-6.92311e-14,-5.76062e-13,-5.75574e-10,-9.91283e-55,99482.5
