time,id,TT_SAEM,I1T_SAEM,I2T_SAEM,VIT_SAEM,VNIT_SAEM,ViniT_SAEM,TN_SAEM,I1N_SAEM,I2N_SAEM,VIN_SAEM,VNIN_SAEM,ViniN_SAEM,TT_mean,I1T_mean,I2T_mean,VIT_mean,VNIT_mean,ViniT_mean,TN_mean,I1N_mean,I2N_mean,VIN_mean,VNIN_mean,ViniN_mean,TT_mode,I1T_mode,I2T_mode,VIT_mode,VNIT_mode,ViniT_mode,TN_mode,I1N_mode,I2N_mode,VIN_mode,VNIN_mode,ViniN_mode
0,101,7500,0,0,0,0,6.555e+9,22727.3,0,0,0,0,3.97273e+8,7500,0,0,0,0,6.555e+9,22727.3,0,0,0,0,3.97273e+8,7500,0,0,0,0,6.555e+9,22727.3,0,0,0,0,3.97273e+8
1,101,3.31265,382.112,2189.33,576.619,576055,13.5124,12626.1,1174.51,3192.35,8007.08,8.68495e+6,0.818663,2.70068,381.856,2179.13,560.188,559639,13.5124,12443.4,1186.71,3236.31,7923.69,8.60402e+6,0.81866,2.28852,381.658,2090.9,544.797,544261,13.512,12288.4,1197.96,3172.54,7838.84,8.52263e+6,0.818632
2,101,3.2831,19.0315,473.248,197.041,196851,2.67886e-8,10852.4,535.428,1529.99,4666.74,5.17269e+6,1.62256e-9,2.6767,19.0174,468.288,190.584,190400,2.67872e-8,10677.1,532.663,1530.98,4569.27,5.07207e+6,1.62246e-9,2.26865,19.0065,426.068,178.342,178169,2.67932e-8,10551.2,522.06,1449.55,4378.1,4.87011e+6,1.62282e-9
3,101,3.27526,0.949258,83.9163,41.3261,41286.9,1.41921e-14,10034.3,242.042,712.91,2248.76,2.48711e+6,8.59553e-16,2.67036,0.948224,82.4851,39.7578,39719.8,1.43503e-14,9872.71,237.659,703.891,2173.52,2.40753e+6,8.6913e-16,2.2636,0.947379,70.5917,35.4398,35405.7,8.16244e-14,9783.56,226.092,645.275,2016.33,2.23893e+6,4.94364e-15
4,101,3.27372,0.0475868,14.1787,7.46007,7453.04,4.41613e-20,9670.37,107.818,323.604,1036.92,1.14353e+6,2.67475e-21,2.66912,0.047471,13.8377,7.13232,7125.53,5.26016e-20,9519.38,104.537,315.407,989.314,1.0927e+6,3.18595e-21,2.26267,0.0473611,11.0877,6.00568,5999.94,-9.6552e-22,9456.08,96.5916,280.327,889.392,984935,-5.84723e-23
6,101,3.2734,0.000130315,0.392238,0.213779,213.579,-1.01192e-33,9437.04,21.2441,64.5627,209.138,230152,-6.12886e-35,2.66887,0.000127464,0.37717,0.201537,201.346,-5.00481e-34,9296.47,20.0984,61.3774,194.583,214467,-3.03141e-35,2.26249,0.000123937,0.263446,0.149145,149.003,2.36711e-36,9257.1,17.5291,51.4058,164.731,182078,1.43365e-37
9,101,3.27339,7.70423e-8,0.0017858,0.000978326,0.977411,-2.60526e-47,9384.9,1.85143,5.64252,18.3236,20154.8,-1.57787e-48,2.66887,6.30283e-8,0.00167892,0.000901924,0.901071,-1.33015e-47,9247.97,1.6891,5.17195,16.4357,18106.7,-8.05649e-49,2.26249,4.12745e-8,0.000951477,0.00054276,0.542244,2.98172e-50,9216.46,1.35144,3.97171,12.754,14091.4,1.80593e-51
14,101,3.27339,7.83904e-12,2.23115e-7,1.22257e-7,0.000122142,-1.20229e-78,9380.01,0.0316871,0.0965969,0.313764,345.105,-7.29188e-80,2.66887,5.86243e-12,2.02006e-7,1.08543e-7,0.000108441,-5.56561e-79,9243.59,0.0272149,0.0833506,0.264934,291.857,-3.36732e-80,2.26249,2.29046e-12,8.07548e-8,4.60844e-8,4.60406e-5,-1.19938e-83,9213.12,0.0188612,0.0554405,0.178063,196.727,-7.26216e-85
20,101,3.27339,1.62075e-16,4.61553e-12,2.52911e-12,2.52674e-9,-2.25165e-110,9379.93,0.000240377,0.000732784,0.00238022,2.61798,-1.36516e-111,2.66887,1.15837e-16,3.99443e-12,2.14632e-12,2.14429e-9,5.03593e-110,9243.52,0.000192024,0.00058811,0.00186934,2.0593,3.04887e-111,2.26249,2.97365e-17,1.05042e-12,5.99445e-13,5.98875e-10,7.26003e-112,9213.07,0.000112014,0.000329253,0.00105749,1.16833,4.39536e-113
0,102,11250,0,0,0,0,9.8325e+9,31250,0,0,0,0,5.4625e+8,11250,0,0,0,0,9.8325e+9,31250,0,0,0,0,5.4625e+8,11250,0,0,0,0,9.8325e+9,31250,0,0,0,0,5.4625e+8
1,102,4.88132,573.14,4704.12,1105.4,1.10431e+6,20.2666,18048.1,1634.18,5656.01,13038.6,1.40306e+7,1.12557,12.2186,575.077,4839,1097.52,1.09647e+6,20.2667,19487.4,1413.53,5163.54,11637.4,1.24702e+7,1.1256,1.48776,571.157,4610.78,1063.04,1.06199e+6,20.2698,16404.8,1851,6255.91,14034.2,1.51689e+7,1.12572
2,102,4.81708,28.5521,1637.24,540.702,540180,4.63348e-8,14931.4,972.662,3764.65,10315.4,1.12455e+7,2.57271e-9,12.076,28.6696,1749.45,553.448,552935,4.64294e-8,16788.6,848.869,3440.54,9192.7,1.00033e+7,2.57804e-9,1.46625,28.4419,1562.97,509.061,508558,4.28969e-8,12977,1060.22,4089.65,10987.7,1.2001e+7,2.38173e-9
3,102,4.79203,1.42783,498.796,179.176,179004,1.34819e-16,13072.6,567.144,2362.66,6734.65,7.29293e+6,7.48423e-18,12.0185,1.44176,555.864,190.408,190234,1.36e-16,15119.2,512.138,2195.77,6055.01,6.55918e+6,7.55e-18,1.45806,1.4182,462.495,164.378,164216,1.24111e-16,11040.7,586.216,2478.12,6985.88,7.56278e+6,6.88954e-18
4,102,4.78411,0.0729979,148.94,54.5928,54540.5,3.83939e-25,12017.9,321.671,1414.45,4130.63,4.44778e+6,2.13097e-26,11.9995,0.0763806,173.341,60.4767,60421.6,3.91949e-25,14135.2,301.807,1351.62,3798.4,4.09603e+6,2.17548e-26,1.45554,0.0712089,134.004,48.6645,48616.6,6.27945e-22,10000.8,314.868,1419.15,4118.43,4.42878e+6,3.48587e-23
6,102,4.78101,0.00037952,13.1847,4.85924,4854.58,-9.56353e-41,11092.8,101.246,469.585,1404.03,1.50377e+6,-5.30685e-42,11.9917,0.00070847,16.7491,5.87122,5865.88,-6.01305e-40,13224,102.835,481.516,1379.27,1.48062e+6,-3.33624e-41,1.45459,0.000235919,11.1627,4.07837,4074.35,3.63713e-39,9152.02,89.2199,426.931,1272.53,1.36039e+6,2.02201e-40
9,102,4.78072,5.40011e-6,0.34686,0.127866,127.744,2.44103e-58,10745.4,17.6698,83.7477,252.787,270186,1.3529e-59,11.9909,1.60169e-5,0.50257,0.176204,176.044,9.49924e-55,12849.4,20.198,96.4447,278.563,298462,5.27018e-56,1.4545,1.49257e-6,0.268025,0.0979525,97.856,-3.59092e-54,8868,13.3907,65.4886,197.096,210276,-1.99603e-55
14,102,4.78071,1.25157e-8,0.00080713,0.00029754,0.297255,3.47156e-86,10676,0.959681,4.56875,13.8172,14762.1,1.91149e-87,11.9909,4.63428e-8,0.00145608,0.000510512,0.510048,-8.3712e-78,12764.2,1.33369,6.39744,18.5135,19827.4,-4.64382e-79,1.4545,2.93961e-9,0.000535591,0.000195737,0.195545,-1.92469e-79,8819.97,0.567774,2.78727,8.40271,8961.51,-1.06957e-80
20,102,4.78071,8.66321e-12,5.58684e-7,2.05953e-7,0.000205756,-1.07403e-119,10672.2,0.0290949,0.138546,0.41905,447.697,-5.91194e-121,11.9909,4.173e-11,1.31115e-6,4.59697e-7,0.000459279,9.12331e-114,12758.4,0.0510978,0.245183,0.709628,759.965,5.03924e-115,1.4545,1.69488e-12,3.08804e-7,1.12856e-7,0.000112745,4.9693e-113,8817.89,0.0127962,0.0628285,0.189421,202.015,2.76158e-114
0,103,7500,0,0,0,0,6.555e+9,22727.3,0,0,0,0,3.97273e+8,7500,0,0,0,0,6.555e+9,22727.3,0,0,0,0,3.97273e+8,7500,0,0,0,0,6.555e+9,22727.3,0,0,0,0,3.97273e+8
1,103,4096.41,195.184,1017.42,261.092,261398,13.5111,21889.8,56.4169,253.736,749.246,757090,0.818827,4108.72,194.487,1013.8,253.512,253807,13.5111,21894.5,55.8858,252.291,726.495,734063,0.818827,4066.05,196.864,1043.95,259.653,259958,13.5111,21879.9,57.049,261.022,747.357,755259,0.818826
2,103,4095.1,10.0417,218.034,90.6787,90939.9,2.64454e-8,21869.1,8.03409,64.144,284.836,290199,1.60264e-9,4107.44,9.99696,217.248,88.0468,88299.8,2.64388e-8,21874.5,7.81781,63.4894,275.47,280638,1.60224e-9,4064.73,10.1284,228.832,91.659,91922.2,2.64436e-8,21858.8,8.16423,67.2421,288.349,293810,1.60253e-9
3,103,4094.74,0.576979,37.7617,18.7601,18835.8,1.6422e-16,21862.7,1.85057,14.8356,71.9893,73647.6,9.95221e-18,4107.1,0.572368,37.6203,18.2142,18287.6,7.61874e-17,21868.4,1.781,14.5788,69.2425,70834.7,4.61729e-18,4064.37,0.583473,40.6783,19.3607,19438.1,-5.58848e-17,21852.2,1.9077,15.8324,74.0879,75799.8,-3.38678e-18
4,103,4094.68,0.043016,6.21382,3.31304,3328.71,3.4288e-23,21861.2,0.440145,3.45727,17.0005,17417.4,2.07808e-24,4107.03,0.0423426,6.18931,3.21618,3231.35,4.30648e-23,21866.9,0.420379,3.37106,16.2357,16633.5,2.60997e-24,4064.3,0.044083,6.88333,3.50328,3519.62,3.03051e-23,21850.6,0.461199,3.75274,17.793,18230,1.83655e-24
6,103,4094.66,0.000626488,0.162852,0.0901853,90.6615,-2.80526e-31,21860.7,0.0242838,0.189623,0.933021,956.333,-1.70019e-32,4107.02,0.000608498,0.16213,0.0875111,87.9722,-3.37416e-31,21866.5,0.0228443,0.18205,0.877461,899.39,-2.04495e-32,4064.28,0.000682486,0.191149,0.100735,101.256,-2.18704e-31,21850.2,0.0263078,0.212819,1.00975,1035,-1.3254e-32
9,103,4094.66,2.45025e-6,0.000683771,0.000380759,0.382819,1.59838e-47,21860.7,0.000312434,0.00243966,0.0120031,12.3032,9.68674e-49,4107.02,2.37187e-6,0.000680194,0.000369181,0.371174,2.46657e-47,21866.5,0.000287189,0.00228863,0.01103,11.3058,1.49482e-48,4064.28,2.92661e-6,0.000876243,0.000463993,0.466446,-7.5268e-45,21850.1,0.000355848,0.00287863,0.0136569,13.9988,-4.56115e-46
14,103,4094.66,2.67147e-10,7.46584e-8,4.1583e-8,4.18083e-5,8.10214e-77,21860.7,2.20721e-7,1.72352e-6,8.47971e-6,0.00869173,4.90998e-78,4107.02,2.58233e-10,7.4168e-8,4.02644e-8,4.04821e-5,1.30862e-76,21866.5,1.95208e-7,1.55563e-6,7.49727e-6,0.00768479,7.9303e-78,4064.28,3.69467e-10,1.10762e-7,5.86617e-8,5.89721e-5,-3.24935e-74,21850.1,2.73257e-7,2.21051e-6,1.04872e-5,0.0107497,-1.96897e-75
20,103,4094.66,4.68455e-15,1.30917e-12,7.29178e-13,7.33128e-10,-2.95055e-108,21860.7,3.64331e-11,2.84491e-10,1.39969e-9,1.43469e-6,-1.78801e-109,4107.02,4.56055e-15,1.30985e-12,7.11094e-13,7.14939e-10,1.09346e-105,21866.5,3.0883e-11,2.46109e-10,1.18611e-9,1.21578e-6,6.6265e-107,4064.28,7.73916e-15,2.32011e-12,1.22878e-12,1.23528e-9,6.11626e-104,21850.1,4.9932e-11,4.03924e-10,1.91632e-9,1.96429e-6,3.70599e-105
0,104,11250,0,0,0,0,9.8325e+9,31250,0,0,0,0,5.4625e+8,11250,0,0,0,0,9.8325e+9,31250,0,0,0,0,5.4625e+8,11250,0,0,0,0,9.8325e+9,31250,0,0,0,0,5.4625e+8
1,104,5037.22,353.976,2707.97,617.237,617986,20.2678,29839.8,100.664,617.803,1616.48,1.63579e+6,1.12594,5022.47,354.755,2740.3,606.874,607610,20.2678,29835.6,100.659,625.401,1590.9,1.60996e+6,1.12594,4427.64,386.903,2941.43,655.963,656793,20.2674,29613,119.203,710.257,1809.73,1.83496e+6,1.12591
2,104,5033.26,18.69,975.242,315.932,316749,4.35427e-8,29776.1,22.5598,259.613,913.669,931328,2.41885e-9,5018.56,18.7186,999.986,313.835,314644,4.35565e-8,29772.5,22.4361,265.229,906.389,923917,2.41961e-9,4423.37,20.4096,1044.43,331.766,332654,4.34507e-8,29530.9,28.5328,299.8,1022.89,1.04579e+6,2.4137e-9
3,104,5031.65,1.32811,305.424,107.658,108004,1.15396e-16,29746.5,8.76721,102.163,375.38,383565,6.41013e-18,5016.95,1.33051,317.824,108.353,108699,1.1719e-16,29742.9,8.76851,105.242,375.447,383634,6.50977e-18,4421.66,1.43819,322.114,111.505,111875,1.14764e-16,29492.7,11.3145,119.216,423.521,434173,6.37486e-18
4,104,5031.13,0.193123,93.753,33.7006,33816.4,-8.43864e-25,29734.6,3.48114,40.267,148.582,151901,-4.6875e-26,5016.42,0.195358,99.0553,34.4163,34533.4,1.19224e-26,29730.9,3.50887,41.8138,149.808,153154,6.61968e-28,4421.11,0.204447,97.3269,34.3799,34502.3,-8.56041e-25,29477.1,4.54316,47.5268,169.451,173809,-4.75502e-26
6,104,5030.91,0.0144402,8.77444,3.17006,3181.21,-2.1982e-37,29728.1,0.542596,6.2682,23.1343,23653.1,-1.22107e-38,5016.2,0.0150827,9.55966,3.33745,3349.08,-1.0969e-38,29724.3,0.555684,6.61335,23.6995,24230.9,-6.09004e-40,4420.89,0.014691,8.82332,3.13338,3144.8,-1.48387e-37,29468.5,0.724205,7.56864,26.9891,27685.5,-8.24224e-39
9,104,5030.89,0.000410507,0.25098,0.0906931,91.0125,-2.84092e-50,29726.9,0.033329,0.385039,1.42108,1452.96,-1.57807e-51,5016.17,0.000449091,0.286339,0.0999846,100.333,-8.59607e-52,29723.1,0.0349569,0.416047,1.49094,1524.37,-4.77249e-53,4420.87,0.000397946,0.240588,0.0854571,85.7692,-1.58197e-50,29466.9,0.0460254,0.481035,1.71534,1759.61,-8.78694e-52
14,104,5030.89,1.09815e-6,0.000671414,0.000242619,0.243474,1.72784e-73,29726.9,0.000318725,0.00368213,0.0135898,13.8946,9.59748e-75,5016.17,1.2973e-6,0.000827172,0.000288834,0.289842,2.39796e-75,29723,0.000347848,0.00414,0.0148361,15.1688,1.33129e-76,4420.87,9.82945e-7,0.000594277,0.000211088,0.211859,-3.74885e-74,29466.8,0.00046585,0.00486886,0.0173621,17.8101,-2.08224e-75
20,104,5030.89,8.98515e-10,5.49356e-7,1.98513e-7,0.000199212,4.84257e-106,29726.9,1.20266e-6,1.3894e-5,5.12792e-5,0.0524293,2.68964e-107,5016.17,1.16398e-9,7.42162e-7,2.5915e-7,0.000260054,-9.81936e-108,29723,1.37669e-6,1.6385e-5,5.87173e-5,0.0600339,-5.45152e-109,4420.87,7.30859e-10,4.41869e-7,1.56953e-7,0.000157526,-9.27624e-106,29466.8,1.88175e-6,1.96672e-5,7.0132e-5,0.0719417,-5.15197e-107
0,105,11250,0,0,0,0,9.8325e+9,31250,0,0,0,0,5.4625e+8,11250,0,0,0,0,9.8325e+9,31250,0,0,0,0,5.4625e+8,11250,0,0,0,0,9.8325e+9,31250,0,0,0,0,5.4625e+8
1,105,7235,231.637,1402.96,342.279,342557,20.2669,30480,50.1105,270.963,769.069,774125,1.12591,7161.64,235.772,1435.74,340.802,341086,20.2668,30462.4,51.2464,278.527,769.209,774391,1.12591,7246.38,230.987,1436.3,338.621,338892,20.2669,30482.9,49.8428,276.981,760.258,765210,1.12591
2,105,7233.42,11.9351,370.553,138.782,139076,4.38715e-8,30464.7,6.43974,79.4021,331.247,335147,2.4372e-9,7160.04,12.1456,381.851,138.886,139185,4.38711e-8,30446.8,6.59824,82.1355,332.907,336913,2.43718e-9,7244.8,11.9045,393.3,141.049,141343,4.38853e-8,30467.7,6.43066,83.7668,335.707,339600,2.43797e-9
3,105,7232.93,0.708317,81.5205,34.9127,35013.3,-8.7118e-15,30459.5,1.55832,20.8347,94.765,96117.4,-4.83971e-16,7159.54,0.720811,84.6782,35.1713,35273.9,1.44757e-13,30441.4,1.60503,21.6914,95.7929,97188.4,8.04169e-15,7244.29,0.710923,90.1653,36.7308,36833.8,-2.77236e-15,30462.4,1.59333,22.6895,98.8668,100250,-1.54008e-16
4,105,7232.81,0.0614751,17.2997,7.73676,7761.95,-1.22607e-19,30458,0.412208,5.44966,25.176,25557.1,-6.81126e-21,7159.42,0.0627526,18.1216,7.85413,7879.97,8.0131e-19,30439.9,0.427117,5.70976,25.6065,26002,4.45153e-20,7244.17,0.0635948,19.9837,8.47009,8496.75,-9.60707e-21,30460.9,0.433997,6.12208,27.0777,27478.7,-5.33687e-22
6,105,7232.78,0.0016304,0.7653,0.348218,349.428,-5.11572e-29,30457.6,0.0285223,0.374622,1.73425,1761,-2.84206e-30,7159.38,0.00169319,0.815553,0.359463,360.723,3.90497e-28,30439.4,0.0299228,0.397444,1.78608,1814.17,2.16939e-29,7244.13,0.001875,0.966026,0.415651,417.038,3.80759e-31,30460.4,0.031917,0.447496,1.98329,2013.18,2.1152e-32
9,105,7232.78,1.4578e-5,0.00709121,0.00323134,3.24266,3.20355e-43,30457.5,0.000514867,0.00676122,0.0312988,31.7819,1.7797e-44,7159.38,1.55454e-5,0.00775514,0.00342299,3.43508,-2.8701e-42,30439.4,0.000550359,0.00730875,0.0328438,33.3607,-1.59445e-43,7244.13,1.92463e-5,0.0102312,0.00440733,4.42214,-7.69513e-46,30460.3,0.000631625,0.0088542,0.0392405,39.8322,-4.27478e-47
14,105,7232.78,5.95512e-9,2.89785e-6,1.32053e-6,0.00132516,1.43445e-69,30457.5,6.39368e-7,8.39617e-6,3.88673e-5,0.0394671,7.96864e-71,7159.38,6.63053e-9,3.30897e-6,1.46056e-6,0.00146573,-3.88863e-68,30439.4,7.05113e-7,9.36387e-6,4.2079e-5,0.0427413,-2.16023e-69,7244.13,9.82542e-9,5.22465e-6,2.25069e-6,0.00225825,1.73469e-72,30460.3,9.1425e-7,1.28161e-5,5.67989e-5,0.0576554,9.63647e-74
20,105,7232.78,5.11176e-13,2.48746e-10,1.13352e-10,1.13749e-7,2.17354e-101,30457.5,2.08271e-10,2.73501e-9,1.26608e-8,1.28562e-5,1.20742e-102,7159.38,5.99114e-13,2.98989e-10,1.31972e-10,1.32438e-7,2.31314e-98,30439.4,2.38407e-10,3.16603e-9,1.42274e-8,1.44513e-5,1.28499e-99,7244.13,1.10265e-12,5.86333e-10,2.52582e-10,2.53431e-7,3.21789e-105,30460.3,3.58072e-10,5.0195e-9,2.22456e-8,2.25811e-5,1.7875e-106
0,106,11250,0,0,0,0,9.8325e+9,31250,0,0,0,0,5.4625e+8,11250,0,0,0,0,9.8325e+9,31250,0,0,0,0,5.4625e+8,11250,0,0,0,0,9.8325e+9,31250,0,0,0,0,5.4625e+8
1,106,1816.03,519.495,3724.49,880.238,880993,20.2676,28029.8,269.66,1292.71,3364.89,3.45563e+6,1.12587,1758.68,522.107,3717.48,858.423,859139,20.2668,27978.8,272.796,1303.76,3314.83,3.40584e+6,1.12582,2258.38,498.447,3558.9,818.048,818890,20.2665,28422,228.09,1136.19,2902.67,2.97229e+6,1.12582
2,106,1811.62,27.023,1178.71,405.193,406027,4.31361e-8,27750,90.4266,564.241,1904.78,1.98449e+6,2.39599e-9,1754.46,27.102,1163.94,391.86,392653,4.31053e-8,27700,90.1377,562.306,1858,1.93732e+6,2.39427e-9,2253.88,25.9983,1128.52,377.566,378452,4.31475e-8,28208,69.9882,479.211,1607.16,1.66773e+6,2.39668e-9
3,106,1810.01,1.72977,320.404,121.773,122097,5.28841e-17,27616.5,39.4527,240.945,833.69,871835,2.93707e-18,1752.93,1.71327,312.602,116.54,116846,5.69415e-17,27568.4,38.8465,237.137,803.543,841106,3.16241e-18,2252.24,1.68718,307.229,113.646,113987,5.2035e-17,28108.7,29.2541,196.127,676.996,705159,2.89002e-18
4,106,1809.56,0.193417,84.9487,33.1575,33253.7,2.24363e-26,27558.9,16.9842,103.444,358.352,374939,1.24588e-27,1752.5,0.185748,81.8468,31.3596,31449.6,1.87527e-25,27512.3,16.5205,100.559,341.159,357300,1.04144e-26,2251.77,0.193821,81.5801,30.9902,31091.6,1.0753e-25,28067.5,12.0926,80.7252,279.067,290850,5.97187e-27
6,106,1809.4,0.00949596,5.91304,2.32692,2333.93,1.06018e-37,27523.6,3.12863,19.0707,66.0844,69143.8,5.88681e-39,1752.36,0.00871139,5.55405,2.14623,2152.63,1.77858e-36,27478.5,2.96932,18.0876,61.3822,64287.1,9.87702e-38,2251.61,0.0097352,5.69612,2.18147,2188.86,1.40621e-36,28043.6,2.05007,13.6899,47.333,49333.6,7.80933e-38
9,106,1809.39,0.00017166,0.108402,0.0426775,42.8063,-1.50094e-53,27516.3,0.247416,1.50845,5.22764,5469.58,-8.33437e-55,1752.35,0.00015135,0.0979997,0.0378875,38.0008,-3.99063e-52,27471.6,0.226313,1.37886,4.67971,4901.11,-2.21616e-53,2251.6,0.000176992,0.104911,0.0401957,40.3323,-1.01327e-52,28039,0.143092,0.955666,3.30441,3444.06,-5.62733e-54
14,106,1809.39,2.18762e-7,0.000138157,5.43922e-5,0.0545563,-3.13504e-79,27515.7,0.00360534,0.0219815,0.0761787,79.7043,-1.74064e-80,1752.35,1.80964e-7,0.000117185,4.53051e-5,0.0454406,3.18463e-78,27471.1,0.00310113,0.0188946,0.0641267,67.1606,1.76884e-79,2251.6,2.27312e-7,0.000134748,5.16274e-5,0.0518028,-1.94362e-78,28038.7,0.00169332,0.0113093,0.0391042,40.7568,-1.07927e-79
20,106,1809.39,7.35347e-11,4.644e-8,1.82834e-8,1.83385e-5,2.30467e-110,27515.7,2.25521e-5,0.000137499,0.000476514,0.498567,1.27942e-111,1752.35,5.63514e-11,3.6491e-8,1.41078e-8,1.415e-5,3.07203e-110,27471.1,1.80184e-5,0.000109782,0.000372593,0.390221,1.70625e-111,2251.6,7.71239e-11,4.5718e-8,1.75165e-8,1.7576e-5,-2.75645e-111,28038.7,8.25109e-6,5.5107e-5,0.000190545,0.198597,-1.53061e-112
0,201,11250,0,0,0,0,9.8325e+9,31250,0,0,0,0,5.4625e+8,11250,0,0,0,0,9.8325e+9,31250,0,0,0,0,5.4625e+8,11250,0,0,0,0,9.8325e+9,31250,0,0,0,0,5.4625e+8
1,201,9613.33,95.3635,568.893,138.941,138921,20.2667,30976.6,16.6641,95.2906,274.235,274715,1.12592,9424.35,106.298,617.724,148.284,148276,20.267,30942,18.8266,104.522,295.466,296089,1.12594,9477.75,103.211,620.687,147.367,147355,20.2672,30951.9,18.216,104.704,292.849,293433,1.12595
2,201,9613.03,4.82501,148.482,56.0237,56050.6,4.44207e-8,30974.6,1.32654,25.86,113.07,113491,2.46778e-9,9424,5.38159,155.428,58.178,58216.1,4.44241e-8,30939.7,1.53,27.4685,118.811,119330,2.46797e-9,9477.4,5.22694,163.729,59.8806,59915.8,4.44582e-8,30949.6,1.48826,28.7804,121.84,122343,2.46987e-9
3,201,9612.93,0.261871,32.1479,13.9257,13937.5,-1.36303e-15,30974,0.210954,6.00492,29.5221,29663.9,-7.57229e-17,9423.89,0.292233,32.2708,13.9669,13982,-1.40588e-15,30939,0.244387,6.17137,30.1274,30297,-7.81032e-17,9477.29,0.285261,35.8872,15.0362,15050.9,-1.03265e-15,30948.9,0.245552,6.78882,32.2225,32392.7,-5.73684e-17
4,201,9612.91,0.0179415,6.70302,3.03883,3041.97,-4.49094e-21,30973.8,0.0454978,1.36626,6.92906,6965.62,-2.49493e-22,9423.87,0.0198482,6.43667,2.92773,2931.54,-5.90561e-21,30938.8,0.0515737,1.35919,6.85393,6896.39,-3.28084e-22,9477.27,0.0199349,7.58086,3.32019,3324.07,1.55963e-22,30948.7,0.0542335,1.57082,7.68002,7724.38,8.66448e-24
6,201,9612.91,0.000312584,0.285833,0.132034,132.185,6.95119e-32,30973.8,0.00235035,0.0704822,0.36058,362.562,3.86166e-33,9423.86,0.00031725,0.250615,0.116475,116.643,7.7027e-30,30938.8,0.00250624,0.065764,0.334646,336.809,4.2792e-31,9477.26,0.000370131,0.332019,0.148048,148.238,-3.08188e-33,30948.6,0.00290232,0.0838589,0.413298,415.779,-1.7121e-34
9,201,9612.91,2.51031e-6,0.00250504,0.00115912,1.16047,1.5143e-47,30973.8,2.75917e-5,0.000826499,0.00422951,4.25284,8.41263e-49,9423.86,2.20402e-6,0.00191468,0.000891777,0.893083,6.85533e-46,30938.8,2.674e-5,0.000700783,0.00356698,3.59013,3.80851e-47,9477.26,3.11984e-6,0.00302955,0.00135303,1.35479,-6.01489e-50,30948.6,3.58667e-5,0.00103527,0.00510355,5.13427,-3.34195e-51
14,201,9612.91,9.33798e-10,9.32923e-7,4.31694e-7,0.000432195,-2.26555e-75,30973.8,1.67023e-8,5.00306e-7,2.56025e-6,0.00257438,-1.25859e-76,9423.86,6.51995e-10,5.67218e-7,2.64199e-7,0.000264586,4.57713e-75,30938.8,1.38009e-8,3.6168e-7,1.84095e-6,0.00185289,2.54293e-76,9477.26,1.24141e-9,1.2067e-6,5.38942e-7,0.000539643,7.78486e-76,30948.6,2.36545e-8,6.82765e-7,3.36581e-6,0.00338608,4.32531e-77
20,201,9612.91,7.10208e-14,7.09543e-11,3.28328e-11,3.2871e-8,2.1708e-102,30973.8,2.27945e-12,6.82794e-11,3.49411e-10,3.51339e-7,1.20596e-103,9423.86,3.65815e-14,3.18249e-11,1.48234e-11,1.48452e-8,2.4801e-102,30938.8,1.52047e-12,3.98471e-11,2.02821e-10,2.04137e-7,1.37789e-103,9477.26,1.02416e-13,9.95522e-11,4.44625e-11,4.45203e-8,1.39518e-102,30948.6,3.58042e-12,1.03346e-10,5.0946e-10,5.12528e-7,7.75171e-104
0,202,11250,0,0,0,0,9.8325e+9,31250,0,0,0,0,5.4625e+8,11250,0,0,0,0,9.8325e+9,31250,0,0,0,0,5.4625e+8,11250,0,0,0,0,9.8325e+9,31250,0,0,0,0,5.4625e+8
1,202,10886.4,21.2742,105.93,27.3791,27357.5,20.2668,31192.9,3.368,16.6352,50.9422,50921.7,1.12593,10903.6,20.2663,102.438,25.6751,25654.5,20.267,31195.7,3.20402,16.0726,47.7455,47724.8,1.12594,10878.3,21.7484,111.377,27.7986,27776.7,20.2691,31191.7,3.44471,17.4965,51.7523,51732,1.12606
2,202,10886.4,1.06241,21.6972,9.27024,9264.48,4.47517e-8,31192.9,0.184924,3.43954,17.3335,17335,2.4862e-9,10903.6,1.01191,21.4088,8.81971,8814.05,4.47803e-8,31195.6,0.175037,3.38822,16.4761,16476.5,2.48779e-9,10878.3,1.08619,23.6885,9.66972,9663.74,4.42476e-8,31191.6,0.189717,3.7557,18.0901,18091.8,2.4582e-9
3,202,10886.4,0.053634,3.54607,1.83847,1837.54,1.31433e-13,31192.9,0.0131983,0.573068,3.47856,3480,7.30181e-15,10903.6,0.0510583,3.58148,1.78137,1780.42,1.31488e-13,31195.6,0.0123638,0.576853,3.36427,3365.39,7.30487e-15,10878.3,0.0548835,4.04432,1.98452,1983.53,5.22611e-13,31191.6,0.013793,0.653196,3.75604,3757.61,2.90338e-14
4,202,10886.4,0.00280101,0.546859,0.307728,307.597,-6.71173e-19,31192.9,0.00137387,0.0908075,0.593843,594.21,-3.72873e-20,10903.6,0.00266434,0.56642,0.304658,304.517,-6.43329e-19,31195.6,0.00128323,0.0934975,0.585831,586.136,-3.57405e-20,10878.3,0.00288019,0.653834,0.345861,345.712,2.90868e-19,31191.6,0.00149701,0.108349,0.667198,667.605,1.61593e-20
6,202,10886.4,1.12157e-5,0.0124786,0.007373,7.37033,-1.00976e-28,31192.9,2.7926e-5,0.00221428,0.015067,15.0788,-5.60976e-30,10903.6,1.07715e-5,0.0136255,0.00766765,7.66455,-3.3107e-28,31195.6,2.68955e-5,0.00238713,0.0155283,15.5387,-1.83928e-29,10878.3,1.23587e-5,0.0164683,0.00908737,9.08398,1.70753e-28,31191.6,3.36284e-5,0.00290299,0.0185069,18.521,9.48622e-30
9,202,10886.4,1.73881e-8,4.23425e-5,2.52373e-5,0.0252286,-4.84644e-46,31192.9,1.04622e-7,8.36887e-6,5.72569e-5,0.0573041,-2.69246e-47,10903.6,1.81526e-8,5.01149e-5,2.84181e-5,0.0284071,-7.28544e-46,31195.6,1.07763e-7,9.667e-6,6.31993e-5,0.0632436,-4.04744e-47,10878.3,2.40229e-8,6.49704e-5,3.60961e-5,0.0360832,-2.22953e-46,31191.6,1.45311e-7,1.26489e-5,8.09898e-5,0.0810539,-1.23862e-47
14,202,10886.4,1.27126e-12,3.23535e-9,1.92931e-9,1.92865e-6,-2.86178e-74,31192.9,9.59009e-12,7.66858e-10,5.2475e-9,5.25183e-6,-1.58992e-75,10903.6,1.52408e-12,4.38132e-9,2.48546e-9,2.48449e-6,3.11559e-73,31195.6,1.10813e-11,9.9381e-10,6.49819e-9,6.50276e-6,1.73087e-74,10878.3,2.28743e-12,6.3914e-9,3.55209e-9,3.55082e-6,7.15186e-74,31191.6,1.68958e-11,1.47039e-9,9.41599e-9,9.42346e-6,3.97323e-75
20,202,10886.4,3.01174e-17,7.66611e-14,4.57148e-14,4.56991e-11,2.05555e-88,31192.9,2.83398e-16,2.26615e-14,1.55069e-13,1.55197e-10,1.142e-89,10903.6,2.6015e-17,7.47961e-14,4.24308e-14,4.24144e-11,1.28682e-86,31195.6,2.42787e-16,2.17739e-14,1.42372e-13,1.42473e-10,7.14897e-88,10878.3,4.45436e-17,1.24473e-13,6.91774e-14,6.91527e-11,-4.58176e-88,31191.6,4.0712e-16,3.54303e-14,2.26886e-13,2.27066e-10,-2.5454e-89
0,203,11250,0,0,0,0,9.8325e+9,31250,0,0,0,0,5.4625e+8,11250,0,0,0,0,9.8325e+9,31250,0,0,0,0,5.4625e+8,11250,0,0,0,0,9.8325e+9,31250,0,0,0,0,5.4625e+8
1,203,10647.7,35.216,180.452,46.2208,46190.3,20.2669,31154.4,5.67269,28.6713,86.9213,86920.8,1.12594,10637.6,35.8034,185.672,46.1653,46135,20.2683,31152.8,5.76985,29.5131,86.8739,86874.7,1.12601,10621.2,36.7579,195.181,48.1623,48131.1,20.2685,31150.1,5.93175,31.0486,90.6977,90700.7,1.12603
2,203,10647.6,1.76237,38.3918,16.0761,16069.9,4.47006e-8,31154.2,0.332556,6.19459,30.4805,30504.4,2.48335e-9,10637.6,1.79182,40.1427,16.2435,16237.4,4.48787e-8,31152.6,0.338592,6.47822,30.8155,30840.4,2.49325e-9,10621.2,1.84013,43.5662,17.3408,17334.3,4.42487e-8,31149.9,0.351185,7.03729,32.9268,32954.4,2.45825e-9
3,203,10647.6,0.0898892,6.55885,3.30041,3299.74,2.48934e-13,31154.2,0.0285937,1.09138,6.38028,6388.63,1.38296e-14,10637.5,0.0914324,6.98692,3.38423,3383.57,2.53134e-13,31152.5,0.0293428,1.16198,6.54408,6552.78,1.40629e-14,10621.2,0.0940927,7.86809,3.72054,3719.84,1.79396e-13,31149.8,0.0314368,1.30962,7.20263,7212.38,9.96639e-15
4,203,10647.6,0.00486921,1.06125,0.575538,575.487,-9.18784e-19,31154.1,0.0036922,0.184231,1.14839,1150.24,-5.10433e-20,10637.5,0.00496682,1.15343,0.60047,600.419,-1.00687e-18,31152.5,0.00385123,0.199878,1.19765,1199.6,-5.59368e-20,10621.2,0.00516196,1.35155,0.683336,683.279,-7.5689e-19,31149.8,0.00432446,0.23425,1.36451,1366.74,-4.20492e-20
6,203,10647.6,2.6007e-5,0.0267823,0.0151479,15.1479,-5.12281e-28,31154.1,9.54556e-5,0.00514255,0.0330393,33.0999,-2.84599e-29,10637.5,2.74835e-5,0.0303531,0.0164384,16.4385,-4.39306e-29,31152.5,0.000103415,0.00579722,0.0357457,35.8115,-2.44058e-30,10621.2,3.14673e-5,0.0386314,0.0202264,20.2264,-7.6253e-30,31149.8,0.000126516,0.00735929,0.0439688,44.0495,-4.23626e-31
9,203,10647.6,6.34552e-8,0.000105987,6.03495e-5,0.0603512,1.92758e-43,31154.1,4.43973e-7,2.39017e-5,0.00015405,0.15434,1.07087e-44,10637.5,7.30246e-8,0.000128026,6.97559e-5,0.0697577,9.22126e-45,31152.5,5.09335e-7,2.85412e-5,0.0001765,0.176832,5.12288e-46,10621.2,1.00372e-7,0.000184768,9.72151e-5,0.0972167,4.76861e-45,31149.8,7.02662e-7,4.08623e-5,0.000244719,0.245176,2.64921e-46
14,203,10647.6,6.15737e-12,1.04824e-8,5.97067e-9,5.97085e-6,-1.00227e-71,31154.1,5.75257e-11,3.09611e-9,1.99561e-8,1.99936e-5,-5.56815e-73,10637.5,7.89334e-12,1.40742e-8,7.67051e-9,7.67073e-6,-3.85992e-73,31152.5,7.25881e-11,4.06659e-9,2.51493e-8,2.51966e-5,-2.14438e-74,10621.2,1.34405e-11,2.50555e-8,1.31854e-8,1.31856e-5,2.11306e-73,31149.8,1.22362e-10,7.11455e-9,4.26097e-8,4.26894e-5,1.17391e-74
20,203,10647.6,8.60247e-17,1.46457e-13,8.34207e-14,8.34232e-11,-9.26129e-89,31154.1,1.15735e-15,6.22898e-14,4.01491e-13,4.02246e-10,-5.1451e-90,10637.5,1.21214e-16,2.1614e-13,1.17797e-13,1.17801e-10,-1.8199e-92,31152.5,1.57648e-15,8.83188e-14,5.46195e-13,5.47224e-10,-1.01105e-93,10621.2,2.37856e-16,4.43416e-13,2.33347e-13,2.33351e-10,4.46308e-91,31149.8,3.02859e-15,1.76093e-13,1.05464e-12,1.05661e-9,2.47948e-92
0,204,11250,0,0,0,0,9.8325e+9,31250,0,0,0,0,5.4625e+8,11250,0,0,0,0,9.8325e+9,31250,0,0,0,0,5.4625e+8,11250,0,0,0,0,9.8325e+9,31250,0,0,0,0,5.4625e+8
1,204,10738.4,29.9173,161.486,40.6724,40643.4,20.267,31169.2,4.78915,25.5417,76.174,76161.4,1.12594,10716.1,31.2201,170.984,41.7704,41741.2,20.2691,31165.6,5.00462,27.0716,78.3249,78314.6,1.12606,10731.7,30.309,170.009,41.2146,41185.3,20.2667,31168.1,4.85383,26.8958,77.228,77215.6,1.12592
2,204,10738.4,1.49652,36.8669,14.8878,14880.5,4.47395e-8,31169,0.27679,5.90495,28.0744,28087.8,2.48552e-9,10716.1,1.56195,39.8111,15.5098,15502.5,4.42485e-8,31165.4,0.290732,6.38374,29.2857,29301.3,2.45824e-9,10731.7,1.51639,40.8969,15.6728,15665.1,4.46999e-8,31167.9,0.282015,6.54886,29.5654,29579.4,2.48332e-9
3,204,10738.4,0.0762699,6.83318,3.2616,3260.47,1.3195e-13,31169,0.0235159,1.12159,6.24935,6254.89,7.33054e-15,10716.1,0.0797002,7.54876,3.46068,3459.56,1.28081e-13,31165.3,0.0252017,1.24042,6.64041,6646.72,7.11556e-15,10731.7,0.0774318,8.05213,3.60548,3604.21,5.62587e-14,31167.9,0.0247388,1.31944,6.90674,6912.69,3.12547e-15
4,204,10738.4,0.00414463,1.20684,0.61383,613.669,-5.5825e-19,31169,0.0031314,0.204704,1.20635,1207.69,-3.10138e-20,10716.1,0.00435726,1.36613,0.665432,665.272,-5.44628e-19,31165.3,0.00345919,0.231915,1.30969,1311.23,-3.0257e-20,10731.7,0.00425757,1.51702,0.718456,718.256,-2.36572e-19,31167.9,0.00350265,0.256232,1.4097,1411.2,-1.31428e-20
6,204,10738.4,2.4521e-5,0.0365401,0.0191916,19.1878,-7.10681e-30,31169,9.29149e-5,0.00668993,0.0404115,40.4625,-3.94822e-31,10716.1,2.74448e-5,0.043505,0.021831,21.827,6.11444e-28,31165.3,0.000108369,0.00796233,0.0460074,46.0682,3.3969e-29,10731.7,2.89963e-5,0.0524946,0.0255221,25.5163,3.70932e-29,31167.9,0.000118456,0.00950263,0.0533634,53.4269,2.06073e-30
9,204,10738.4,8.29864e-8,0.000190718,0.000100595,0.100577,3.99263e-45,31169,5.46039e-7,3.93836e-5,0.000238467,0.238774,2.21812e-46,10716.1,1.03841e-7,0.000245144,0.000123474,0.123453,4.09187e-44,31165.3,6.86063e-7,5.04881e-5,0.000292337,0.29273,2.27326e-45,10731.7,1.29087e-7,0.000335455,0.000163585,0.16355,-4.9831e-47,31167.9,8.41861e-7,6.76621e-5,0.000380634,0.381094,-2.76838e-48
14,204,10738.4,1.28556e-11,2.99203e-8,1.57841e-8,1.57811e-5,2.93121e-73,31169,1.04809e-10,7.55833e-9,4.57676e-8,4.58265e-5,1.62844e-74,10716.1,1.83194e-11,4.37063e-8,2.20167e-8,2.2013e-5,-7.59354e-72,31165.3,1.49052e-10,1.09676e-8,6.35069e-8,6.35923e-5,-4.21862e-73,10731.7,2.81544e-11,7.37714e-8,3.5978e-8,3.59702e-5,-2.94051e-76,31167.9,2.21874e-10,1.78309e-8,1.0031e-7,0.000100432,-1.63361e-77
20,204,10738.4,2.88263e-16,6.70924e-13,3.53937e-13,3.53871e-10,1.5645e-90,31169,3.05828e-15,2.20549e-13,1.33548e-12,1.3372e-9,8.69164e-92,10716.1,4.59891e-16,1.09722e-12,5.52718e-13,5.52625e-10,6.68926e-90,31165.3,4.85563e-15,3.57287e-13,2.06884e-12,2.07163e-9,3.71624e-91,10731.7,6.87971e-16,1.80267e-12,8.79155e-13,8.78963e-10,7.22757e-100,31167.9,7.05691e-15,5.6713e-13,3.19048e-12,3.19434e-9,4.0146e-101
0,205,11250,0,0,0,0,9.8325e+9,31250,0,0,0,0,5.4625e+8,11250,0,0,0,0,9.8325e+9,31250,0,0,0,0,5.4625e+8,11250,0,0,0,0,9.8325e+9,31250,0,0,0,0,5.4625e+8
1,205,10822.7,24.9979,147.542,36.1101,36082.6,20.2691,31182.7,3.97921,23.2381,67.3737,67352.4,1.12606,10818.2,25.2606,152.916,36.177,36149.5,20.2675,31182,4.02177,24.0882,67.5261,67505,1.12597,10818.3,25.2552,153.603,36.2853,36257.7,20.2675,31182,4.02098,24.1962,67.7279,67706.7,1.12597
2,205,10822.7,1.25011,38.0688,14.4602,14451.7,4.4248e-8,31182.6,0.227976,6.05529,27.1307,27135.7,2.45821e-9,10818.2,1.26335,40.8568,14.8669,14858.1,4.4832e-8,31181.9,0.230981,6.49771,27.9018,27906.9,2.49066e-9,10818.2,1.26311,41.3076,14.9836,14974.7,4.48323e-8,31181.9,0.231121,6.56912,28.1204,28125.5,2.49067e-9
3,205,10822.6,0.0637787,8.12439,3.55426,3552.55,3.42971e-13,31182.6,0.0197333,1.31607,6.75274,6755.96,1.90539e-14,10818.1,0.0645302,9.07582,3.77792,3776.08,7.06414e-14,31181.9,0.0203913,1.46872,7.17689,7180.24,3.92451e-15,10818.2,0.0645371,9.2445,3.83131,3829.43,6.78087e-14,31181.9,0.0205001,1.4958,7.2779,7281.26,3.76714e-15
4,205,10822.6,0.00351953,1.66758,0.764936,764.607,2.9621e-18,31182.6,0.00288829,0.276542,1.48132,1482.24,1.64561e-19,10818.1,0.00359118,1.9436,0.845027,844.657,5.58199e-19,31181.9,0.00311032,0.321565,1.63486,1635.84,3.1011e-20,10818.2,0.00359848,1.99536,0.863143,862.763,5.25051e-19,31181.9,0.00315401,0.330018,1.66964,1670.63,2.91695e-20
6,205,10822.6,2.7035e-5,0.0688268,0.0322096,32.1967,2.74054e-26,31182.6,0.000112879,0.0120303,0.0655108,65.5569,1.52252e-27,10818.1,3.0595e-5,0.0875051,0.0387152,38.6993,4.31545e-29,31181.8,0.000132671,0.0152068,0.0784413,78.4942,2.39747e-30,10818.2,3.13216e-5,0.0912936,0.0401695,40.1529,-4.50649e-29,31181.9,0.000136807,0.0158521,0.0813421,81.3962,-2.5036e-30
9,205,10822.6,1.64281e-7,0.000574084,0.000269175,0.269069,2.52759e-42,31182.6,1.01825e-6,0.000108858,0.00059353,0.593954,1.40422e-43,10818.1,2.20214e-7,0.000832203,0.000368757,0.368608,-1.73046e-45,31181.8,1.35714e-6,0.000156008,0.000805556,0.806106,-9.61354e-47,10818.2,2.32685e-7,0.000889575,0.00039199,0.391829,3.40116e-45,31181.9,1.43277e-6,0.000166491,0.000855155,0.855731,1.88952e-46
14,205,10822.6,5.60354e-11,1.96884e-7,9.23183e-8,9.22819e-5,2.80508e-71,31182.6,4.00114e-10,4.27738e-8,2.3322e-7,0.000233387,1.55838e-72,10818.1,9.35923e-11,3.55147e-7,1.57374e-7,0.00015731,8.55994e-71,31181.8,6.57307e-10,7.55581e-8,3.90154e-7,0.000390421,4.75546e-72,10818.2,1.03004e-10,3.95325e-7,1.74204e-7,0.000174133,1.44795e-71,31181.9,7.21645e-10,8.3855e-8,4.30713e-7,0.000431003,8.04412e-73
20,205,10822.6,3.47868e-15,1.22226e-11,5.73115e-12,5.7289e-9,1.88902e-94,31182.6,2.94592e-14,3.14931e-12,1.71713e-11,1.71836e-8,1.04946e-95,10818.1,7.93797e-15,3.01216e-11,1.33476e-11,1.33422e-8,-2.56196e-95,31181.8,6.51405e-14,7.48796e-12,3.86651e-11,3.86915e-8,-1.4233e-96,10818.2,9.1183e-15,3.49958e-11,1.54213e-11,1.5415e-8,-9.05401e-97,31181.9,7.45392e-14,8.66144e-12,4.44886e-11,4.45186e-8,-5.02996e-98
0,206,7500,0,0,0,0,6.555e+9,22727.3,0,0,0,0,3.97273e+8,7500,0,0,0,0,6.555e+9,22727.3,0,0,0,0,3.97273e+8,7500,0,0,0,0,6.555e+9,22727.3,0,0,0,0,3.97273e+8
1,206,7350.49,8.75109,38.9726,10.4434,10434.3,13.5117,22699.5,1.63279,7.23526,22.9824,22968.7,0.81889,7334.52,9.68522,42.9117,11.2243,11214.7,13.5112,22696.5,1.80985,7.97565,24.7324,24718.8,0.818858,7332.43,9.80785,44.3229,11.519,11509.2,13.5126,22696.1,1.83328,8.2391,25.3851,25371.3,0.818945
2,206,7350.49,0.436407,6.8905,3.18726,3184.86,2.74969e-8,22699.5,0.0861661,1.28794,7.03753,7035.83,1.66648e-9,7334.52,0.483047,7.53605,3.40938,3406.9,2.74983e-8,22696.5,0.0959023,1.41101,7.5396,7538.41,1.66656e-9,7332.42,0.489196,7.98709,3.5626,3560.02,2.74946e-8,22696.1,0.0973658,1.49567,7.87978,7878.56,1.66634e-9
3,206,7350.49,0.0218737,0.949316,0.554753,554.384,1.0225e-13,22699.5,0.00529182,0.180108,1.23527,1235.3,6.19699e-15,7334.52,0.0242219,1.03022,0.589962,589.59,1.01849e-13,22696.5,0.00596021,0.196043,1.31661,1316.79,6.17265e-15,7332.42,0.0245404,1.12498,0.630442,630.045,1.02599e-13,22696.1,0.00611902,0.214064,1.40723,1407.42,6.2181e-15
4,206,7350.49,0.00111142,0.121531,0.079585,79.537,-2.90522e-19,22699.5,0.000418684,0.0235843,0.179863,179.901,-1.76074e-20,7334.52,0.00123216,0.130773,0.0840576,84.0106,-2.36562e-19,22696.5,0.000479432,0.0255045,0.190632,190.699,-1.43371e-20,7332.42,0.0012506,0.147548,0.0922315,92.1796,-1.36768e-19,22696.1,0.00050544,0.0287578,0.209192,209.263,-8.28896e-21
6,206,7350.49,3.2979e-6,0.00186912,0.00133227,1.33156,1.67161e-31,22699.5,4.94091e-6,0.000385245,0.00315766,3.15894,1.0131e-32,7334.52,3.68182e-6,0.00197507,0.00138468,1.38401,2.71427e-31,22696.5,5.7361e-6,0.000411363,0.00330698,3.30885,1.64501e-32,7332.42,3.8254e-6,0.00238983,0.00161668,1.61589,-3.18898e-33,22696.1,6.50939e-6,0.000496153,0.00385706,3.85915,-1.93271e-34
9,206,7350.49,1.58031e-9,3.45358e-6,2.51907e-6,0.0025178,-1.93038e-48,22699.5,9.79771e-9,7.90444e-7,6.58111e-6,0.00658425,-1.16992e-49,7334.52,1.77733e-9,3.54781e-6,2.54791e-6,0.00254677,-6.73993e-48,22696.5,1.12308e-8,8.28584e-7,6.76703e-6,0.00677142,-4.08479e-49,7332.42,2.1551e-9,4.78545e-6,3.3038e-6,0.00330228,1.07241e-50,22696.1,1.4148e-8,1.1074e-6,8.72564e-6,0.00873098,6.49942e-52
14,206,7350.49,3.50261e-14,9.52858e-11,6.96746e-11,6.96398e-8,1.38564e-73,22699.5,3.2402e-13,2.61161e-11,2.17666e-10,2.17772e-7,8.39778e-75,7334.52,3.77614e-14,9.33534e-11,6.72215e-11,6.71919e-8,-1.12244e-72,22696.5,3.60359e-13,2.6553e-11,2.17082e-10,2.17225e-7,-6.80268e-74,7332.42,5.55233e-14,1.47044e-10,1.01721e-10,1.01674e-7,9.68327e-77,22696.1,5.24936e-13,4.10495e-11,3.23706e-10,3.23907e-7,5.86859e-78
20,206,7350.49,1.07371e-18,2.93098e-15,2.14331e-15,2.14224e-12,2.89757e-81,22699.5,1.39268e-17,1.12245e-15,9.35515e-15,9.35971e-12,1.7561e-82,7334.52,1.32401e-18,3.28718e-15,2.36722e-15,2.36617e-12,8.04422e-81,22696.5,1.91178e-17,1.40861e-15,1.1516e-14,1.15236e-11,4.87527e-82,7332.42,3.39089e-18,8.99483e-15,6.22253e-15,6.21969e-12,4.65619e-86,22696.1,3.84396e-17,3.00586e-15,2.37035e-14,2.37182e-11,2.8219e-87
0,301,7500,0,0,0,0,6.555e+9,22727.3,0,0,0,0,3.97273e+8,7500,0,0,0,0,6.555e+9,22727.3,0,0,0,0,3.97273e+8,7500,0,0,0,0,6.555e+9,22727.3,0,0,0,0,3.97273e+8
1,301,7443.35,3.3172,15.5124,4.09077,4086.88,13.5124,22716.8,0.612895,2.86053,8.94796,8940.38,0.818936,7446.89,3.1099,14.9208,3.80246,3798.83,13.5113,22717.5,0.574361,2.75069,8.31735,8310.21,0.818867,7446.36,3.14117,15.6698,3.94326,3939.5,13.5113,22717.4,0.580192,2.88886,8.6256,8618.21,0.818867
2,301,7443.35,0.165264,2.92465,1.30643,1305.24,2.74945e-8,22716.8,0.031249,0.540653,2.86119,2859.13,1.66633e-9,7446.89,0.15493,2.91023,1.24389,1242.76,2.74974e-8,22717.5,0.0292455,0.537708,2.72393,2721.92,1.66651e-9,7446.36,0.156494,3.21929,1.33857,1337.35,2.74973e-8,22717.4,0.0295825,0.594808,2.93137,2929.2,1.6665e-9
3,301,7443.35,0.00825165,0.43401,0.240553,240.342,9.10513e-14,22716.8,0.00171399,0.0806598,0.528473,528.143,5.51827e-15,7446.89,0.00773499,0.449217,0.236056,235.847,9.04168e-14,22717.5,0.00159972,0.0833913,0.518376,518.037,5.47981e-15,7446.36,0.00781536,0.527799,0.26618,265.943,8.85129e-14,22717.4,0.00163338,0.0979607,0.58453,584.144,5.36442e-15
4,301,7443.35,0.000414672,0.060255,0.0368757,36.8441,-4.34856e-19,22716.8,0.000111201,0.0112868,0.0814493,81.4036,-2.6355e-20,7446.89,0.000388716,0.0650987,0.0374994,37.4668,-3.77721e-19,22717.5,0.000103917,0.0121679,0.0827435,82.6939,-2.28922e-20,7446.36,0.000393358,0.081657,0.0446837,44.6447,2.35243e-19,22717.4,0.000109873,0.0152536,0.0985817,98.5215,1.42572e-20
6,301,7443.35,1.13381e-6,0.00110125,0.000720713,0.720112,1.67673e-30,22716.8,9.97686e-7,0.000210545,0.00161869,1.61788,1.0162e-31,7446.89,1.07016e-6,0.0013028,0.000796126,0.795449,5.91885e-30,22717.5,9.82337e-7,0.000247806,0.00178244,1.78146,3.58718e-31,7446.36,1.11466e-6,0.00187537,0.00107725,1.07632,-2.11013e-30,22717.4,1.22053e-6,0.000355956,0.00240933,2.40796,-1.27887e-31
9,301,7443.35,4.30513e-10,2.6574e-6,1.76584e-6,0.00176438,-4.46951e-47,22716.8,2.16233e-9,5.26064e-7,4.09871e-6,0.00409674,-2.70879e-48,7446.89,4.64118e-10,3.61486e-6,2.2361e-6,0.00223421,-9.99112e-47,22717.5,2.43541e-9,7.08039e-7,5.1484e-6,0.00514566,-6.05522e-48,7446.36,6.65392e-10,6.42539e-6,3.72296e-6,0.00371978,1.12778e-46,22717.4,3.8198e-9,1.25197e-6,8.54009e-6,0.00853534,6.83502e-48
14,301,7443.35,1.31449e-14,1.13312e-10,7.53896e-11,7.53273e-8,-2.85155e-75,22716.8,9.7383e-14,2.3813e-11,1.85706e-10,1.85618e-7,-1.72821e-76,7446.89,1.89205e-14,1.95918e-10,1.21297e-10,1.21194e-7,-1.71886e-71,22717.5,1.38098e-13,4.0341e-11,2.9353e-10,2.93374e-7,-1.04173e-72,7446.36,4.28028e-14,5.01002e-10,2.90429e-10,2.90182e-7,2.16963e-73,22717.4,3.10307e-13,1.02034e-10,6.96273e-10,6.95887e-7,1.31493e-74
20,301,7443.35,6.29286e-19,5.44326e-15,3.62161e-15,3.61862e-12,-5.77723e-83,22716.8,5.22532e-18,1.27774e-15,9.96455e-15,9.9598e-12,-3.50135e-84,7446.89,1.85059e-18,1.91967e-14,1.18851e-14,1.18751e-11,-1.04376e-80,22717.5,1.41832e-17,4.14318e-15,3.01468e-14,3.01308e-11,-6.3258e-82,7446.36,2.35309e-18,2.75664e-14,1.59802e-14,1.59666e-11,5.15003e-85,22717.4,1.80094e-17,5.92177e-15,4.041e-14,4.03875e-11,3.12124e-86
0,302,11250,0,0,0,0,9.8325e+9,31250,0,0,0,0,5.4625e+8,11250,0,0,0,0,9.8325e+9,31250,0,0,0,0,5.4625e+8,11250,0,0,0,0,9.8325e+9,31250,0,0,0,0,5.4625e+8
1,302,11218.2,1.86198,8.435,2.24739,2245.18,20.2668,31245.1,0.287968,1.30367,4.12122,4117.31,1.12593,11219.9,1.76195,8.40532,2.14592,2143.81,20.2668,31245.4,0.272465,1.29897,3.93579,3932.04,1.12593,11217.5,1.90171,9.21997,2.3416,2339.3,20.2668,31245,0.294127,1.42503,4.29512,4291.05,1.12593
2,302,11218.2,0.0927248,1.52543,0.697046,696.373,4.48153e-8,31245.1,0.0144508,0.235968,1.27878,1277.63,2.48974e-9,11219.9,0.087743,1.62717,0.69832,697.645,4.48097e-8,31245.4,0.0136711,0.25166,1.28128,1280.11,2.48942e-9,11217.5,0.094705,1.82363,0.773701,772.954,4.48116e-8,31245,0.0147696,0.28209,1.41978,1418.5,2.48953e-9
3,302,11218.2,0.00462116,0.215679,0.123731,123.613,-1.22144e-13,31245.1,0.000743124,0.0334265,0.22724,227.042,-6.78578e-15,11219.9,0.00437302,0.248974,0.131637,131.511,7.38944e-14,31245.4,0.000703879,0.0385697,0.241762,241.549,4.10524e-15,11217.5,0.00472058,0.286078,0.148675,148.533,9.0032e-14,31245,0.000763444,0.0443291,0.273109,272.871,5.00178e-15
4,302,11218.2,0.0002308,0.0284006,0.0181633,18.1461,-8.21895e-19,31245.1,4.07036e-5,0.00441426,0.0334215,33.3932,-4.56608e-20,11219.9,0.00021848,0.0357365,0.0207457,20.726,4.83911e-19,31245.4,3.89305e-5,0.00554941,0.0381648,38.1319,2.6884e-20,11217.5,0.000235962,0.0421905,0.0239685,23.9458,3.94975e-19,31245,4.2812e-5,0.00655407,0.044107,44.0694,2.19431e-20
6,302,11218.2,5.90383e-7,0.00046377,0.000320779,0.320479,1.16761e-27,31245.1,1.95238e-7,7.26389e-5,0.000593855,0.593369,6.48672e-29,11219.9,5.63552e-7,0.00070081,0.000432347,0.43194,-1.13032e-28,31245.4,2.09909e-7,0.0001095,0.000799435,0.798762,-6.27956e-30,11217.5,6.13278e-7,0.000876108,0.000526437,0.525942,3.38274e-31,31245,2.52583e-7,0.000136969,0.000973939,0.973127,1.8793e-32
9,302,11218.2,1.15869e-10,9.40187e-7,6.63508e-7,0.00066289,3.93677e-44,31245.1,2.47882e-10,1.49253e-7,1.24379e-6,0.00124279,2.18709e-45,11219.9,1.36303e-10,1.88476e-6,1.17778e-6,0.00117668,-2.05116e-45,31245.4,3.7217e-10,2.97572e-7,2.19946e-6,0.00219762,-1.13953e-46,11217.5,1.6904e-10,2.57262e-6,1.56316e-6,0.00156169,-5.96821e-48,31245,5.15938e-10,4.06508e-7,2.92157e-6,0.00291915,-3.31567e-49
14,302,11218.2,1.38742e-15,2.79897e-11,1.97919e-11,1.97735e-8,-1.7169e-67,31245.1,7.29816e-15,4.55068e-12,3.79903e-11,3.79596e-8,-9.53832e-69,11219.9,3.4821e-15,9.30805e-11,5.82203e-11,5.81655e-8,-1.03683e-67,31245.4,1.82906e-14,1.49635e-11,1.10696e-10,1.10604e-7,-5.76018e-69,11217.5,5.79159e-15,1.51947e-10,9.23935e-11,9.23068e-8,7.41503e-77,31245,3.04902e-14,2.44507e-11,1.75846e-10,1.757e-7,4.11946e-78
20,302,11218.2,2.79322e-19,5.70043e-15,4.03096e-15,4.02721e-12,-2.69164e-75,31245.1,1.51423e-18,9.44354e-16,7.88387e-15,7.8775e-12,-1.49535e-76,11219.9,3.10515e-19,8.3428e-15,5.21833e-15,5.21342e-12,-5.23894e-76,31245.4,1.67776e-18,1.3727e-15,1.01549e-14,1.01464e-11,-2.91052e-77,11217.5,4.90195e-19,1.29108e-14,7.85061e-15,7.84325e-12,7.27857e-85,31245,2.65264e-18,2.12735e-15,1.52997e-14,1.5287e-11,4.04364e-86
0,303,11250,0,0,0,0,9.8325e+9,31250,0,0,0,0,5.4625e+8,11250,0,0,0,0,9.8325e+9,31250,0,0,0,0,5.4625e+8,11250,0,0,0,0,9.8325e+9,31250,0,0,0,0,5.4625e+8
1,303,11166.7,4.87892,23.3714,6.11529,6109.47,20.2671,31237.1,0.757268,3.62103,11.2392,11229.5,1.12595,11169.8,4.6949,22.9595,5.815,5809.45,20.2684,31237.6,0.728526,3.55665,10.6883,10679,1.12602,11164,5.03556,25.3271,6.35663,6350.59,20.2686,31236.7,0.781723,3.92446,11.6868,11676.7,1.12603
2,303,11166.7,0.243071,4.54894,1.9975,1995.68,4.48534e-8,31237.1,0.0385432,0.706337,3.67531,3672.56,2.49185e-9,11169.8,0.233897,4.59332,1.9369,1935.13,4.42461e-8,31237.6,0.0370502,0.712995,3.56388,3561.17,2.45811e-9,11164,0.250886,5.26084,2.17483,2172.86,4.42462e-8,31236.7,0.0398489,0.816919,4.00297,3999.98,2.45812e-9
3,303,11166.7,0.0121378,0.700466,0.378362,378.029,1.63089e-13,31237.1,0.00210463,0.10927,0.698091,697.624,9.06052e-15,11169.8,0.0116791,0.730219,0.376033,375.7,1.57707e-13,31237.6,0.00202038,0.113829,0.693671,693.195,8.76148e-15,11164,0.0125328,0.873581,0.436807,436.422,1.54592e-13,31236.7,0.00220008,0.136248,0.806155,805.615,8.58846e-15
4,303,11166.7,0.000610353,0.101242,0.0599735,59.9218,-6.65913e-19,31237.1,0.000136085,0.0159003,0.111176,111.107,-3.69952e-20,11169.8,0.00058736,0.109263,0.0613637,61.3103,-2.38267e-19,31237.6,0.000131022,0.0171363,0.113688,113.616,-1.32371e-20,11164,0.000631478,0.137032,0.0741946,74.1304,-2.35965e-19,31236.7,0.000148387,0.0215051,0.137548,137.463,-1.31092e-20
6,303,11166.7,1.69073e-6,0.0020149,0.0012668,1.26573,1.0765e-29,31237.1,1.26787e-6,0.000321944,0.00238222,2.38087,5.98057e-31,11169.8,1.63901e-6,0.00233932,0.00138623,1.38505,-1.76785e-30,31237.6,1.28093e-6,0.000372551,0.00260171,2.60016,-9.82136e-32,11164,1.81743e-6,0.00323956,0.00183757,1.83601,-7.85263e-31,31236.7,1.68732e-6,0.000516226,0.00345173,3.44972,-4.36257e-32
9,303,11166.7,7.57851e-10,5.54328e-6,3.52848e-6,0.00352552,-7.27956e-47,31237.1,3.10356e-9,9.11701e-7,6.82087e-6,0.00681712,-4.04419e-48,11169.8,8.28658e-10,7.19877e-6,4.31007e-6,0.00430641,-1.91146e-47,31237.6,3.505e-9,1.17597e-6,8.28911e-6,0.00828429,-1.06192e-48,11164,1.21768e-9,1.16012e-5,6.63369e-6,0.00662809,6.75417e-47,31236.7,5.52327e-9,1.89546e-6,1.2766e-5,0.0127588,3.75232e-48
14,303,11166.7,3.05472e-14,2.93175e-10,1.86779e-10,1.86623e-7,2.18684e-73,31237.1,1.71612e-13,5.06647e-11,3.79307e-10,3.791e-7,1.21491e-74,11169.8,4.27976e-14,4.70467e-10,2.81863e-10,2.81624e-7,-1.14576e-73,31237.6,2.38037e-13,8.02295e-11,5.65812e-10,5.65484e-7,-6.36532e-75,11164,8.62309e-14,9.70221e-10,5.55023e-10,5.54555e-7,6.71655e-76,31236.7,4.80361e-13,1.65356e-10,1.11407e-9,1.11343e-6,3.73143e-77
20,303,11166.7,2.08592e-18,2.00526e-14,1.27754e-14,1.27648e-11,-3.30612e-82,31237.1,1.23155e-17,3.63589e-15,2.72207e-14,2.72057e-11,-1.83673e-83,11169.8,2.54224e-18,2.79826e-14,1.67648e-14,1.67506e-11,4.68974e-84,31237.6,1.48303e-17,4.99855e-15,3.52519e-14,3.52315e-11,2.60541e-85,11164,3.80045e-18,4.2789e-14,2.44779e-14,2.44572e-11,-2.21571e-87,31236.7,2.24216e-17,7.71826e-15,5.20011e-14,5.19715e-11,-1.23095e-88
0,304,11250,0,0,0,0,9.8325e+9,31250,0,0,0,0,5.4625e+8,11250,0,0,0,0,9.8325e+9,31250,0,0,0,0,5.4625e+8,11250,0,0,0,0,9.8325e+9,31250,0,0,0,0,5.4625e+8
1,304,11057.6,11.2629,66.2143,16.2225,16208,20.2674,31220,1.76232,10.3117,29.9564,29935.6,1.12597,11073,10.3596,61.6082,14.6545,14641.3,20.2674,31222.5,1.61903,9.58715,27.0489,27029.5,1.12597,11061.8,11.0178,67.1098,15.8423,15828.1,20.2682,31220.7,1.72339,10.4488,29.2554,29234.8,1.12601
2,304,11057.6,0.561876,17.0015,6.47491,6469.65,4.48778e-8,31220,0.0936404,2.65941,11.9864,11980.8,2.49321e-9,11073,0.516721,16.0718,5.91829,5913.39,4.48826e-8,31222.5,0.0855389,2.51086,10.9482,10942.5,2.49347e-9,11061.8,0.54965,18.0948,6.55672,6551.35,4.42463e-8,31220.7,0.091568,2.8289,12.1367,12130.7,2.45813e-9
3,304,11057.6,0.028287,3.6072,1.58406,1582.85,1.15514e-13,31220,0.0063026,0.56891,2.94897,2947.98,6.41741e-15,11073,0.0259917,3.47263,1.46991,1468.75,1.09082e-13,31222.4,0.00564836,0.54648,2.73281,2731.73,6.06009e-15,11061.8,0.0276844,4.06079,1.68068,1679.38,8.79526e-14,31220.7,0.00623032,0.639635,3.12732,3126.17,4.88625e-15
4,304,11057.6,0.00147792,0.735756,0.339008,338.757,-3.66819e-19,31220,0.000681423,0.117284,0.636585,636.413,-2.03788e-20,11073,0.00135412,0.722119,0.32013,319.885,-3.14306e-19,31222.4,0.000597545,0.114708,0.599733,599.532,-1.74614e-20,11061.8,0.00145299,0.87899,0.379649,379.363,-2.70234e-19,31220.7,0.00070414,0.139784,0.71202,711.8,-1.5013e-20
6,304,11057.6,7.32364e-6,0.0299743,0.0140968,14.0866,-5.13469e-30,31220,2.14019e-5,0.00489461,0.0270696,27.0634,-2.85261e-31,11073,6.62495e-6,0.0306074,0.0138327,13.8223,-1.64113e-30,31222.4,1.89879e-5,0.00496556,0.0264284,26.4205,-9.11741e-32,11061.8,7.96141e-6,0.0404473,0.0177681,17.7549,-6.11226e-31,31220.7,2.51566e-5,0.00657065,0.0339961,33.9867,-3.3957e-32
9,304,11057.6,3.24771e-8,0.000245135,0.000115516,0.115433,1.18558e-45,31220,1.78823e-7,4.15561e-5,0.000230205,0.230153,6.58655e-47,11073,3.06862e-8,0.000265738,0.000120314,0.120224,9.89888e-46,31222.4,1.67367e-7,4.45448e-5,0.000237444,0.237374,5.49938e-47,11061.8,4.59037e-8,0.000397527,0.000174883,0.174753,3.26214e-46,31220.7,2.51975e-7,6.67366e-5,0.000345713,0.345619,1.81231e-47
14,304,11057.6,1.06431e-11,8.13693e-8,3.83457e-8,3.8318e-5,6.18046e-76,31220,6.31834e-11,1.46846e-8,8.13498e-8,8.13315e-5,3.43358e-77,11073,1.11127e-11,9.74456e-8,4.41207e-8,4.40877e-5,-1.81582e-73,31222.4,6.4811e-11,1.72518e-8,9.19624e-8,9.19352e-5,-1.00879e-74,11061.8,2.05142e-11,1.79236e-7,7.88529e-8,7.87946e-5,-3.27936e-76,31220.7,1.20012e-10,3.17885e-8,1.64676e-7,0.000164632,-1.82187e-77
20,304,11057.6,5.11776e-16,3.91271e-12,1.84389e-12,1.84255e-9,-6.68944e-98,31220,3.31003e-15,7.69293e-13,4.26173e-12,4.26077e-9,-3.71635e-99,11073,6.60114e-16,5.78851e-12,2.62088e-12,2.61891e-9,-6.1459e-93,31222.4,4.13844e-15,1.1016e-12,5.87217e-12,5.87043e-9,-3.41439e-94,11061.8,1.78591e-15,1.5604e-11,6.86479e-12,6.85971e-9,1.8972e-98,31220.7,1.1192e-14,2.96451e-12,1.53572e-11,1.53531e-8,1.05401e-99
0,305,11250,0,0,0,0,9.8325e+9,31250,0,0,0,0,5.4625e+8,11250,0,0,0,0,9.8325e+9,31250,0,0,0,0,5.4625e+8,11250,0,0,0,0,9.8325e+9,31250,0,0,0,0,5.4625e+8
1,305,11166.1,4.91341,23.0792,6.07742,6071.64,20.2671,31237,0.762638,3.57588,11.1699,11160.3,1.12595,11171,4.62493,21.9033,5.60547,5600.12,20.2685,31237.8,0.717589,3.39285,10.3027,10293.7,1.12603,11165.1,4.97121,24.0709,6.11611,6110.29,20.2686,31236.8,0.771645,3.72964,11.2441,11234.4,1.12603
2,305,11166.1,0.244786,4.37688,1.94896,1947.18,4.48588e-8,31237,0.0388018,0.679672,3.58613,3583.45,2.49215e-9,11171,0.230403,4.19922,1.81148,1809.82,4.42461e-8,31237.8,0.0364525,0.651796,3.33291,3330.37,2.45811e-9,11165.1,0.24767,4.75243,2.01812,2016.28,4.42461e-8,31236.8,0.0392808,0.737959,3.71432,3711.55,2.45812e-9
3,305,11166.1,0.0122221,0.653956,0.360732,360.415,1.6362e-13,31237,0.00211182,0.102038,0.665621,665.181,9.08997e-15,11171,0.0115018,0.635362,0.338533,338.233,1.5962e-13,31237.8,0.00197317,0.0990491,0.624461,624.034,8.86779e-15,11165.1,0.0123681,0.744022,0.387179,386.838,1.60441e-13,31236.8,0.00214833,0.116058,0.714543,714.067,8.91341e-15
4,305,11166.1,0.000614219,0.0914674,0.0556391,55.5913,-7.31529e-19,31237,0.000134727,0.0143729,0.103163,103.101,-4.06405e-20,11171,0.000577725,0.0900938,0.0528128,52.767,-7.06698e-19,31237.8,0.000124526,0.014135,0.0978487,97.7869,-3.9261e-20,11165.1,0.000622132,0.109491,0.0623037,62.25,-6.17448e-19,31236.8,0.000139894,0.0171918,0.115515,115.444,-3.43027e-20
6,305,11166.1,1.68186e-6,0.00169823,0.00110308,1.10216,9.36409e-30,31237,1.16859e-6,0.000271774,0.00207613,2.07499,5.20227e-31,11171,1.57693e-6,0.00172202,0.0010751,1.07419,1.15736e-29,31237.8,1.06595e-6,0.000274641,0.00201903,2.01786,6.42979e-31,11165.1,1.73474e-6,0.00226347,0.00136273,1.36158,5.90632e-30,31236.8,1.35461e-6,0.00036136,0.00256208,2.56064,3.28129e-31
9,305,11166.1,6.54259e-10,4.19857e-6,2.76747e-6,0.00276517,-1.60888e-45,31237,2.54618e-9,6.93097e-7,5.36403e-6,0.00536118,-8.93819e-47,11171,6.17548e-10,4.45204e-6,2.81775e-6,0.00281537,-1.36459e-45,31237.8,2.39512e-9,7.30033e-7,5.43304e-6,0.00542997,-7.58103e-47,11165.1,8.41471e-10,6.60116e-6,4.01921e-6,0.00401584,-2.42252e-48,31236.8,3.53142e-9,1.08353e-6,7.76002e-6,0.00775575,-1.34584e-49
14,305,11166.1,2.14111e-14,1.89985e-10,1.25374e-10,1.25269e-7,1.76087e-69,31237,1.20753e-13,3.30651e-11,2.56128e-10,2.55993e-7,9.78259e-71,11171,2.15067e-14,2.14365e-10,1.35814e-10,1.357e-7,4.05375e-71,31237.8,1.20161e-13,3.68593e-11,2.74539e-10,2.74385e-7,2.25208e-72,11165.1,3.84145e-14,3.85609e-10,2.3496e-10,2.34763e-7,-2.45976e-76,31236.8,2.15315e-13,6.63662e-11,4.75582e-10,4.75322e-7,-1.36653e-77
20,305,11166.1,1.70583e-18,1.51773e-14,1.00159e-14,1.00075e-11,2.46341e-78,31237,1.01768e-17,2.78667e-15,2.15862e-14,2.15748e-11,1.36856e-79,11171,1.92857e-18,1.92678e-14,1.22076e-14,1.21973e-11,2.75538e-80,31237.8,1.1298e-17,3.4657e-15,2.58137e-14,2.57992e-11,1.53077e-81,11165.1,2.25078e-18,2.26241e-14,1.37855e-14,1.37739e-11,1.42348e-85,31236.8,1.32819e-17,4.09388e-15,2.9337e-14,2.93209e-11,7.90818e-87
0,306,7500,0,0,0,0,6.555e+9,22727.3,0,0,0,0,3.97273e+8,7500,0,0,0,0,6.555e+9,22727.3,0,0,0,0,3.97273e+8,7500,0,0,0,0,6.555e+9,22727.3,0,0,0,0,3.97273e+8
1,306,7474.52,1.49251,7.89358,2.00032,1998.36,13.5116,22722.6,0.274866,1.45233,4.36657,4362.49,0.818884,7469.81,1.76789,9.31463,2.30296,2300.72,13.5123,22721.7,0.325736,1.71435,5.02993,5025.3,0.81893,7472.04,1.6373,9.11161,2.21353,2211.37,13.5126,22722.1,0.301611,1.67671,4.8339,4829.42,0.818943
2,306,7474.52,0.074334,1.75465,0.718654,717.964,2.74958e-8,22722.6,0.013858,0.323166,1.56963,1568.25,1.66641e-9,7469.81,0.0880537,2.0599,0.824304,823.518,2.74939e-8,22721.7,0.0164533,0.379574,1.80151,1799.96,1.6663e-9,7472.04,0.0815492,2.17061,0.836309,835.508,2.7493e-8,22722.1,0.0152335,0.399856,1.82738,1825.79,1.66624e-9
3,306,7474.52,0.00370727,0.315164,0.153586,153.441,3.68852e-14,22722.6,0.000732483,0.0581649,0.33589,335.606,2.23547e-15,7469.81,0.0043926,0.367798,0.175331,175.166,5.22587e-14,22721.7,0.000876846,0.0679345,0.383763,383.449,3.16719e-15,7472.04,0.00406859,0.422371,0.190622,190.442,2.82577e-14,22722.1,0.000814915,0.0779662,0.417082,416.733,1.71259e-15
4,306,7474.52,0.000185811,0.0538038,0.0280647,28.0383,1.8261e-19,22722.6,4.46401e-5,0.00995776,0.0615072,61.4564,1.10673e-20,7469.81,0.000220357,0.062389,0.03186,31.8303,1.82493e-19,22721.7,5.46831e-5,0.0115614,0.0699067,69.8513,1.10602e-20,7472.04,0.00020431,0.0785647,0.0375632,37.5279,1.32139e-18,22722.1,5.22176e-5,0.0145422,0.0823644,82.2971,8.00841e-20
6,306,7474.52,5.08067e-7,0.00151764,0.00082057,0.819801,6.10242e-30,22722.6,4.28541e-7,0.000282778,0.00180914,1.80768,3.69843e-31,7469.81,6.09523e-7,0.00173656,0.000919892,0.919041,3.08159e-30,22721.7,5.60269e-7,0.000324343,0.00203247,2.03089,1.86763e-31,7472.04,5.84804e-7,0.00264722,0.00130095,1.29974,-4.0287e-29,22722.1,6.53962e-7,0.000493135,0.00286915,2.86684,-2.44164e-30
9,306,7474.52,3.03566e-10,7.11218e-6,3.86536e-6,0.00386174,1.22168e-45,22722.6,1.68031e-9,1.33962e-6,8.61276e-6,0.00860582,7.40411e-47,7469.81,3.90198e-10,7.97528e-6,4.24727e-6,0.00424335,5.07354e-46,22721.7,2.20588e-9,1.50849e-6,9.50062e-6,0.00949331,3.07487e-47,7472.04,5.8521e-10,1.62461e-5,8.01017e-6,0.00800268,4.82576e-46,22722.1,3.54791e-9,3.05703e-6,1.78419e-5,0.0178276,2.92471e-47
14,306,7474.52,3.24431e-14,9.31447e-10,5.06334e-10,5.0586e-7,-4.38256e-70,22722.6,2.23008e-13,1.78665e-10,1.14891e-9,1.14798e-6,-2.6561e-71,7469.81,4.10451e-14,1.00994e-9,5.37969e-10,5.37472e-7,-3.87894e-71,22721.7,2.84124e-13,1.95126e-10,1.22916e-9,1.22822e-6,-2.35087e-72,7472.04,1.07826e-13,3.34361e-9,1.64874e-9,1.6472e-6,-1.80954e-75,22722.1,7.40722e-13,6.3987e-10,3.73485e-9,3.73186e-6,-1.09669e-76
20,306,7474.52,2.60587e-18,7.48541e-14,4.06906e-14,4.06525e-11,4.76627e-84,22722.6,1.82952e-17,1.46575e-14,9.42554e-14,9.41794e-11,2.88865e-85,7469.81,3.16931e-18,7.80212e-14,4.15599e-14,4.15215e-11,5.16031e-83,22721.7,2.2481e-17,1.54392e-14,9.72567e-14,9.71819e-11,3.12746e-84,7472.04,7.45941e-18,2.31352e-13,1.1408e-13,1.13973e-10,-7.35461e-93,22722.1,5.22845e-17,4.51658e-14,2.63628e-13,2.63417e-10,-4.45734e-94
