id,beta_N_pow_SAEM,fact_beta_T_SAEM,fact_delta_T_SAEM,delta_N_SAEM,c_SAEM,cI_SAEM,k_SAEM,g_SAEM,mu_SAEM,P_N_SAEM,fact_P_T_SAEM,alpha_VLSG_SAEM,thresh_Weight_SAEM,beta_immuno_SAEM,beta_N_pow_mean,fact_beta_T_mean,fact_delta_T_mean,delta_N_mean,c_mean,cI_mean,k_mean,g_mean,mu_mean,P_N_mean,fact_P_T_mean,alpha_VLSG_mean,thresh_Weight_mean,beta_immuno_mean,beta_N_pow_mode,fact_beta_T_mode,fact_delta_T_mode,delta_N_mode,c_mode,cI_mode,k_mode,g_mode,mu_mode,P_N_mode,fact_P_T_mode,alpha_VLSG_mode,thresh_Weight_mode,beta_immuno_mode,beta_N_pow_sd,fact_beta_T_sd,fact_delta_T_sd,delta_N_sd,c_sd,cI_sd,k_sd,g_sd,mu_sd,P_N_sd,fact_P_T_sd,alpha_VLSG_sd,thresh_Weight_sd,beta_immuno_sd,Group
101,-4.62935,0,0,2.20723,3,20,3,0,0.001,8113.03,-2.50054,1.36437,4.5,-5.75955e-7,-4.61538,0,0,2.22259,3,20,3,0,0.001,7802.62,-2.50434,1.35882,4.5,-5.82422e-7,-4.63964,0,0,2.25257,3,20,3,0,0.001,7802.62,-2.50434,1.35882,4.5,-5.82422e-7,0.204575,0,0,0.222058,0,0,0,0,0,0,0,0,0,0,Naive
102,-4.90746,0,0,2.21265,3,20,3,0,0.001,8113.03,-2.50054,1.36437,4.5,-5.75955e-7,-4.91289,0,0,2.16882,3,20,3,0,0.001,7802.62,-2.50434,1.35882,4.5,-5.82422e-7,-5.0779,0,0,2.25011,3,20,3,0,0.001,7802.62,-2.50434,1.35882,4.5,-5.82422e-7,0.29763,0,0,0.255329,0,0,0,0,0,0,0,0,0,0,Naive
103,-5.87477,0,0,2.21482,3,20,3,0,0.001,8113.03,-2.50054,1.36437,4.5,-5.75955e-7,-5.82185,0,0,2.24101,3,20,3,0,0.001,7802.62,-2.50434,1.35882,4.5,-5.82422e-7,-5.87192,0,0,2.16743,3,20,3,0,0.001,7802.62,-2.50434,1.35882,4.5,-5.82422e-7,0.34045,0,0,0.342436,0,0,0,0,0,0,0,0,0,0,Naive
104,-5.61806,0,0,1.59351,3,20,3,0,0.001,8113.03,-2.50054,1.36437,4.5,-5.75955e-7,-5.60461,0,0,1.57601,3,20,3,0,0.001,7802.62,-2.50434,1.35882,4.5,-5.82422e-7,-5.5805,0,0,1.59432,3,20,3,0,0.001,7802.62,-2.50434,1.35882,4.5,-5.82422e-7,0.239389,0,0,0.155941,0,0,0,0,0,0,0,0,0,0,Naive
105,-6.16427,0,0,1.9977,3,20,3,0,0.001,8113.03,-2.50054,1.36437,4.5,-5.75955e-7,-6.12119,0,0,2.03496,3,20,3,0,0.001,7802.62,-2.50434,1.35882,4.5,-5.82422e-7,-6.13578,0,0,1.99552,3,20,3,0,0.001,7802.62,-2.50434,1.35882,4.5,-5.82422e-7,0.324735,0,0,0.307223,0,0,0,0,0,0,0,0,0,0,Naive
106,-5.53012,0,0,1.99326,3,20,3,0,0.001,8113.03,-2.50054,1.36437,4.5,-5.75955e-7,-5.51633,0,0,2.04147,3,20,3,0,0.001,7802.62,-2.50434,1.35882,4.5,-5.82422e-7,-5.54177,0,0,2.00615,3,20,3,0,0.001,7802.62,-2.50434,1.35882,4.5,-5.82422e-7,0.350674,0,0,0.256868,0,0,0,0,0,0,0,0,0,0,Naive
201,-6.44813,0,0,1.99121,3,20,3,0,0.001,8113.03,-2.50054,1.36437,4.5,-5.75955e-7,-6.43889,0,0,2.00628,3,20,3,0,0.001,7802.62,-2.50434,1.35882,4.5,-5.82422e-7,-6.40638,0,0,1.99731,3,20,3,0,0.001,7802.62,-2.50434,1.35882,4.5,-5.82422e-7,0.302398,0,0,0.277263,0,0,0,0,0,0,0,0,0,0,Convalescent
202,-7.08212,0,0,2.18076,3,20,3,0,0.001,8113.03,-2.50054,1.36437,4.5,-5.75955e-7,-7.0578,0,0,2.1624,3,20,3,0,0.001,7802.62,-2.50434,1.35882,4.5,-5.82422e-7,-7.0579,0,0,2.14214,3,20,3,0,0.001,7802.62,-2.50434,1.35882,4.5,-5.82422e-7,0.314616,0,0,0.337077,0,0,0,0,0,0,0,0,0,0,Convalescent
203,-6.93865,0,0,2.16111,3,20,3,0,0.001,8113.03,-2.50054,1.36437,4.5,-5.75955e-7,-6.94762,0,0,2.1086,3,20,3,0,0.001,7802.62,-2.50434,1.35882,4.5,-5.82422e-7,-6.92707,0,0,2.11639,3,20,3,0,0.001,7802.62,-2.50434,1.35882,4.5,-5.82422e-7,0.322006,0,0,0.323665,0,0,0,0,0,0,0,0,0,0,Convalescent
204,-6.91108,0,0,2.05183,3,20,3,0,0.001,8113.03,-2.50054,1.36437,4.5,-5.75955e-7,-6.86301,0,0,2.04073,3,20,3,0,0.001,7802.62,-2.50434,1.35882,4.5,-5.82422e-7,-6.871,0,0,2.01825,3,20,3,0,0.001,7802.62,-2.50434,1.35882,4.5,-5.82422e-7,0.313662,0,0,0.274698,0,0,0,0,0,0,0,0,0,0,Convalescent
205,-6.99266,0,0,1.98952,3,20,3,0,0.001,8113.03,-2.50054,1.36437,4.5,-5.75955e-7,-7.01853,0,0,1.95148,3,20,3,0,0.001,7802.62,-2.50434,1.35882,4.5,-5.82422e-7,-6.98576,0,0,1.94538,3,20,3,0,0.001,7802.62,-2.50434,1.35882,4.5,-5.82422e-7,0.306943,0,0,0.270881,0,0,0,0,0,0,0,0,0,0,Convalescent
206,-7.24416,0,0,2.30453,3,20,3,0,0.001,8113.03,-2.50054,1.36437,4.5,-5.75955e-7,-7.22291,0,0,2.31542,3,20,3,0,0.001,7802.62,-2.50434,1.35882,4.5,-5.82422e-7,-7.21375,0,0,2.27288,3,20,3,0,0.001,7802.62,-2.50434,1.35882,4.5,-5.82422e-7,0.370833,0,0,0.399308,0,0,0,0,0,0,0,0,0,0,Convalescent
301,-7.59542,0,0,2.22758,3,20,3,0,0.001,8113.03,-2.50054,1.36437,4.5,-5.75955e-7,-7.61292,0,0,2.14617,3,20,3,0,0.001,7802.62,-2.50434,1.35882,4.5,-5.82422e-7,-7.59514,0,0,2.17873,3,20,3,0,0.001,7802.62,-2.50434,1.35882,4.5,-5.82422e-7,0.393302,0,0,0.342394,0,0,0,0,0,0,0,0,0,0,Conv-CD40
302,-8.21068,0,0,2.27872,3,20,3,0,0.001,8113.03,-2.50054,1.36437,4.5,-5.75955e-7,-8.21974,0,0,2.20455,3,20,3,0,0.001,7802.62,-2.50434,1.35882,4.5,-5.82422e-7,-8.15497,0,0,2.20985,3,20,3,0,0.001,7802.62,-2.50434,1.35882,4.5,-5.82422e-7,0.437295,0,0,0.390916,0,0,0,0,0,0,0,0,0,0,Conv-CD40
303,-7.85179,0,0,2.21485,3,20,3,0,0.001,8113.03,-2.50054,1.36437,4.5,-5.75955e-7,-7.84844,0,0,2.1874,3,20,3,0,0.001,7802.62,-2.50434,1.35882,4.5,-5.82422e-7,-7.82514,0,0,2.18957,3,20,3,0,0.001,7802.62,-2.50434,1.35882,4.5,-5.82422e-7,0.380756,0,0,0.345387,0,0,0,0,0,0,0,0,0,0,Conv-CD40
304,-7.3562,0,0,2.03664,3,20,3,0,0.001,8113.03,-2.50054,1.36437,4.5,-5.75955e-7,-7.38379,0,0,2.02063,3,20,3,0,0.001,7802.62,-2.50434,1.35882,4.5,-5.82422e-7,-7.34968,0,0,1.98483,3,20,3,0,0.001,7802.62,-2.50434,1.35882,4.5,-5.82422e-7,0.337172,0,0,0.356774,0,0,0,0,0,0,0,0,0,0,Conv-CD40
305,-7.82703,0,0,2.23642,3,20,3,0,0.001,8113.03,-2.50054,1.36437,4.5,-5.75955e-7,-7.81462,0,0,2.21955,3,20,3,0,0.001,7802.62,-2.50434,1.35882,4.5,-5.82422e-7,-7.78728,0,0,2.20792,3,20,3,0,0.001,7802.62,-2.50434,1.35882,4.5,-5.82422e-7,0.411351,0,0,0.356421,0,0,0,0,0,0,0,0,0,0,Conv-CD40
306,-7.94054,0,0,2.14238,3,20,3,0,0.001,8113.03,-2.50054,1.36437,4.5,-5.75955e-7,-7.9361,0,0,2.18526,3,20,3,0,0.001,7802.62,-2.50434,1.35882,4.5,-5.82422e-7,-7.91783,0,0,2.10599,3,20,3,0,0.001,7802.62,-2.50434,1.35882,4.5,-5.82422e-7,0.382069,0,0,0.354021,0,0,0,0,0,0,0,0,0,0,Conv-CD40
