rep,id,beta_N_pow,fact_beta_T,fact_delta_T,delta_N,c,cI,k,g,mu,P_N,fact_P_T,alpha_VLSG,thresh_Weight,beta_immuno,Group
1,101,-4.52348408984684,0,0,2.19216509527625,3,20,3,0,0.001,7802.61709074031,-2.50433609506916,1.35882133919767,4.5,-5.82421697810997e-7,Naive
2,101,-4.56835389679608,0,0,2.39959127866609,3,20,3,0,0.001,7802.61709074031,-2.50433609506916,1.35882133919767,4.5,-5.82421697810997e-7,Naive
3,101,-4.73083429818374,0,0,2.14285973904073,3,20,3,0,0.001,7802.61709074031,-2.50433609506916,1.35882133919767,4.5,-5.82421697810997e-7,Naive
4,101,-4.76625602078767,0,0,2.52057398586998,3,20,3,0,0.001,7802.61709074031,-2.50433609506916,1.35882133919767,4.5,-5.82421697810997e-7,Naive
5,101,-4.4831000448045,0,0,2.18237843751392,3,20,3,0,0.001,7802.61709074031,-2.50433609506916,1.35882133919767,4.5,-5.82421697810997e-7,Naive
6,101,-4.23182176857418,0,0,2.397255746479,3,20,3,0,0.001,7802.61709074031,-2.50433609506916,1.35882133919767,4.5,-5.82421697810997e-7,Naive
7,101,-4.65921148660564,0,0,2.71947450765479,3,20,3,0,0.001,7802.61709074031,-2.50433609506916,1.35882133919767,4.5,-5.82421697810997e-7,Naive
8,101,-4.57371703992589,0,0,2.1061544812009,3,20,3,0,0.001,7802.61709074031,-2.50433609506916,1.35882133919767,4.5,-5.82421697810997e-7,Naive
9,101,-4.28531875661371,0,0,2.23779667782117,3,20,3,0,0.001,7802.61709074031,-2.50433609506916,1.35882133919767,4.5,-5.82421697810997e-7,Naive
10,101,-4.67195050972434,0,0,2.4914389256092,3,20,3,0,0.001,7802.61709074031,-2.50433609506916,1.35882133919767,4.5,-5.82421697810997e-7,Naive
1,102,-4.61821612730336,0,0,1.89094737032598,3,20,3,0,0.001,7802.61709074031,-2.50433609506916,1.35882133919767,4.5,-5.82421697810997e-7,Naive
2,102,-4.8042809415255,0,0,1.98707583782632,3,20,3,0,0.001,7802.61709074031,-2.50433609506916,1.35882133919767,4.5,-5.82421697810997e-7,Naive
3,102,-4.77210754586083,0,0,2.34919376185366,3,20,3,0,0.001,7802.61709074031,-2.50433609506916,1.35882133919767,4.5,-5.82421697810997e-7,Naive
4,102,-4.5667508216841,0,0,2.0323119676238,3,20,3,0,0.001,7802.61709074031,-2.50433609506916,1.35882133919767,4.5,-5.82421697810997e-7,Naive
5,102,-5.21282186334687,0,0,1.97793888227635,3,20,3,0,0.001,7802.61709074031,-2.50433609506916,1.35882133919767,4.5,-5.82421697810997e-7,Naive
6,102,-5.08365176334211,0,0,1.99050127634549,3,20,3,0,0.001,7802.61709074031,-2.50433609506916,1.35882133919767,4.5,-5.82421697810997e-7,Naive
7,102,-4.48533203974419,0,0,1.79932625658478,3,20,3,0,0.001,7802.61709074031,-2.50433609506916,1.35882133919767,4.5,-5.82421697810997e-7,Naive
8,102,-5.19464416324094,0,0,1.85180335552127,3,20,3,0,0.001,7802.61709074031,-2.50433609506916,1.35882133919767,4.5,-5.82421697810997e-7,Naive
9,102,-5.14893227909193,0,0,2.0878324778556,3,20,3,0,0.001,7802.61709074031,-2.50433609506916,1.35882133919767,4.5,-5.82421697810997e-7,Naive
10,102,-5.18400271630881,0,0,2.61831202373345,3,20,3,0,0.001,7802.61709074031,-2.50433609506916,1.35882133919767,4.5,-5.82421697810997e-7,Naive
1,103,-5.90042915376557,0,0,2.15639350809643,3,20,3,0,0.001,7802.61709074031,-2.50433609506916,1.35882133919767,4.5,-5.82421697810997e-7,Naive
2,103,-5.69458338854569,0,0,2.54886155280654,3,20,3,0,0.001,7802.61709074031,-2.50433609506916,1.35882133919767,4.5,-5.82421697810997e-7,Naive
3,103,-5.17957708998415,0,0,2.74714687091069,3,20,3,0,0.001,7802.61709074031,-2.50433609506916,1.35882133919767,4.5,-5.82421697810997e-7,Naive
4,103,-6.24553999497577,0,0,2.12559494166414,3,20,3,0,0.001,7802.61709074031,-2.50433609506916,1.35882133919767,4.5,-5.82421697810997e-7,Naive
5,103,-5.45604279056661,0,0,2.4393693507444,3,20,3,0,0.001,7802.61709074031,-2.50433609506916,1.35882133919767,4.5,-5.82421697810997e-7,Naive
6,103,-6.10640058223926,0,0,2.03297309852837,3,20,3,0,0.001,7802.61709074031,-2.50433609506916,1.35882133919767,4.5,-5.82421697810997e-7,Naive
7,103,-6.02879807649863,0,0,1.89093650154068,3,20,3,0,0.001,7802.61709074031,-2.50433609506916,1.35882133919767,4.5,-5.82421697810997e-7,Naive
8,103,-6.12284103363813,0,0,1.87359459817953,3,20,3,0,0.001,7802.61709074031,-2.50433609506916,1.35882133919767,4.5,-5.82421697810997e-7,Naive
9,103,-5.91152957126909,0,0,1.95838897113947,3,20,3,0,0.001,7802.61709074031,-2.50433609506916,1.35882133919767,4.5,-5.82421697810997e-7,Naive
10,103,-5.63990118416662,0,0,2.09933301718028,3,20,3,0,0.001,7802.61709074031,-2.50433609506916,1.35882133919767,4.5,-5.82421697810997e-7,Naive
1,104,-5.88269598507427,0,0,1.28856933399934,3,20,3,0,0.001,7802.61709074031,-2.50433609506916,1.35882133919767,4.5,-5.82421697810997e-7,Naive
2,104,-5.69203925607088,0,0,1.4068805531201,3,20,3,0,0.001,7802.61709074031,-2.50433609506916,1.35882133919767,4.5,-5.82421697810997e-7,Naive
3,104,-5.38296655439877,0,0,1.74155284729296,3,20,3,0,0.001,7802.61709074031,-2.50433609506916,1.35882133919767,4.5,-5.82421697810997e-7,Naive
4,104,-5.7121039861678,0,0,1.59520365450238,3,20,3,0,0.001,7802.61709074031,-2.50433609506916,1.35882133919767,4.5,-5.82421697810997e-7,Naive
5,104,-5.42071388371484,0,0,1.57345311165385,3,20,3,0,0.001,7802.61709074031,-2.50433609506916,1.35882133919767,4.5,-5.82421697810997e-7,Naive
6,104,-5.9472083657004,0,0,1.60699173206932,3,20,3,0,0.001,7802.61709074031,-2.50433609506916,1.35882133919767,4.5,-5.82421697810997e-7,Naive
7,104,-5.74409857238654,0,0,1.53423692027159,3,20,3,0,0.001,7802.61709074031,-2.50433609506916,1.35882133919767,4.5,-5.82421697810997e-7,Naive
8,104,-5.54504833024986,0,0,1.50418981115206,3,20,3,0,0.001,7802.61709074031,-2.50433609506916,1.35882133919767,4.5,-5.82421697810997e-7,Naive
9,104,-5.71314619694264,0,0,1.61619527684631,3,20,3,0,0.001,7802.61709074031,-2.50433609506916,1.35882133919767,4.5,-5.82421697810997e-7,Naive
10,104,-5.40415762550551,0,0,1.81035205568791,3,20,3,0,0.001,7802.61709074031,-2.50433609506916,1.35882133919767,4.5,-5.82421697810997e-7,Naive
1,105,-6.24642048112525,0,0,1.93188227022768,3,20,3,0,0.001,7802.61709074031,-2.50433609506916,1.35882133919767,4.5,-5.82421697810997e-7,Naive
2,105,-6.13575354533757,0,0,2.03591505147376,3,20,3,0,0.001,7802.61709074031,-2.50433609506916,1.35882133919767,4.5,-5.82421697810997e-7,Naive
3,105,-6.17826878450386,0,0,2.13059299369607,3,20,3,0,0.001,7802.61709074031,-2.50433609506916,1.35882133919767,4.5,-5.82421697810997e-7,Naive
4,105,-5.98251755018568,0,0,2.06202225284632,3,20,3,0,0.001,7802.61709074031,-2.50433609506916,1.35882133919767,4.5,-5.82421697810997e-7,Naive
5,105,-5.93185085275021,0,0,2.07857400399106,3,20,3,0,0.001,7802.61709074031,-2.50433609506916,1.35882133919767,4.5,-5.82421697810997e-7,Naive
6,105,-6.19577057607538,0,0,2.23934109082314,3,20,3,0,0.001,7802.61709074031,-2.50433609506916,1.35882133919767,4.5,-5.82421697810997e-7,Naive
7,105,-6.16568470888415,0,0,1.91167731503207,3,20,3,0,0.001,7802.61709074031,-2.50433609506916,1.35882133919767,4.5,-5.82421697810997e-7,Naive
8,105,-6.04086823355532,0,0,2.5351828444724,3,20,3,0,0.001,7802.61709074031,-2.50433609506916,1.35882133919767,4.5,-5.82421697810997e-7,Naive
9,105,-6.18181829058281,0,0,2.13196765302718,3,20,3,0,0.001,7802.61709074031,-2.50433609506916,1.35882133919767,4.5,-5.82421697810997e-7,Naive
10,105,-6.23052670488376,0,0,2.05642085636096,3,20,3,0,0.001,7802.61709074031,-2.50433609506916,1.35882133919767,4.5,-5.82421697810997e-7,Naive
1,106,-5.57677108939209,0,0,1.94013669151512,3,20,3,0,0.001,7802.61709074031,-2.50433609506916,1.35882133919767,4.5,-5.82421697810997e-7,Naive
2,106,-5.78854538086396,0,0,1.75168132044519,3,20,3,0,0.001,7802.61709074031,-2.50433609506916,1.35882133919767,4.5,-5.82421697810997e-7,Naive
3,106,-5.32845372957464,0,0,2.127682344195,3,20,3,0,0.001,7802.61709074031,-2.50433609506916,1.35882133919767,4.5,-5.82421697810997e-7,Naive
4,106,-6.06245678166219,0,0,1.61776304352551,3,20,3,0,0.001,7802.61709074031,-2.50433609506916,1.35882133919767,4.5,-5.82421697810997e-7,Naive
5,106,-5.2882567722443,0,0,1.83964902742519,3,20,3,0,0.001,7802.61709074031,-2.50433609506916,1.35882133919767,4.5,-5.82421697810997e-7,Naive
6,106,-5.90768279614842,0,0,1.76878935047462,3,20,3,0,0.001,7802.61709074031,-2.50433609506916,1.35882133919767,4.5,-5.82421697810997e-7,Naive
7,106,-5.19045564777236,0,0,2.19115608810328,3,20,3,0,0.001,7802.61709074031,-2.50433609506916,1.35882133919767,4.5,-5.82421697810997e-7,Naive
8,106,-5.30599083384161,0,0,2.56674392560084,3,20,3,0,0.001,7802.61709074031,-2.50433609506916,1.35882133919767,4.5,-5.82421697810997e-7,Naive
9,106,-5.36401651811028,0,0,1.96064941762489,3,20,3,0,0.001,7802.61709074031,-2.50433609506916,1.35882133919767,4.5,-5.82421697810997e-7,Naive
10,106,-5.58043647829138,0,0,1.82852983064837,3,20,3,0,0.001,7802.61709074031,-2.50433609506916,1.35882133919767,4.5,-5.82421697810997e-7,Naive
1,201,-6.31722828995622,0,0,1.804735561746,3,20,3,0,0.001,7802.61709074031,-2.50433609506916,1.35882133919767,4.5,-5.82421697810997e-7,Convalescent
2,201,-5.9652812736651,0,0,2.19424365891689,3,20,3,0,0.001,7802.61709074031,-2.50433609506916,1.35882133919767,4.5,-5.82421697810997e-7,Convalescent
3,201,-6.20586491256699,0,0,2.58888793830824,3,20,3,0,0.001,7802.61709074031,-2.50433609506916,1.35882133919767,4.5,-5.82421697810997e-7,Convalescent
4,201,-6.50127901927484,0,0,1.92215473914762,3,20,3,0,0.001,7802.61709074031,-2.50433609506916,1.35882133919767,4.5,-5.82421697810997e-7,Convalescent
5,201,-6.48529975719216,0,0,2.78752634392369,3,20,3,0,0.001,7802.61709074031,-2.50433609506916,1.35882133919767,4.5,-5.82421697810997e-7,Convalescent
6,201,-6.17172309719851,0,0,2.34675611906521,3,20,3,0,0.001,7802.61709074031,-2.50433609506916,1.35882133919767,4.5,-5.82421697810997e-7,Convalescent
7,201,-6.24764671566871,0,0,1.77512829111582,3,20,3,0,0.001,7802.61709074031,-2.50433609506916,1.35882133919767,4.5,-5.82421697810997e-7,Convalescent
8,201,-6.26278030500614,0,0,1.82648601897025,3,20,3,0,0.001,7802.61709074031,-2.50433609506916,1.35882133919767,4.5,-5.82421697810997e-7,Convalescent
9,201,-6.38679613342188,0,0,1.69323924815919,3,20,3,0,0.001,7802.61709074031,-2.50433609506916,1.35882133919767,4.5,-5.82421697810997e-7,Convalescent
10,201,-6.58564605822199,0,0,1.90701895935834,3,20,3,0,0.001,7802.61709074031,-2.50433609506916,1.35882133919767,4.5,-5.82421697810997e-7,Convalescent
1,202,-7.30102380906347,0,0,1.96597983943718,3,20,3,0,0.001,7802.61709074031,-2.50433609506916,1.35882133919767,4.5,-5.82421697810997e-7,Convalescent
2,202,-7.09424199818495,0,0,1.90906598249226,3,20,3,0,0.001,7802.61709074031,-2.50433609506916,1.35882133919767,4.5,-5.82421697810997e-7,Convalescent
3,202,-6.94533211161311,0,0,2.06356534419682,3,20,3,0,0.001,7802.61709074031,-2.50433609506916,1.35882133919767,4.5,-5.82421697810997e-7,Convalescent
4,202,-7.43566538939389,0,0,1.93895024852378,3,20,3,0,0.001,7802.61709074031,-2.50433609506916,1.35882133919767,4.5,-5.82421697810997e-7,Convalescent
5,202,-7.22443279020852,0,0,2.26560227433808,3,20,3,0,0.001,7802.61709074031,-2.50433609506916,1.35882133919767,4.5,-5.82421697810997e-7,Convalescent
6,202,-6.94496701741092,0,0,2.85243772060044,3,20,3,0,0.001,7802.61709074031,-2.50433609506916,1.35882133919767,4.5,-5.82421697810997e-7,Convalescent
7,202,-7.26367269564089,0,0,1.96595059257279,3,20,3,0,0.001,7802.61709074031,-2.50433609506916,1.35882133919767,4.5,-5.82421697810997e-7,Convalescent
8,202,-6.98837772764791,0,0,2.68795161043447,3,20,3,0,0.001,7802.61709074031,-2.50433609506916,1.35882133919767,4.5,-5.82421697810997e-7,Convalescent
9,202,-6.96528145346192,0,0,2.38535936577098,3,20,3,0,0.001,7802.61709074031,-2.50433609506916,1.35882133919767,4.5,-5.82421697810997e-7,Convalescent
10,202,-7.34021970747367,0,0,2.07518405304065,3,20,3,0,0.001,7802.61709074031,-2.50433609506916,1.35882133919767,4.5,-5.82421697810997e-7,Convalescent
1,203,-7.0244830175962,0,0,1.86401149571984,3,20,3,0,0.001,7802.61709074031,-2.50433609506916,1.35882133919767,4.5,-5.82421697810997e-7,Convalescent
2,203,-7.38768964961476,0,0,1.80526936687885,3,20,3,0,0.001,7802.61709074031,-2.50433609506916,1.35882133919767,4.5,-5.82421697810997e-7,Convalescent
3,203,-6.7242136452353,0,0,2.02321235657993,3,20,3,0,0.001,7802.61709074031,-2.50433609506916,1.35882133919767,4.5,-5.82421697810997e-7,Convalescent
4,203,-7.02387798191513,0,0,2.43441859116805,3,20,3,0,0.001,7802.61709074031,-2.50433609506916,1.35882133919767,4.5,-5.82421697810997e-7,Convalescent
5,203,-7.39440897848749,0,0,1.99988416992967,3,20,3,0,0.001,7802.61709074031,-2.50433609506916,1.35882133919767,4.5,-5.82421697810997e-7,Convalescent
6,203,-7.06540159674808,0,0,2.18928166266651,3,20,3,0,0.001,7802.61709074031,-2.50433609506916,1.35882133919767,4.5,-5.82421697810997e-7,Convalescent
7,203,-7.4245247486005,0,0,1.83763403985986,3,20,3,0,0.001,7802.61709074031,-2.50433609506916,1.35882133919767,4.5,-5.82421697810997e-7,Convalescent
8,203,-6.48892005239524,0,0,3.54659181562146,3,20,3,0,0.001,7802.61709074031,-2.50433609506916,1.35882133919767,4.5,-5.82421697810997e-7,Convalescent
9,203,-6.80359542559267,0,0,2.26908598904391,3,20,3,0,0.001,7802.61709074031,-2.50433609506916,1.35882133919767,4.5,-5.82421697810997e-7,Convalescent
10,203,-7.27718181714207,0,0,1.95876346854067,3,20,3,0,0.001,7802.61709074031,-2.50433609506916,1.35882133919767,4.5,-5.82421697810997e-7,Convalescent
1,204,-7.22045024279752,0,0,1.86922378883121,3,20,3,0,0.001,7802.61709074031,-2.50433609506916,1.35882133919767,4.5,-5.82421697810997e-7,Convalescent
2,204,-7.55188655446862,0,0,1.60644130485814,3,20,3,0,0.001,7802.61709074031,-2.50433609506916,1.35882133919767,4.5,-5.82421697810997e-7,Convalescent
3,204,-6.95287942437215,0,0,2.2740662145818,3,20,3,0,0.001,7802.61709074031,-2.50433609506916,1.35882133919767,4.5,-5.82421697810997e-7,Convalescent
4,204,-6.85372095817258,0,0,1.78764328862156,3,20,3,0,0.001,7802.61709074031,-2.50433609506916,1.35882133919767,4.5,-5.82421697810997e-7,Convalescent
5,204,-7.30727449538999,0,0,1.8346266882875,3,20,3,0,0.001,7802.61709074031,-2.50433609506916,1.35882133919767,4.5,-5.82421697810997e-7,Convalescent
6,204,-7.1859751340964,0,0,2.28024218021705,3,20,3,0,0.001,7802.61709074031,-2.50433609506916,1.35882133919767,4.5,-5.82421697810997e-7,Convalescent
7,204,-6.88362485610858,0,0,1.79469832449402,3,20,3,0,0.001,7802.61709074031,-2.50433609506916,1.35882133919767,4.5,-5.82421697810997e-7,Convalescent
8,204,-6.93612637887963,0,0,2.02448655447617,3,20,3,0,0.001,7802.61709074031,-2.50433609506916,1.35882133919767,4.5,-5.82421697810997e-7,Convalescent
9,204,-6.51927658354788,0,0,2.12030630364981,3,20,3,0,0.001,7802.61709074031,-2.50433609506916,1.35882133919767,4.5,-5.82421697810997e-7,Convalescent
10,204,-6.6194285792272,0,0,2.48859315431406,3,20,3,0,0.001,7802.61709074031,-2.50433609506916,1.35882133919767,4.5,-5.82421697810997e-7,Convalescent
1,205,-6.90841474875908,0,0,1.76035426458943,3,20,3,0,0.001,7802.61709074031,-2.50433609506916,1.35882133919767,4.5,-5.82421697810997e-7,Convalescent
2,205,-6.70236154153077,0,0,2.12381806497959,3,20,3,0,0.001,7802.61709074031,-2.50433609506916,1.35882133919767,4.5,-5.82421697810997e-7,Convalescent
3,205,-6.8220721755884,0,0,2.60752857817164,3,20,3,0,0.001,7802.61709074031,-2.50433609506916,1.35882133919767,4.5,-5.82421697810997e-7,Convalescent
4,205,-7.47952511769146,0,0,1.58679465518012,3,20,3,0,0.001,7802.61709074031,-2.50433609506916,1.35882133919767,4.5,-5.82421697810997e-7,Convalescent
5,205,-6.5574352943047,0,0,2.05440857764101,3,20,3,0,0.001,7802.61709074031,-2.50433609506916,1.35882133919767,4.5,-5.82421697810997e-7,Convalescent
6,205,-6.59219304375695,0,0,2.02306662242118,3,20,3,0,0.001,7802.61709074031,-2.50433609506916,1.35882133919767,4.5,-5.82421697810997e-7,Convalescent
7,205,-7.1534605842771,0,0,1.98480590034821,3,20,3,0,0.001,7802.61709074031,-2.50433609506916,1.35882133919767,4.5,-5.82421697810997e-7,Convalescent
8,205,-7.6090636033331,0,0,2.03249973614311,3,20,3,0,0.001,7802.61709074031,-2.50433609506916,1.35882133919767,4.5,-5.82421697810997e-7,Convalescent
9,205,-7.34452578323038,0,0,2.01060894021393,3,20,3,0,0.001,7802.61709074031,-2.50433609506916,1.35882133919767,4.5,-5.82421697810997e-7,Convalescent
10,205,-7.2022440792536,0,0,2.13195007937978,3,20,3,0,0.001,7802.61709074031,-2.50433609506916,1.35882133919767,4.5,-5.82421697810997e-7,Convalescent
1,206,-7.63465531823965,0,0,1.99532553825639,3,20,3,0,0.001,7802.61709074031,-2.50433609506916,1.35882133919767,4.5,-5.82421697810997e-7,Convalescent
2,206,-6.62896786167713,0,0,2.97093222306675,3,20,3,0,0.001,7802.61709074031,-2.50433609506916,1.35882133919767,4.5,-5.82421697810997e-7,Convalescent
3,206,-7.15523546509317,0,0,2.39030468318315,3,20,3,0,0.001,7802.61709074031,-2.50433609506916,1.35882133919767,4.5,-5.82421697810997e-7,Convalescent
4,206,-8.07031976678475,0,0,1.66066369301441,3,20,3,0,0.001,7802.61709074031,-2.50433609506916,1.35882133919767,4.5,-5.82421697810997e-7,Convalescent
5,206,-7.08156209708163,0,0,2.67416727667835,3,20,3,0,0.001,7802.61709074031,-2.50433609506916,1.35882133919767,4.5,-5.82421697810997e-7,Convalescent
6,206,-7.71518215788651,0,0,1.75725351940096,3,20,3,0,0.001,7802.61709074031,-2.50433609506916,1.35882133919767,4.5,-5.82421697810997e-7,Convalescent
7,206,-6.69236618136473,0,0,2.59934097404213,3,20,3,0,0.001,7802.61709074031,-2.50433609506916,1.35882133919767,4.5,-5.82421697810997e-7,Convalescent
8,206,-7.23500552774303,0,0,3.68614478647282,3,20,3,0,0.001,7802.61709074031,-2.50433609506916,1.35882133919767,4.5,-5.82421697810997e-7,Convalescent
9,206,-7.11989522233921,0,0,2.32327860636771,3,20,3,0,0.001,7802.61709074031,-2.50433609506916,1.35882133919767,4.5,-5.82421697810997e-7,Convalescent
10,206,-7.26808019825508,0,0,1.6103754361097,3,20,3,0,0.001,7802.61709074031,-2.50433609506916,1.35882133919767,4.5,-5.82421697810997e-7,Convalescent
1,301,-7.68666885516364,0,0,1.52927783479358,3,20,3,0,0.001,7802.61709074031,-2.50433609506916,1.35882133919767,4.5,-5.82421697810997e-7,Conv-CD40
2,301,-7.32288796377893,0,0,2.43502404885971,3,20,3,0,0.001,7802.61709074031,-2.50433609506916,1.35882133919767,4.5,-5.82421697810997e-7,Conv-CD40
3,301,-7.5026341476543,0,0,2.05752172512649,3,20,3,0,0.001,7802.61709074031,-2.50433609506916,1.35882133919767,4.5,-5.82421697810997e-7,Conv-CD40
4,301,-7.69794393829252,0,0,2.39470981728329,3,20,3,0,0.001,7802.61709074031,-2.50433609506916,1.35882133919767,4.5,-5.82421697810997e-7,Conv-CD40
5,301,-7.62845787655049,0,0,2.34063225467763,3,20,3,0,0.001,7802.61709074031,-2.50433609506916,1.35882133919767,4.5,-5.82421697810997e-7,Conv-CD40
6,301,-7.45375725752363,0,0,1.5693039700389,3,20,3,0,0.001,7802.61709074031,-2.50433609506916,1.35882133919767,4.5,-5.82421697810997e-7,Conv-CD40
7,301,-7.94204140189539,0,0,1.56948408189241,3,20,3,0,0.001,7802.61709074031,-2.50433609506916,1.35882133919767,4.5,-5.82421697810997e-7,Conv-CD40
8,301,-7.31511615069164,0,0,2.56852202917393,3,20,3,0,0.001,7802.61709074031,-2.50433609506916,1.35882133919767,4.5,-5.82421697810997e-7,Conv-CD40
9,301,-7.07044206182364,0,0,2.93582062994988,3,20,3,0,0.001,7802.61709074031,-2.50433609506916,1.35882133919767,4.5,-5.82421697810997e-7,Conv-CD40
10,301,-7.95609505229437,0,0,1.53701511919213,3,20,3,0,0.001,7802.61709074031,-2.50433609506916,1.35882133919767,4.5,-5.82421697810997e-7,Conv-CD40
1,302,-8.24501015686037,0,0,2.18546556253491,3,20,3,0,0.001,7802.61709074031,-2.50433609506916,1.35882133919767,4.5,-5.82421697810997e-7,Conv-CD40
2,302,-8.51433969356913,0,0,2.26457022047164,3,20,3,0,0.001,7802.61709074031,-2.50433609506916,1.35882133919767,4.5,-5.82421697810997e-7,Conv-CD40
3,302,-8.66636465569614,0,0,1.76025368017368,3,20,3,0,0.001,7802.61709074031,-2.50433609506916,1.35882133919767,4.5,-5.82421697810997e-7,Conv-CD40
4,302,-8.01611701358694,0,0,2.15404605985952,3,20,3,0,0.001,7802.61709074031,-2.50433609506916,1.35882133919767,4.5,-5.82421697810997e-7,Conv-CD40
5,302,-8.22536663809551,0,0,2.1165664957372,3,20,3,0,0.001,7802.61709074031,-2.50433609506916,1.35882133919767,4.5,-5.82421697810997e-7,Conv-CD40
6,302,-8.18094058734729,0,0,1.78789950943428,3,20,3,0,0.001,7802.61709074031,-2.50433609506916,1.35882133919767,4.5,-5.82421697810997e-7,Conv-CD40
7,302,-8.12695137179412,0,0,2.94534381485779,3,20,3,0,0.001,7802.61709074031,-2.50433609506916,1.35882133919767,4.5,-5.82421697810997e-7,Conv-CD40
8,302,-8.57923289861042,0,0,2.01146915057797,3,20,3,0,0.001,7802.61709074031,-2.50433609506916,1.35882133919767,4.5,-5.82421697810997e-7,Conv-CD40
9,302,-7.87981027222654,0,0,1.97616768835048,3,20,3,0,0.001,7802.61709074031,-2.50433609506916,1.35882133919767,4.5,-5.82421697810997e-7,Conv-CD40
10,302,-7.33466231104234,0,0,2.84697529659567,3,20,3,0,0.001,7802.61709074031,-2.50433609506916,1.35882133919767,4.5,-5.82421697810997e-7,Conv-CD40
1,303,-7.68170319721461,0,0,2.48370290739908,3,20,3,0,0.001,7802.61709074031,-2.50433609506916,1.35882133919767,4.5,-5.82421697810997e-7,Conv-CD40
2,303,-7.09733850742283,0,0,1.82986163451279,3,20,3,0,0.001,7802.61709074031,-2.50433609506916,1.35882133919767,4.5,-5.82421697810997e-7,Conv-CD40
3,303,-7.71484030803917,0,0,1.80790102906106,3,20,3,0,0.001,7802.61709074031,-2.50433609506916,1.35882133919767,4.5,-5.82421697810997e-7,Conv-CD40
4,303,-8.35577216593854,0,0,1.55902694674043,3,20,3,0,0.001,7802.61709074031,-2.50433609506916,1.35882133919767,4.5,-5.82421697810997e-7,Conv-CD40
5,303,-7.93404429772856,0,0,2.03904699933276,3,20,3,0,0.001,7802.61709074031,-2.50433609506916,1.35882133919767,4.5,-5.82421697810997e-7,Conv-CD40
6,303,-7.59750415469557,0,0,2.48328236696196,3,20,3,0,0.001,7802.61709074031,-2.50433609506916,1.35882133919767,4.5,-5.82421697810997e-7,Conv-CD40
7,303,-8.01807984745274,0,0,2.12901951309271,3,20,3,0,0.001,7802.61709074031,-2.50433609506916,1.35882133919767,4.5,-5.82421697810997e-7,Conv-CD40
8,303,-8.57374865571442,0,0,1.63055837032659,3,20,3,0,0.001,7802.61709074031,-2.50433609506916,1.35882133919767,4.5,-5.82421697810997e-7,Conv-CD40
9,303,-6.94340496380212,0,0,2.11403667570894,3,20,3,0,0.001,7802.61709074031,-2.50433609506916,1.35882133919767,4.5,-5.82421697810997e-7,Conv-CD40
10,303,-8.23482042016698,0,0,1.78408071455318,3,20,3,0,0.001,7802.61709074031,-2.50433609506916,1.35882133919767,4.5,-5.82421697810997e-7,Conv-CD40
1,304,-6.72482751926247,0,0,2.07527140703656,3,20,3,0,0.001,7802.61709074031,-2.50433609506916,1.35882133919767,4.5,-5.82421697810997e-7,Conv-CD40
2,304,-7.34535179554429,0,0,1.72942655184705,3,20,3,0,0.001,7802.61709074031,-2.50433609506916,1.35882133919767,4.5,-5.82421697810997e-7,Conv-CD40
3,304,-7.19527088739675,0,0,2.29412385099883,3,20,3,0,0.001,7802.61709074031,-2.50433609506916,1.35882133919767,4.5,-5.82421697810997e-7,Conv-CD40
4,304,-7.61621638804666,0,0,1.84337051739958,3,20,3,0,0.001,7802.61709074031,-2.50433609506916,1.35882133919767,4.5,-5.82421697810997e-7,Conv-CD40
5,304,-7.1400065528292,0,0,2.06052524635805,3,20,3,0,0.001,7802.61709074031,-2.50433609506916,1.35882133919767,4.5,-5.82421697810997e-7,Conv-CD40
6,304,-7.24718906790677,0,0,1.95348170634072,3,20,3,0,0.001,7802.61709074031,-2.50433609506916,1.35882133919767,4.5,-5.82421697810997e-7,Conv-CD40
7,304,-7.95210834800612,0,0,1.41926271341809,3,20,3,0,0.001,7802.61709074031,-2.50433609506916,1.35882133919767,4.5,-5.82421697810997e-7,Conv-CD40
8,304,-7.44331838621011,0,0,1.78220715705788,3,20,3,0,0.001,7802.61709074031,-2.50433609506916,1.35882133919767,4.5,-5.82421697810997e-7,Conv-CD40
9,304,-7.19590639702211,0,0,2.9484979222684,3,20,3,0,0.001,7802.61709074031,-2.50433609506916,1.35882133919767,4.5,-5.82421697810997e-7,Conv-CD40
10,304,-7.48705013037955,0,0,1.92121173114938,3,20,3,0,0.001,7802.61709074031,-2.50433609506916,1.35882133919767,4.5,-5.82421697810997e-7,Conv-CD40
1,305,-7.70338686256954,0,0,2.55242360486838,3,20,3,0,0.001,7802.61709074031,-2.50433609506916,1.35882133919767,4.5,-5.82421697810997e-7,Conv-CD40
2,305,-8.10719612161521,0,0,2.13960950126016,3,20,3,0,0.001,7802.61709074031,-2.50433609506916,1.35882133919767,4.5,-5.82421697810997e-7,Conv-CD40
3,305,-7.72605071892797,0,0,2.13417434102563,3,20,3,0,0.001,7802.61709074031,-2.50433609506916,1.35882133919767,4.5,-5.82421697810997e-7,Conv-CD40
4,305,-8.08007629323305,0,0,2.37939877798109,3,20,3,0,0.001,7802.61709074031,-2.50433609506916,1.35882133919767,4.5,-5.82421697810997e-7,Conv-CD40
5,305,-7.35150823098949,0,0,2.65840435438002,3,20,3,0,0.001,7802.61709074031,-2.50433609506916,1.35882133919767,4.5,-5.82421697810997e-7,Conv-CD40
6,305,-7.88024539136183,0,0,2.58430987178469,3,20,3,0,0.001,7802.61709074031,-2.50433609506916,1.35882133919767,4.5,-5.82421697810997e-7,Conv-CD40
7,305,-7.13973193455677,0,0,2.35048426427112,3,20,3,0,0.001,7802.61709074031,-2.50433609506916,1.35882133919767,4.5,-5.82421697810997e-7,Conv-CD40
8,305,-7.74428768762192,0,0,2.41755965586144,3,20,3,0,0.001,7802.61709074031,-2.50433609506916,1.35882133919767,4.5,-5.82421697810997e-7,Conv-CD40
9,305,-8.15105138589299,0,0,2.03146770346278,3,20,3,0,0.001,7802.61709074031,-2.50433609506916,1.35882133919767,4.5,-5.82421697810997e-7,Conv-CD40
10,305,-7.63465942872162,0,0,1.97740346197013,3,20,3,0,0.001,7802.61709074031,-2.50433609506916,1.35882133919767,4.5,-5.82421697810997e-7,Conv-CD40
1,306,-7.97221104328416,0,0,2.04476787379793,3,20,3,0,0.001,7802.61709074031,-2.50433609506916,1.35882133919767,4.5,-5.82421697810997e-7,Conv-CD40
2,306,-7.80612079361308,0,0,2.49782786899499,3,20,3,0,0.001,7802.61709074031,-2.50433609506916,1.35882133919767,4.5,-5.82421697810997e-7,Conv-CD40
3,306,-8.44032564924668,0,0,2.2478193486304,3,20,3,0,0.001,7802.61709074031,-2.50433609506916,1.35882133919767,4.5,-5.82421697810997e-7,Conv-CD40
4,306,-8.43229807662996,0,0,2.03877659581136,3,20,3,0,0.001,7802.61709074031,-2.50433609506916,1.35882133919767,4.5,-5.82421697810997e-7,Conv-CD40
5,306,-7.77333694123855,0,0,1.83338050267955,3,20,3,0,0.001,7802.61709074031,-2.50433609506916,1.35882133919767,4.5,-5.82421697810997e-7,Conv-CD40
6,306,-7.3024519875305,0,0,2.32321592700257,3,20,3,0,0.001,7802.61709074031,-2.50433609506916,1.35882133919767,4.5,-5.82421697810997e-7,Conv-CD40
7,306,-6.83667816862153,0,0,1.59555107659154,3,20,3,0,0.001,7802.61709074031,-2.50433609506916,1.35882133919767,4.5,-5.82421697810997e-7,Conv-CD40
8,306,-7.65923098843891,0,0,2.40994064687761,3,20,3,0,0.001,7802.61709074031,-2.50433609506916,1.35882133919767,4.5,-5.82421697810997e-7,Conv-CD40
9,306,-7.36131044330319,0,0,2.34831845810705,3,20,3,0,0.001,7802.61709074031,-2.50433609506916,1.35882133919767,4.5,-5.82421697810997e-7,Conv-CD40
10,306,-7.9444880132367,0,0,2.15299553815286,3,20,3,0,0.001,7802.61709074031,-2.50433609506916,1.35882133919767,4.5,-5.82421697810997e-7,Conv-CD40
