time,id,TT_SAEM,I1T_SAEM,I2T_SAEM,VIT_SAEM,VNIT_SAEM,ViniT_SAEM,TN_SAEM,I1N_SAEM,I2N_SAEM,VIN_SAEM,VNIN_SAEM,ViniN_SAEM,TT_mean,I1T_mean,I2T_mean,VIT_mean,VNIT_mean,ViniT_mean,TN_mean,I1N_mean,I2N_mean,VIN_mean,VNIN_mean,ViniN_mean,TT_mode,I1T_mode,I2T_mode,VIT_mode,VNIT_mode,ViniT_mode,TN_mode,I1N_mode,I2N_mode,VIN_mode,VNIN_mode,ViniN_mode
0,101,7500,0,0,0,0,6.555e+9,22727.3,0,0,0,0,3.97273e+8,7500,0,0,0,0,6.555e+9,22727.3,0,0,0,0,3.97273e+8,7500,0,0,0,0,6.555e+9,22727.3,0,0,0,0,3.97273e+8
1,101,21.0717,384.924,2335.64,615.312,614765,13.5125,14928.3,822.982,2589.34,5697.54,6.12171e+6,0.818706,23.0248,385.071,2317.68,605.566,605032,13.5111,15043.2,805.316,2533.61,5564.88,5.97639e+6,0.818628,29.0917,385.454,2307.46,603.438,602921,13.5115,15328.7,767.861,2429.66,5359.88,5.74713e+6,0.818658
2,101,20.9152,19.2032,549.129,224.001,223820,2.67623e-8,13772.2,353.611,1177.22,3181.89,3.51244e+6,1.62107e-9,22.8595,19.2126,539.485,218.866,218692,2.67819e-8,13926,341.664,1136.86,3072.9,3.39186e+6,1.62226e-9,28.8922,19.2401,534.249,217.319,217156,2.67727e-8,14278,321.484,1075.83,2927.37,3.22696e+6,1.62173e-9
3,101,20.8707,0.966037,107.128,50.7751,50736.4,2.40667e-16,13234.3,159.127,533.345,1471.98,1.6285e+6,1.462e-17,22.8129,0.966958,104.037,49.147,49110.5,-1.93699e-16,13410.9,152.23,509.135,1404.52,1.55423e+6,-1.16935e-17,28.8362,0.970414,102.377,48.5528,48519.4,3.67076e-16,13797,142.028,476.534,1322.18,1.46182e+6,2.22743e-17
4,101,20.8612,0.0501413,20.0424,10.0301,10022.7,-7.28491e-23,12995.5,70.7542,239.418,665.664,735633,-4.4255e-24,22.8031,0.0502592,19.2257,9.60249,9595.63,5.54413e-23,13184.4,67.0216,226.14,628.185,694464,3.34704e-24,28.8244,0.0508419,18.7913,9.42963,9423.48,-1.02141e-22,13587.3,61.9992,209.656,585.343,646648,-6.19805e-24
6,101,20.8591,0.000216785,0.68458,0.351476,351.224,-2.93351e-33,12842.4,13.9569,47.5348,132.846,146656,-1.78202e-34,22.8008,0.000218313,0.640204,0.328384,328.156,-8.46487e-34,13041,12.9642,44.0047,122.828,135656,-5.11e-35,28.8218,0.000236644,0.617056,0.318183,317.983,3.95e-33,13456,11.7925,40.0891,112.407,124075,2.39681e-34
9,101,20.859,6.44437e-7,0.00429084,0.00220959,2.20801,-2.53821e-47,12808,1.2219,4.16766,11.6611,12870.1,-1.54194e-48,22.8008,6.30363e-7,0.00386126,0.00198691,1.98554,-8.33263e-48,13009.6,1.1023,3.74644,10.4684,11559.2,-5.03029e-49,28.8217,7.27119e-7,0.00364375,0.00188511,1.88394,4.55927e-47,13427.7,0.977814,3.3279,9.33999,10307.5,2.76655e-48
14,101,20.859,1.34226e-10,9.13719e-7,4.70566e-7,0.000470229,-7.58308e-77,12804.8,0.021088,0.0719366,0.201301,222.167,-4.60514e-78,22.8008,1.23079e-10,7.71143e-7,3.96851e-7,0.000396577,-4.40658e-78,13006.7,0.0181199,0.0615924,0.17212,190.05,-2.65809e-79,28.8217,1.3748e-10,7.02474e-7,3.63466e-7,0.00036324,-1.401e-77,13425.2,0.0154156,0.052471,0.147276,162.529,-8.5085e-79
20,101,20.859,5.26741e-15,3.58582e-11,1.8467e-11,1.84538e-8,-9.89584e-108,12804.8,0.000161593,0.000551236,0.00154254,1.70242,-6.00863e-109,22.8008,4.473e-15,2.80262e-11,1.44231e-11,1.44131e-8,-1.30557e-108,13006.6,0.000130972,0.000445194,0.0012441,1.3737,-7.87516e-110,28.8217,4.78918e-15,2.44717e-11,1.26619e-11,1.2654e-8,-7.29163e-108,13425.2,0.000105975,0.000360712,0.00101245,1.11731,-4.42824e-109
0,102,11250,0,0,0,0,9.8325e+9,31250,0,0,0,0,5.4625e+8,11250,0,0,0,0,9.8325e+9,31250,0,0,0,0,5.4625e+8,11250,0,0,0,0,9.8325e+9,31250,0,0,0,0,5.4625e+8
1,102,18.8837,576.117,4650.03,1120.92,1.11988e+6,20.2667,20396.4,1212.32,4608.7,9424.49,1.00882e+7,1.12561,14.8466,575.535,4666.86,1112.26,1.11121e+6,20.2668,20031,1261.41,4778.18,9687.91,1.03839e+7,1.12561,23.2794,576.634,4602.84,1101.06,1.10005e+6,20.2672,20736.2,1160.65,4425.93,9050.19,9.67714e+6,1.12564
2,102,18.6764,28.7382,1593.61,542.364,541880,4.2832e-8,18297,659.153,2782.45,6815.93,7.44082e+6,2.3783e-9,14.6786,28.6988,1606.92,540.015,539522,4.28311e-8,17832.7,689.837,2908.14,7059.04,7.71353e+6,2.37822e-9,23.0375,28.773,1556.24,527.304,526845,4.28542e-8,18760.2,620.281,2622.66,6436.77,7.02393e+6,2.37955e-9
3,102,18.5964,1.45046,476.882,176.944,176789,1.24237e-16,17065.6,375.082,1634.93,4105.29,4.47456e+6,6.89695e-18,14.6135,1.44488,483.47,177.011,176853,1.24319e-16,16542.2,393.114,1717.72,4279.72,4.66678e+6,6.90141e-18,22.9452,1.45513,458.641,169.736,169592,1.2398e-16,17612.3,349.177,1517.4,3812.18,4.1559e+6,6.88275e-18
4,102,18.5715,0.0781741,139.77,52.9666,52920.7,3.5472e-25,16376.1,210.113,940.37,2390.73,2.59818e+6,1.96881e-26,14.5932,0.0768157,142.498,53.2703,53222.8,3.5467e-25,15819,220.416,991.169,2502.85,2.72047e+6,1.9685e-26,22.9169,0.0792041,132.312,50.0489,50006.9,3.5469e-25,16976,193.668,861.569,2188.92,2.38014e+6,1.96866e-26
6,102,18.562,0.000794139,11.9162,4.54212,4538.19,-3.75984e-40,15776.4,65.4276,300.142,771.914,836504,-2.0865e-41,14.5854,0.000686858,12.2872,4.6197,4615.59,-3.69088e-40,15189.4,68.7176,317.446,811.681,879518,-2.04819e-41,22.9063,0.000857757,10.9251,4.1581,4154.63,-8.49648e-43,16429.5,59.1922,269.07,690.657,749099,-4.71426e-44
9,102,18.5611,1.54076e-5,0.296265,0.112958,112.86,5.87573e-56,15552.9,11.3199,52.426,135.432,146605,3.25999e-57,14.5847,1.29583e-5,0.310734,0.116859,116.755,3.20905e-56,14954.5,11.9069,55.5823,142.808,154560,1.78036e-57,22.9053,1.61921e-5,0.258872,0.098555,98.4726,3.02785e-58,16230,9.96679,45.6752,117.694,127534,1.6797e-59
14,102,18.5611,3.25844e-8,0.000627425,0.00023922,0.239013,-6.62394e-82,15508.7,0.6071,2.81704,7.28372,7882.93,-3.67484e-83,14.5846,2.81858e-8,0.000677007,0.000254604,0.254378,-3.32859e-82,14907.9,0.640144,2.99451,7.70129,8333.09,-1.84625e-83,22.9053,3.16078e-8,0.000506002,0.00019264,0.192479,-6.28899e-84,16191.7,0.51105,2.3457,6.04885,6553.34,-3.48767e-85
20,102,18.5611,2.01451e-11,3.87901e-7,1.47896e-7,0.000147768,-1.6879e-118,15506.3,0.0181328,0.0841481,0.217583,235.48,-9.36294e-120,14.5846,1.8029e-11,4.33046e-7,1.62857e-7,0.000162712,-4.87919e-118,14905.4,0.0191758,0.0897123,0.230735,249.66,-2.70682e-119,22.9053,1.77497e-11,2.8415e-7,1.08179e-7,0.000108089,4.32952e-120,16189.7,0.0144637,0.0663932,0.171215,185.493,2.40205e-121
0,103,7500,0,0,0,0,6.555e+9,22727.3,0,0,0,0,3.97273e+8,7500,0,0,0,0,6.555e+9,22727.3,0,0,0,0,3.97273e+8,7500,0,0,0,0,6.555e+9,22727.3,0,0,0,0,3.97273e+8
1,103,2137.78,300.551,1445.45,393.794,394347,13.511,20997,125.804,480.35,1235.83,1.26324e+6,0.818791,2414.24,286.243,1414.28,377.183,377725,13.5111,21164,111.954,446.034,1136.25,1.15897e+6,0.818803,2185.86,298.086,1483.8,395.412,395966,13.511,21027,123.536,487.942,1236.59,1.26339e+6,0.818793
2,103,2135.71,15.4612,272.753,124.199,124619,2.65599e-8,20930.1,22.9433,120.5,454.25,471886,1.60945e-9,2412.19,14.7462,277.5,122.419,122837,2.6538e-8,21107.5,19.6836,113.133,423.727,438587,1.60815e-9,2183.75,15.353,293.058,128.847,129277,2.65578e-8,20960.4,22.8758,126.742,467.788,485424,1.60933e-9
3,103,2135.21,0.876445,40.9363,22.9343,23045,1.89204e-13,20910,5.76801,29.1176,116.79,122194,1.14653e-14,2411.68,0.843653,43.5439,23.4024,23515.3,5.28051e-14,21090.4,4.92465,27.3444,109.462,114054,3.19987e-15,2183.22,0.878243,46.3551,24.7807,24897.5,5.30158e-14,20939.8,5.91439,31.5895,123.93,129478,3.2126e-15
4,103,2135.13,0.0611287,5.77751,3.55078,3571.36,6.2068e-19,20905,1.43754,7.15616,28.826,30221.3,3.76124e-20,2411.59,0.0606466,6.44782,3.77288,3794.51,9.8877e-20,21086.1,1.22753,6.71126,27.0172,28205.6,5.99184e-21,2183.13,0.0632459,6.92411,4.02445,4046.98,8.22172e-20,20934.5,1.51785,7.9957,31.5081,32981.2,4.98224e-21
6,103,2135.11,0.000645899,0.109966,0.0717125,72.1944,-1.20756e-27,20903.4,0.0876141,0.435508,1.7531,1838.84,-7.31768e-29,2411.58,0.000719817,0.135717,0.0836086,84.1569,-2.57174e-28,21084.8,0.0747031,0.407576,1.63983,1712.79,-1.55845e-29,2183.11,0.000761571,0.148419,0.0907016,91.2809,-1.43487e-28,20932.8,0.0980953,0.515935,2.03194,2127.88,-8.69512e-30
9,103,2135.11,1.51539e-6,0.00028375,0.000187255,0.188571,-1.05695e-45,20903.3,0.00131565,0.00654003,0.026326,27.614,-6.40483e-47,2411.58,1.99341e-6,0.000408358,0.000253922,0.255649,-2.73691e-47,21084.7,0.00111847,0.00610262,0.0245525,25.6453,-1.65858e-48,2183.11,2.1692e-6,0.000459136,0.000283097,0.28497,-1.55271e-47,20932.7,0.0016083,0.00845925,0.0333151,34.8885,-9.40928e-49
14,103,2135.11,7.3235e-11,1.3749e-8,9.08031e-9,9.14438e-6,-2.26068e-77,20903.3,1.20266e-6,5.97838e-6,2.40652e-5,0.0252425,-1.36973e-78,2411.58,1.24586e-10,2.55738e-8,1.59103e-8,1.60188e-5,-2.41466e-78,21084.7,1.01741e-6,5.55122e-6,2.2334e-5,0.0233281,-1.46306e-79,2183.11,1.4199e-10,3.01143e-8,1.8577e-8,1.87002e-5,-2.32963e-77,20932.7,1.70196e-6,8.95187e-6,3.52552e-5,0.0369202,-1.4116e-78
20,103,2135.11,4.88094e-16,9.16331e-14,6.05179e-14,6.09449e-11,-1.07109e-110,20903.3,2.71408e-10,1.34916e-9,5.43085e-9,5.69656e-6,-6.48788e-112,2411.58,1.12848e-15,2.31643e-13,1.44113e-13,1.45096e-10,-8.134e-110,21084.7,2.2822e-10,1.24521e-9,5.00982e-9,5.23281e-6,-4.92775e-111,2183.11,1.35692e-15,2.87784e-13,1.77529e-13,1.78707e-10,2.8785e-109,20932.7,4.57528e-10,2.40648e-9,9.47745e-9,9.92505e-6,1.74399e-110
0,104,11250,0,0,0,0,9.8325e+9,31250,0,0,0,0,5.4625e+8,11250,0,0,0,0,9.8325e+9,31250,0,0,0,0,5.4625e+8,11250,0,0,0,0,9.8325e+9,31250,0,0,0,0,5.4625e+8
1,104,2124.77,504.956,3599.54,870.193,871050,20.2681,28334,229.939,1168.36,2655.73,2.72184e+6,1.1259,2263.84,498.246,3579.7,853.396,854274,20.2682,28445.3,219.286,1133.71,2561.11,2.6225e+6,1.12592,2007.35,510.533,3640.06,871.447,872266,20.2676,28235.3,239.119,1206.6,2725.04,2.79505e+6,1.12588
2,104,2120.11,26.3651,1136.71,400.228,401137,4.32723e-8,28132.7,66.3733,481.029,1444.96,1.50181e+6,2.4036e-9,2259.13,26.0457,1145.27,396.581,397509,4.33023e-8,28257.4,62.2389,467.883,1398.79,1.45184e+6,2.40528e-9,2002.79,26.6149,1147.42,400.129,401008,4.3237e-8,28022.3,70.0363,498.855,1486.01,1.54621e+6,2.40162e-9
3,104,2118.41,1.7181,308.1,119.997,120348,9.33764e-17,28041.2,26.8718,191.056,592.333,618187,5.18622e-18,2257.4,1.7119,314.952,120.419,120780,8.02391e-17,28171.8,25.1602,185.803,573.821,597997,4.45658e-18,2001.14,1.72065,310.413,119.764,120104,7.99196e-17,27925.3,28.5264,199.257,612.141,639615,4.43875e-18
4,104,2117.93,0.198433,81.4409,32.5818,32685.4,2.70388e-25,28004.4,10.7863,76.3016,236.998,247516,1.50172e-26,2256.91,0.202411,84.5154,33.1646,33272.4,1.8476e-25,28137.4,10.0982,74.1747,229.533,239372,1.02613e-26,2000.67,0.195604,81.8913,32.4582,32558.4,2.30348e-25,27886,11.5124,80.0288,246.293,257527,1.27932e-26
6,104,2117.77,0.00992745,5.63453,2.27284,2280.33,4.3562e-38,27983.8,1.72258,12.1867,37.857,39539.9,2.4177e-39,2256.73,0.0105676,6.02829,2.38417,2392.19,2.7888e-36,28118.1,1.61173,11.8389,36.6391,38212.6,1.54884e-37,2000.51,0.00964054,5.64312,2.25532,2262.54,5.48289e-38,27863.9,1.85907,12.9259,39.7854,41602.8,3.04369e-39
9,104,2117.75,0.000178048,0.102358,0.041307,41.4436,-3.89488e-54,27980.2,0.109907,0.777646,2.41581,2523.19,-2.16173e-55,2256.72,0.000198608,0.114648,0.0453615,45.5145,-2.22665e-52,28114.7,0.102735,0.754714,2.3358,2436.09,-1.23667e-53,2000.5,0.000171761,0.1019,0.0407435,40.8743,-4.71232e-54,27859.9,0.120618,0.838748,2.58177,2699.68,-2.616e-55
14,104,2117.75,2.23481e-7,0.000128486,5.18512e-5,0.0520226,4.62315e-80,27979.9,0.00111982,0.00792329,0.0246143,25.7084,2.56596e-81,2256.72,2.69084e-7,0.00015534,6.14618e-5,0.0616691,-2.89765e-78,28114.4,0.00104504,0.00767716,0.0237605,24.7807,-1.60915e-79,2000.5,2.13441e-7,0.000126636,5.06343e-5,0.0507969,5.79008e-80,27859.6,0.00126373,0.0087877,0.0270497,28.2851,3.21433e-81
20,104,2117.75,7.37652e-11,4.24097e-8,1.71147e-8,1.71713e-5,4.14617e-114,27979.9,4.55952e-6,3.2261e-5,0.000100221,0.104676,2.30134e-115,2256.72,9.73454e-11,5.61966e-8,2.22348e-8,2.23098e-5,2.85069e-112,28114.4,4.24678e-6,3.11981e-5,9.65566e-5,0.100703,1.58313e-113,2000.5,6.96099e-11,4.13002e-8,1.65135e-8,1.65665e-5,4.23302e-114,27859.6,5.32071e-6,3.69991e-5,0.000113888,0.11909,2.35006e-115
0,105,11250,0,0,0,0,9.8325e+9,31250,0,0,0,0,5.4625e+8,11250,0,0,0,0,9.8325e+9,31250,0,0,0,0,5.4625e+8,11250,0,0,0,0,9.8325e+9,31250,0,0,0,0,5.4625e+8
1,105,2669.37,478.074,2486.21,662.324,663164,20.2668,28747.9,184.883,746.229,1872.72,1.91567e+6,1.12585,2627.92,480.118,2476.26,654.671,655497,20.2676,28721.6,186.818,747.909,1871.14,1.91458e+6,1.12589,2421.74,490.31,2554.65,674.046,674855,20.2666,28579.5,199.483,796.707,1983.07,2.03146e+6,1.12583
2,105,2665.97,24.6343,516.758,223.564,224247,4.33329e-8,28638.7,36.8936,206.15,741.096,770248,2.40702e-9,2624.58,24.7183,508.809,219.142,219810,4.33764e-8,28611.7,37.1074,204.783,734.977,764276,2.40943e-9,2418.38,25.2309,530.613,227.273,227938,4.32912e-8,28456.5,41.1639,222.988,790.36,823279,2.40468e-9
3,105,2665.08,1.41934,86.7731,45.0461,45238.8,2.18018e-13,28603.3,10.1765,54.8747,208.263,217874,1.21104e-14,2623.72,1.41757,84.3157,43.6965,43883.8,-4.36704e-17,28576.4,10.1586,54.0687,204.921,214514,-2.42597e-18,2417.51,1.44601,89.0573,45.7709,45959.2,1.84921e-13,28416.3,11.5675,60.4166,225.347,236309,1.02718e-14
4,105,2664.91,0.105463,13.8243,7.72962,7768.5,-7.19763e-20,28593.5,2.77993,14.8129,56.4147,59118.2,-3.99784e-21,2623.56,0.103928,13.2429,7.40676,7444.17,-1.20201e-23,28566.8,2.75355,14.4816,55.075,57753.3,-6.67807e-25,2417.35,0.106226,14.1809,7.85045,7888.45,-1.25597e-21,28405,3.2132,16.6005,62.0977,65227.2,-6.94886e-23
6,105,2664.88,0.00146042,0.338951,0.197513,198.629,-8.50111e-30,28590.2,0.203988,1.08571,4.13294,4332.55,-4.72171e-31,2623.53,0.00137992,0.315199,0.184067,185.115,-6.56799e-34,28563.5,0.198927,1.04501,3.97235,4167.06,-3.6488e-35,2417.32,0.00144185,0.347294,0.200391,201.482,-1.14257e-31,28401.1,0.244094,1.25993,4.71093,4950.02,-6.32126e-33
9,105,2664.88,5.15717e-6,0.00128646,0.000754469,0.758848,2.32785e-49,28589.9,0.0040483,0.0215474,0.0820236,85.9858,1.29301e-50,2623.53,4.6363e-6,0.00114349,0.000672394,0.676335,1.34649e-53,28563.2,0.00385666,0.0202606,0.0770153,80.7911,7.48142e-55,2417.31,5.06178e-6,0.00131572,0.000764099,0.768373,4.62261e-51,28400.8,0.0051042,0.026347,0.0985122,103.513,2.55753e-52
14,105,2664.88,4.75039e-10,1.18682e-7,6.96229e-8,7.00278e-5,-1.10169e-77,28589.9,5.88957e-6,3.13476e-5,0.00011933,0.125094,-6.11897e-79,2623.53,3.95982e-10,9.78326e-8,5.7546e-8,5.78841e-5,-6.90607e-82,28563.2,5.3964e-6,2.83495e-5,0.000107763,0.113046,-3.83698e-83,2417.31,4.64756e-10,1.21009e-7,7.02953e-8,7.06893e-5,3.79133e-79,28400.8,8.10164e-6,4.18193e-5,0.000156363,0.164301,2.09756e-80
20,105,2664.88,6.83173e-15,1.70681e-12,1.00128e-12,1.0071e-9,-1.09738e-111,28589.9,2.3197e-9,1.23468e-8,4.70001e-8,4.92705e-5,-6.09447e-113,2623.53,5.20756e-15,1.28659e-12,7.56788e-13,7.61233e-10,8.74103e-116,28563.2,2.02882e-9,1.06583e-8,4.05145e-8,4.25008e-5,4.85604e-117,2417.31,6.6609e-15,1.7343e-12,1.00748e-12,1.01312e-9,-2.32584e-113,28400.8,3.54275e-9,1.8287e-8,6.83758e-8,7.18466e-5,-1.28665e-114
0,106,11250,0,0,0,0,9.8325e+9,31250,0,0,0,0,5.4625e+8,11250,0,0,0,0,9.8325e+9,31250,0,0,0,0,5.4625e+8,11250,0,0,0,0,9.8325e+9,31250,0,0,0,0,5.4625e+8
1,106,1103.13,550.934,3810.72,938.586,939013,20.2676,27192.7,343.359,1560.05,3529.93,3.6495e+6,1.12584,1162.41,548.462,3777.08,921.194,921653,20.2681,27285.5,332.969,1519.52,3428.35,3.54226e+6,1.12587,1055.48,552.868,3820.47,931.921,932312,20.2667,27117.6,350.674,1586.25,3568.65,3.6916e+6,1.12578
2,106,1099.57,28.3529,1130.07,410.181,410761,4.31162e-8,26836.9,114.13,655.869,1925.16,2.0263e+6,2.39476e-9,1158.82,28.2381,1115.15,401.324,401922,4.31513e-8,26947.5,108.607,631.941,1855.15,1.95107e+6,2.39672e-9,1052.04,28.4184,1129.96,406.374,406926,4.30677e-8,26752.2,117.109,667.452,1946.33,2.05023e+6,2.39206e-9
3,106,1098.34,1.7006,285.794,115.776,115998,2.05399e-15,26673.3,48.1476,270.753,814.146,860886,1.14065e-16,1157.58,1.69638,280.573,112.781,113008,-3.19234e-15,26793.5,45.287,257.742,775.743,819675,-1.77315e-16,1050.85,1.69357,284.939,114.412,114624,-1.13691e-16,26584.1,49.4674,275.922,824.051,872090,-6.32868e-18
4,106,1098.01,0.160066,70.2835,29.3748,29437.6,-7.88936e-24,26605.2,20.0288,112.39,338.367,358010,-4.38095e-25,1157.25,0.159889,68.6283,28.4714,28535.2,2.22199e-22,26730,18.6232,105.727,318.606,336865,1.23418e-23,1050.54,0.156835,69.8608,28.9468,29006.5,8.598e-24,26514.1,20.6029,114.69,342.947,363159,4.78608e-25
6,106,1097.91,0.00592623,4.20007,1.77391,1777.89,2.19984e-35,26565.2,3.44716,19.3622,58.3174,61702.8,1.22155e-36,1157.15,0.00587467,4.05645,1.70093,1704.93,1.27531e-34,26693.4,3.13113,17.7912,53.6332,56707.5,7.08378e-36,1050.44,0.00567785,4.1491,1.73748,1741.25,-3.45726e-35,26472.9,3.55509,19.8102,59.2627,62754.9,-1.92445e-36
9,106,1097.91,8.42668e-5,0.0612127,0.0258704,25.9287,-4.53937e-49,26557.5,0.246221,1.38329,4.16682,4408.63,-2.52058e-50,1157.15,8.21666e-5,0.0581529,0.0244009,24.4586,-2.75453e-48,26686.5,0.215925,1.22713,3.69967,3911.68,-1.52996e-49,1050.44,7.98826e-5,0.0599102,0.025105,25.1597,7.14462e-49,26464.9,0.254916,1.4208,4.25084,4501.25,3.97682e-50
14,106,1097.91,7.32536e-8,5.3222e-5,2.24935e-5,0.0225442,-3.28846e-74,26556.9,0.003028,0.0170119,0.0512445,54.2182,-1.82569e-75,1157.15,6.94915e-8,4.9191e-5,2.06407e-5,0.0206895,-3.02627e-73,26686,0.00250433,0.0142327,0.0429103,45.3693,-1.68066e-74,1050.44,6.83734e-8,5.12882e-5,2.14922e-5,0.021539,5.36882e-74,26464.3,0.00315525,0.0175864,0.0526166,55.7161,2.98791e-75
20,106,1097.91,1.55635e-11,1.13076e-8,4.77898e-9,4.78975e-6,-2.31505e-108,26556.9,1.54519e-5,8.68114e-5,0.0002615,0.276675,-1.28575e-109,1157.15,1.42854e-11,1.01122e-8,4.24313e-9,4.25315e-6,-1.71316e-107,26686,1.19121e-5,6.76991e-5,0.000204107,0.215803,-9.52032e-109,1050.44,1.4259e-11,1.0696e-8,4.48212e-9,4.49188e-6,2.39727e-107,26464.3,1.62265e-5,9.04415e-5,0.000270591,0.286531,1.33498e-108
0,201,11250,0,0,0,0,9.8325e+9,31250,0,0,0,0,5.4625e+8,11250,0,0,0,0,9.8325e+9,31250,0,0,0,0,5.4625e+8,11250,0,0,0,0,9.8325e+9,31250,0,0,0,0,5.4625e+8
1,201,10326.7,53.9283,344.526,84.1972,84154.7,20.2666,31101.2,8.88662,55.5736,135.76,135826,1.12592,10302.6,55.3352,355.69,85.8487,85806.3,20.2667,31097.2,9.13424,57.4416,139.297,139370,1.12592,10283.2,56.4618,363.342,87.6661,87623.7,20.2667,31093.9,9.33361,58.7338,142.372,142451,1.12592
2,201,10326.6,2.71359,99.0648,36.5301,36524.3,4.46164e-8,31100.7,0.582451,16.2648,59.5167,59607.1,2.47867e-9,10302.4,2.78505,103.142,37.4829,37477.6,4.46168e-8,31096.6,0.602951,16.9594,61.4675,61564.7,2.47869e-9,10283.1,2.84239,105.521,38.3192,38314.5,4.46121e-8,31093.3,0.619497,17.3736,62.9086,63011.4,2.47843e-9
3,201,10326.6,0.143847,23.9455,9.9637,9964,1.11071e-15,31100.5,0.0724935,4.05531,16.6004,16634.7,6.17056e-17,10302.4,0.147904,25.1727,10.3075,10308.1,-1.71093e-15,31096.4,0.0764085,4.27129,17.2919,17328.9,-9.50507e-17,10283.1,0.151158,25.7984,10.5531,10553.8,-1.74455e-15,31093.1,0.0793869,4.38595,17.7316,17770.6,-9.69184e-17
4,201,10326.6,0.00935367,5.60644,2.41863,2418.91,5.05344e-23,31100.5,0.0148283,0.986468,4.16285,4172.43,2.80744e-24,10302.4,0.00970129,5.95385,2.52568,2526.03,1.46718e-24,31096.4,0.0158824,1.05003,4.37913,4389.51,8.15099e-26,10283,0.00996809,6.11309,2.59026,2590.67,-7.1329e-25,31093,0.0166195,1.08099,4.50099,4511.97,-3.96265e-26
6,201,10326.6,0.000170422,0.302891,0.132378,132.399,-9.81476e-35,31100.5,0.000844616,0.0579007,0.246617,247.211,-5.45258e-36,10302.4,0.000183955,0.328376,0.141063,141.089,-1.39353e-34,31096.3,0.000925788,0.0629654,0.264951,265.608,-7.7418e-36,10283,0.000192339,0.338428,0.145203,145.233,6.15018e-35,31093,0.000975135,0.0651636,0.27373,274.428,3.41671e-36
9,201,10326.6,1.93927e-6,0.00379172,0.00165871,1.65898,-9.65654e-51,31100.5,1.2002e-5,0.000822647,0.00350548,3.51396,-5.36469e-52,10302.4,2.1701e-6,0.00424066,0.00182331,1.82365,-1.54525e-50,31096.3,1.35857e-5,0.000923844,0.00388907,3.89875,-8.58473e-52,10283,2.28727e-6,0.00439526,0.00188744,1.88784,6.18745e-51,31093,1.44244e-5,0.000963715,0.00404991,4.06027,3.43742e-52
14,201,10326.6,1.30741e-9,2.55868e-6,1.11932e-6,0.00111951,3.86337e-77,31100.5,1.00036e-8,6.85662e-7,2.92176e-6,0.00292883,2.14629e-78,10302.4,1.54102e-9,3.01394e-6,1.29589e-6,0.00129613,-3.5485e-76,31096.3,1.19471e-8,8.12402e-7,3.41994e-6,0.00342845,-1.97138e-77,10283,1.63966e-9,3.15342e-6,1.35418e-6,0.00135446,1.58432e-76,31093,1.28535e-8,8.58748e-7,3.6088e-6,0.00361803,8.80159e-78
20,201,10326.6,2.00876e-13,3.93128e-10,1.71978e-10,1.72007e-7,1.18988e-105,31100.5,1.98399e-12,1.35985e-10,5.79463e-10,5.80866e-7,6.61034e-107,10302.4,2.54267e-13,4.97298e-10,2.1382e-10,2.1386e-7,3.66413e-107,31096.3,2.54762e-12,1.73239e-10,7.29277e-10,7.31092e-7,2.03559e-108,10283,2.73572e-13,5.26137e-10,2.2594e-10,2.25987e-7,-4.05134e-104,31093,2.78445e-12,1.86031e-10,7.81775e-10,7.83775e-7,-2.25069e-105
0,202,11250,0,0,0,0,9.8325e+9,31250,0,0,0,0,5.4625e+8,11250,0,0,0,0,9.8325e+9,31250,0,0,0,0,5.4625e+8,11250,0,0,0,0,9.8325e+9,31250,0,0,0,0,5.4625e+8
1,202,10846.2,23.6221,124.222,32.2875,32262.6,20.2678,31186.5,3.74619,19.5405,50.8644,50847,1.12599,10842.4,23.8455,125.207,32.2178,32193,20.2671,31185.9,3.78241,19.699,51.0276,51010.5,1.12595,10827.6,24.7118,130.965,33.5995,33573.9,20.2667,31183.5,3.92396,20.6195,53.2507,53234.1,1.12593
2,202,10846.2,1.18043,27.3807,11.5233,11516.5,4.48849e-8,31186.5,0.206297,4.34475,18.2385,18241.7,2.4936e-9,10842.4,1.19158,27.541,11.4813,11474.6,4.47942e-8,31185.8,0.208337,4.37118,18.2702,18273.6,2.48856e-9,10827.5,1.23509,29.1708,12.0824,12075.5,4.4742e-8,31183.5,0.217154,4.63436,19.2424,19246.7,2.48566e-9
3,202,10846.2,0.0598316,4.87229,2.44375,2442.6,5.07411e-13,31186.4,0.0151311,0.786552,3.91051,3912.52,2.81894e-14,10842.4,0.0603913,4.88914,2.43021,2429.09,5.10973e-13,31185.8,0.0152825,0.789538,3.91008,3912.16,2.83873e-14,10827.5,0.0626613,5.2542,2.58718,2586.01,5.48318e-13,31183.4,0.0162125,0.849672,4.16745,4169.85,3.0462e-14
4,202,10846.2,0.00318066,0.823639,0.442654,442.477,3.08719e-20,31186.4,0.00169151,0.136128,0.721037,721.548,1.71509e-21,10842.4,0.00320901,0.824372,0.439221,439.048,3.92588e-20,31185.8,0.00170677,0.136318,0.71943,719.954,2.18103e-21,10827.5,0.00334461,0.899865,0.473987,473.809,-2.04222e-18,31183.4,0.00186143,0.149075,0.777634,778.236,-1.13456e-19
6,202,10846.2,1.55704e-5,0.0227682,0.0126955,12.6911,1.63704e-29,31186.4,4.14e-5,0.00397886,0.0217308,21.7493,9.0946e-31,10842.4,1.56257e-5,0.0226672,0.0125337,12.5295,2.17035e-29,31185.8,4.15925e-5,0.00396495,0.021581,21.5998,1.20574e-30,10827.5,1.70447e-5,0.0255597,0.0139477,13.9433,-1.07903e-27,31183.4,4.74067e-5,0.00448245,0.0240765,24.0986,-5.9946e-29
9,202,10846.2,3.97687e-8,0.000103493,5.80182e-5,0.0579991,-7.40325e-48,31186.4,2.03931e-7,1.97667e-5,0.000108342,0.108437,-4.11286e-49,10842.4,3.9414e-8,0.000102202,5.68204e-5,0.056802,-1.09198e-48,31185.8,2.03387e-7,1.9553e-5,0.000106809,0.106906,-6.06641e-50,10827.5,4.69194e-8,0.000121072,6.63999e-5,0.0663794,1.71563e-44,31183.4,2.44016e-7,2.32437e-5,0.000125259,0.125377,9.53121e-46
14,202,10846.2,4.85264e-12,1.28985e-8,7.23253e-9,7.23015e-6,-2.78887e-80,31186.4,2.95068e-11,2.85963e-9,1.56752e-8,1.5689e-5,-1.54935e-81,10842.4,4.74284e-12,1.25664e-8,6.98803e-9,6.98578e-6,-1.59952e-79,31185.8,2.9069e-11,2.7942e-9,1.52649e-8,1.52787e-5,-8.88593e-81,10827.5,6.14826e-12,1.61648e-8,8.86712e-9,8.86439e-6,-5.8989e-73,31183.4,3.79234e-11,3.61189e-9,1.94658e-8,1.94843e-5,-3.27714e-74
20,202,10846.2,1.00642e-16,2.67525e-13,1.50008e-13,1.49959e-10,2.64805e-96,31186.4,7.42689e-16,7.19771e-14,3.94547e-13,3.94894e-10,1.47112e-97,10842.4,9.89833e-17,2.62274e-13,1.45848e-13,1.45801e-10,-7.18333e-95,31185.8,7.36607e-16,7.08047e-14,3.86812e-13,3.87161e-10,-3.99061e-96,10827.5,1.0615e-16,2.79097e-13,1.53097e-13,1.5305e-10,1.11236e-91,31183.4,8.13215e-16,7.74521e-14,4.17418e-13,4.17813e-10,6.17977e-93
0,203,11250,0,0,0,0,9.8325e+9,31250,0,0,0,0,5.4625e+8,11250,0,0,0,0,9.8325e+9,31250,0,0,0,0,5.4625e+8,11250,0,0,0,0,9.8325e+9,31250,0,0,0,0,5.4625e+8
1,203,10743.4,29.6297,165.085,42.1234,42093.2,20.2667,31170,4.73379,26.0961,66.6611,66649.1,1.12593,10705.3,31.8539,178.56,44.9975,44966.2,20.2667,31163.8,5.10256,28.2779,71.7016,71693.2,1.12593,10708.8,31.6471,177.564,44.7331,44701.9,20.2667,31164.4,5.06821,28.1153,71.2691,71260.3,1.12593
2,203,10743.3,1.48253,39.3518,15.9121,15904.1,4.4717e-8,31169.8,0.269559,6.2865,25.328,25339.3,2.48427e-9,10705.2,1.59438,42.9151,17.0993,17091.4,4.47129e-8,31163.7,0.293438,6.87312,27.4171,27432.2,2.48404e-9,10708.8,1.58398,42.7296,17.0147,17006.7,4.47131e-8,31164.2,0.291251,6.84167,27.2759,27290.6,2.48405e-9
3,203,10743.3,0.0757229,7.66683,3.62935,3628.03,6.92946e-13,31169.8,0.0223183,1.24963,5.85444,5859.3,3.84969e-14,10705.2,0.0815949,8.44101,3.93035,3929.09,5.70766e-14,31163.6,0.0250355,1.38103,6.39205,6398.19,3.17091e-15,10708.8,0.0810541,8.41673,3.91553,3914.25,5.69574e-14,31164.2,0.0248108,1.37648,6.36602,6372.04,3.16429e-15
4,203,10743.3,0.0041639,1.42831,0.716027,715.819,-2.93359e-18,31169.8,0.00297728,0.239069,1.17939,1180.61,-1.62977e-19,10705.2,0.00452266,1.58861,0.782448,782.258,-2.40751e-19,31163.6,0.00345426,0.267319,1.30108,1302.61,-1.3375e-20,10708.8,0.00449147,1.5865,0.780573,780.38,-2.40161e-19,31164.2,0.00342107,0.26679,1.29736,1298.86,-1.33422e-20
6,203,10743.3,2.80242e-5,0.0482935,0.0248769,24.871,1.55103e-26,31169.8,9.52612e-5,0.00859172,0.0433246,43.375,8.6168e-28,10705.2,3.22646e-5,0.0548543,0.0277377,27.7325,-1.53904e-28,31163.6,0.000114671,0.00984337,0.0489229,48.987,-8.55017e-30,10708.8,3.20481e-5,0.0549563,0.0277562,27.7508,-2.25492e-28,31164.2,0.000113772,0.00984999,0.048909,48.9723,-1.25273e-29
9,203,10743.3,1.19963e-7,0.000297979,0.000153987,0.153951,2.15585e-43,31169.8,6.44436e-7,5.83242e-5,0.000294693,0.295042,1.19769e-44,10705.2,1.46817e-7,0.000349402,0.000177215,0.177183,-1.23726e-46,31163.6,8.05488e-7,6.93253e-5,0.000345189,0.345648,-6.87368e-48,10708.8,1.46503e-7,0.000351746,0.000178187,0.178154,1.30154e-46,31164.2,8.02296e-7,6.96478e-5,0.000346461,0.346916,7.23065e-48
14,203,10743.3,2.46704e-11,6.18129e-8,3.19462e-8,3.19389e-5,2.5452e-70,31169.8,1.56853e-10,1.41946e-8,7.17233e-8,7.18083e-5,1.414e-71,10705.2,3.18776e-11,7.64413e-8,3.87742e-8,3.87672e-5,1.58095e-78,31163.6,2.08483e-10,1.79418e-8,8.93396e-8,8.94585e-5,8.78286e-80,10708.8,3.20672e-11,7.75757e-8,3.93017e-8,3.92944e-5,2.55811e-78,31164.2,2.09033e-10,1.81447e-8,9.02632e-8,9.03817e-5,1.42116e-79
20,203,10743.3,6.29884e-16,1.57823e-12,8.1566e-13,8.15474e-10,-1.99246e-89,31169.8,5.00353e-15,4.52802e-13,2.28794e-12,2.29065e-9,-1.10692e-90,10705.2,9.93357e-16,2.38206e-12,1.20828e-12,1.20806e-9,3.56252e-100,31163.6,8.12196e-15,6.98968e-13,3.48045e-12,3.48508e-9,1.97913e-101,10708.8,1.0145e-15,2.45425e-12,1.24338e-12,1.24315e-9,4.53877e-100,31164.2,8.24822e-15,7.15973e-13,3.56169e-12,3.56637e-9,2.52152e-101
0,204,11250,0,0,0,0,9.8325e+9,31250,0,0,0,0,5.4625e+8,11250,0,0,0,0,9.8325e+9,31250,0,0,0,0,5.4625e+8,11250,0,0,0,0,9.8325e+9,31250,0,0,0,0,5.4625e+8
1,204,10769.2,28.1223,159.544,40.4737,40444.1,20.2686,31174.2,4.48533,25.1883,63.9766,63962.3,1.12603,10784.2,27.2437,155.686,38.9893,38960.4,20.2673,31176.6,4.34057,24.561,61.9098,61894.3,1.12596,10755,28.9511,166.73,41.653,41622.8,20.2675,31171.9,4.62222,26.3401,66.2249,66211.5,1.12597
2,204,10769.2,1.40692,38.985,15.5694,15561.2,4.42478e-8,31174,0.254484,6.21586,24.746,24754.9,2.4582e-9,10784.2,1.36275,38.4235,15.1089,15100.7,4.48096e-8,31176.5,0.245441,6.11928,24.118,24125.5,2.48941e-9,10755,1.44865,41.5859,16.2663,16257.9,4.48244e-8,31171.7,0.263687,6.63585,26.0076,26017.8,2.49024e-9
3,204,10769.2,0.0718491,7.81528,3.6348,3633.33,5.61403e-13,31174,0.021025,1.26951,5.8497,5853.87,3.1189e-14,10784.2,0.0695532,7.79156,3.56059,3559.08,4.46805e-13,31176.4,0.020146,1.26313,5.75209,5755.83,2.48224e-14,10755,0.0740848,8.53625,3.87179,3870.26,5.1136e-13,31171.7,0.0222819,1.38786,6.26931,6273.99,2.84088e-14
4,204,10769.2,0.00395816,1.50095,0.736828,736.579,-2.35509e-18,31174,0.00284219,0.249838,1.20906,1210.14,-1.30838e-19,10784.2,0.00382705,1.51477,0.72972,729.456,-1.86665e-18,31176.4,0.00272268,0.251341,1.20092,1201.91,-1.03702e-19,10755,0.00411175,1.68123,0.802785,802.522,-2.1194e-18,31171.7,0.00311899,0.28008,1.32554,1326.77,-1.17744e-19
6,204,10769.2,2.78602e-5,0.0540359,0.0271899,27.1819,-7.28185e-27,31174,9.58465e-5,0.00950926,0.0469595,47.007,-4.04546e-28,10784.2,2.71087e-5,0.0559214,0.0275872,27.5784,-1.11696e-26,31176.4,9.34508e-5,0.00978213,0.047667,47.7114,-6.20531e-28,10755,3.11409e-5,0.0637478,0.0311414,31.1325,-1.66623e-26,31171.7,0.000111582,0.011222,0.0541107,54.1666,-9.25683e-28
9,204,10769.2,1.33515e-7,0.000366618,0.000184979,0.184926,1.39864e-44,31174,7.0652e-7,7.03696e-5,0.000348119,0.348476,7.77018e-46,10784.2,1.35061e-7,0.000394105,0.000194918,0.194857,-5.17886e-44,31176.4,7.12068e-7,7.48529e-5,0.000365364,0.36571,-2.87715e-45,10755,1.66615e-7,0.000467787,0.000229064,0.229,-3.63137e-43,31171.7,8.89064e-7,8.97212e-5,0.000433288,0.433743,-2.01743e-44
14,204,10769.2,3.22031e-11,8.90862e-8,4.49523e-8,4.49395e-5,-6.22013e-73,31174,1.98521e-10,1.97715e-8,9.78127e-8,9.79132e-5,-3.4556e-74,10784.2,3.47202e-11,1.02039e-7,5.04703e-8,5.04546e-5,-8.98791e-74,31176.4,2.11571e-10,2.22393e-8,1.08555e-7,0.000108658,-4.99328e-75,10755,4.58689e-11,1.29574e-7,6.34528e-8,6.34351e-5,3.29875e-74,31171.7,2.8423e-10,2.8682e-8,1.38517e-7,0.000138662,1.83264e-75
20,204,10769.2,9.67377e-16,2.67616e-12,1.35037e-12,1.34999e-9,-8.49379e-95,31174,7.32145e-15,7.29173e-13,3.60733e-12,3.61104e-9,-4.71876e-96,10784.2,1.24702e-15,3.6649e-12,1.81272e-12,1.81215e-9,2.44101e-94,31176.4,9.16199e-15,9.63064e-13,4.70094e-12,4.70539e-9,1.35611e-95,10755,2.02645e-15,5.72451e-12,2.80332e-12,2.80254e-9,-7.8965e-96,31171.7,1.51206e-14,1.52584e-12,7.36889e-12,7.37663e-9,-4.38694e-97
0,205,11250,0,0,0,0,9.8325e+9,31250,0,0,0,0,5.4625e+8,11250,0,0,0,0,9.8325e+9,31250,0,0,0,0,5.4625e+8,11250,0,0,0,0,9.8325e+9,31250,0,0,0,0,5.4625e+8
1,205,10787.2,27.0679,160.34,40.118,40088.2,20.2669,31177.1,4.31272,25.2908,63.3626,63346.2,1.12594,10798.7,26.4003,157.302,38.8721,38842.9,20.2674,31178.9,4.20287,24.7978,61.6833,61666.1,1.12596,10780.4,27.4701,165.164,40.6981,40668,20.268,31175.9,4.37901,26.0597,64.633,64616.8,1.126
2,205,10787.2,1.3543,41.5755,16.1232,16114.2,4.47597e-8,31176.9,0.245238,6.61847,25.5984,25605.6,2.48664e-9,10798.6,1.32072,41.1189,15.7165,15707.6,4.48195e-8,31178.8,0.23832,6.54005,25.0659,25072.1,2.48996e-9,10780.3,1.37458,43.7139,16.6068,16597.7,4.48926e-8,31175.8,0.249929,6.96099,26.5125,26520.3,2.49402e-9
3,205,10787.2,0.0692875,8.92355,3.98168,3979.92,8.49786e-14,31176.9,0.0208078,1.44485,6.39579,6399.62,4.72102e-15,10798.6,0.0675331,8.90771,3.91123,3909.43,8.42218e-14,31178.7,0.0201097,1.44012,6.30862,6312.1,4.67897e-15,10780.3,0.0704044,9.60616,4.18214,4180.3,7.6877e-14,31175.8,0.0215925,1.55561,6.755,6759.09,4.27093e-15
4,205,10787.2,0.0038679,1.84276,0.861634,861.301,-3.43076e-19,31176.9,0.00299853,0.304939,1.40883,1409.89,-1.90597e-20,10798.6,0.0037654,1.85764,0.853962,853.616,-3.38302e-19,31178.7,0.00289791,0.306675,1.40115,1402.13,-1.87945e-20,10780.3,0.00395713,2.03384,0.925756,925.398,6.31988e-19,31175.8,0.00320846,0.336491,1.52184,1522.98,3.51103e-20
6,205,10787.2,3.2077e-5,0.0770111,0.0367218,36.7089,-1.77203e-27,31176.9,0.000117138,0.013381,0.0628401,62.8929,-9.8446e-29,10798.6,3.13846e-5,0.0792101,0.037112,37.0982,-5.19715e-30,31178.7,0.000114891,0.013703,0.0636139,63.6638,-2.8873e-31,10780.3,3.51977e-5,0.0894554,0.0414619,41.4472,-5.24408e-29,31175.8,0.0001325,0.0155237,0.071278,71.3378,-2.91337e-30
9,205,10787.2,2.05251e-7,0.000654556,0.000312696,0.312587,-1.99086e-43,31176.9,1.0698e-6,0.000122654,0.000576728,0.577219,-1.10603e-44,10798.6,2.0712e-7,0.000694004,0.000325731,0.325611,-5.63418e-46,31178.7,1.07798e-6,0.000129066,0.000599891,0.600368,-3.1301e-47,10780.3,2.49179e-7,0.000821326,0.000381296,0.381162,-8.90647e-45,31175.8,1.30522e-6,0.00015343,0.000705258,0.705857,-4.94805e-46
14,205,10787.2,7.22906e-11,2.3162e-7,1.10655e-7,0.000110616,5.50484e-71,31176.9,4.29469e-10,4.92377e-8,2.31524e-7,0.000231722,3.05825e-72,10798.6,7.67511e-11,2.58341e-7,1.21257e-7,0.000121212,-5.52864e-74,31178.7,4.52822e-10,5.4215e-8,2.51992e-7,0.000252192,-3.07147e-75,10780.3,9.98906e-11,3.30543e-7,1.53458e-7,0.000153404,8.05422e-71,31175.8,5.941e-10,6.98352e-8,3.2101e-7,0.000321283,4.47457e-72
20,205,10787.2,4.68728e-15,1.50181e-11,7.17479e-12,7.1723e-9,1.03312e-92,31176.9,3.26092e-14,3.73858e-12,1.75794e-11,1.75944e-8,5.73957e-94,10798.6,5.43085e-15,1.82801e-11,8.58009e-12,8.57693e-9,4.74178e-98,31178.7,3.72178e-14,4.45598e-12,2.07114e-11,2.07279e-8,2.63431e-99,10780.3,7.78902e-15,2.57744e-11,1.1966e-11,1.19618e-8,1.02733e-93,31175.8,5.39437e-14,6.34097e-12,2.91474e-11,2.91721e-8,5.70739e-95
0,206,7500,0,0,0,0,6.555e+9,22727.3,0,0,0,0,3.97273e+8,7500,0,0,0,0,6.555e+9,22727.3,0,0,0,0,3.97273e+8,7500,0,0,0,0,6.555e+9,22727.3,0,0,0,0,3.97273e+8
1,206,7322.75,10.3737,50.7756,13.5051,13493.7,13.5113,22694.3,1.94002,9.44348,25.1653,25152.2,0.818866,7308.65,11.1981,52.7438,14.0557,14044,13.5113,22691.7,2.09691,9.81967,26.3523,26339.6,0.818868,7316.6,10.7336,52.7767,13.8697,13858,13.5116,22693.2,2.00856,9.81991,25.9898,25976.6,0.818883
2,206,7322.75,0.517634,10.1668,4.49984,4496.6,2.74978e-8,22694.3,0.103281,1.90328,8.41321,8412.08,1.66653e-9,7308.65,0.55879,10.0353,4.51653,4513.39,2.74979e-8,22691.6,0.111804,1.88187,8.49865,8498.23,1.66653e-9,7316.59,0.535626,10.6316,4.64121,4637.91,2.74971e-8,22693.1,0.107175,1.9915,8.7271,8726.17,1.66649e-9
3,206,7322.75,0.0260321,1.61824,0.874298,873.746,9.04212e-14,22694.3,0.00665946,0.307075,1.64809,1648.32,5.48006e-15,7308.65,0.0280951,1.50549,0.838408,837.913,9.58959e-14,22691.6,0.0071791,0.286662,1.59185,1592.27,5.81185e-15,7316.59,0.0269462,1.70415,0.906692,906.131,8.92269e-14,22693.1,0.00697065,0.323677,1.7193,1719.6,5.40769e-15
4,206,7322.75,0.00134109,0.242493,0.142833,142.751,-2.88569e-19,22694.3,0.000596633,0.046915,0.272991,273.076,-1.7489e-20,7308.65,0.00144389,0.211539,0.12979,129.722,-2.96962e-20,22691.6,0.000625724,0.0411886,0.250256,250.374,-1.79976e-21,7316.59,0.00139005,0.257321,0.149082,148.998,-2.69669e-19,22693.1,0.000634424,0.0498497,0.286722,286.823,-1.63435e-20
6,206,7322.75,4.72748e-6,0.00520886,0.00323602,3.23434,2.53606e-29,22694.3,1.00145e-5,0.00105747,0.00644335,6.44633,1.537e-30,7308.65,4.84648e-6,0.00396703,0.00259619,2.59501,1.99628e-30,22691.6,9.36947e-6,0.00081767,0.00524752,5.251,1.20986e-31,7316.59,4.97532e-6,0.00561674,0.00342804,3.4263,3.39806e-29,22693.1,1.09492e-5,0.00114273,0.00687425,6.8777,2.05943e-30
9,206,7322.75,5.4102e-9,1.61129e-5,1.01125e-5,0.0101074,-2.30955e-44,22694.3,3.27205e-8,3.54079e-6,2.17324e-5,0.0217433,-1.39972e-45,7308.65,4.20085e-9,9.96241e-6,6.61314e-6,0.0066103,1.99434e-47,22691.6,2.52815e-8,2.25898e-6,1.46385e-5,0.014649,1.20869e-48,7316.59,5.99656e-9,1.78068e-5,1.09746e-5,0.0109692,-3.4428e-44,22693.1,3.67742e-8,3.92594e-6,2.37818e-5,0.0237946,-2.08654e-45
14,206,7322.75,3.3088e-13,1.05797e-9,6.64406e-10,6.64072e-7,-1.51196e-74,22694.3,2.4561e-12,2.65753e-10,1.63162e-9,1.63244e-6,-9.16336e-76,7308.65,1.76366e-13,4.61861e-10,3.06925e-10,3.06794e-7,-4.22278e-75,22691.6,1.37861e-12,1.23127e-10,7.9826e-10,7.98839e-7,-2.55919e-76,7316.59,3.83897e-13,1.21788e-9,7.51043e-10,7.50676e-7,-2.57737e-74,22693.1,2.88082e-12,3.07509e-10,1.8633e-9,1.86431e-6,-1.56204e-75
20,206,7322.75,1.30354e-17,4.16937e-14,2.61837e-14,2.61705e-11,2.09405e-85,22694.3,1.12881e-16,1.22138e-14,7.49882e-14,7.5026e-11,1.26911e-86,7308.65,5.54067e-18,1.45194e-14,9.64885e-15,9.64474e-12,-5.89789e-86,22691.6,5.33501e-17,4.76476e-15,3.0891e-14,3.09134e-11,-3.57437e-87,7316.59,1.2927e-17,4.10217e-14,2.52974e-14,2.5285e-11,-9.90698e-85,22693.1,1.1296e-16,1.20577e-14,7.30617e-14,7.31015e-11,-6.00422e-86
0,301,7500,0,0,0,0,6.555e+9,22727.3,0,0,0,0,3.97273e+8,7500,0,0,0,0,6.555e+9,22727.3,0,0,0,0,3.97273e+8,7500,0,0,0,0,6.555e+9,22727.3,0,0,0,0,3.97273e+8
1,301,7473.39,1.55821,8.63046,2.20543,2203.27,13.5111,22722.4,0.286962,1.58798,4.06967,4065.88,0.818857,7472.79,1.59384,8.90557,2.24553,2243.33,13.5111,22722.3,0.293542,1.63867,4.16543,4161.56,0.818857,7472.76,1.59508,8.9048,2.24595,2243.76,13.5111,22722.3,0.293771,1.63853,4.16622,4162.35,0.818857
2,301,7473.39,0.0776096,2.04274,0.829324,828.528,2.74968e-8,22722.4,0.0144604,0.376196,1.5311,1529.75,1.66647e-9,7472.79,0.079385,2.13326,0.851825,851.009,2.74968e-8,22722.3,0.0147972,0.392887,1.58091,1579.53,1.66647e-9,7472.76,0.0794465,2.13056,0.851252,850.436,2.74968e-8,22722.3,0.0148086,0.392391,1.57985,1578.47,1.66647e-9
3,301,7473.39,0.00387194,0.394534,0.187889,187.711,2.5504e-14,22722.4,0.00076481,0.0727844,0.347275,346.982,1.5457e-15,7472.79,0.0039608,0.417753,0.195165,194.98,2.35676e-14,22722.3,0.00078442,0.0770728,0.362625,362.32,1.42834e-15,7472.76,0.00396385,0.416658,0.194818,194.634,2.40557e-14,22722.3,0.000784962,0.0768712,0.361982,361.678,1.45792e-15
4,301,7473.39,0.000194405,0.0728037,0.0367636,36.7289,1.32816e-18,22722.4,4.72637e-5,0.0134623,0.0680728,68.0166,8.04942e-20,7472.79,0.000198944,0.0782358,0.0386914,38.655,1.11442e-18,22722.3,4.89436e-5,0.0144677,0.0720212,71.9619,6.75405e-20,7472.76,0.000199093,0.0779174,0.0385728,38.5365,1.14337e-18,22722.3,4.89531e-5,0.0144089,0.071801,71.7419,6.92949e-20
6,301,7473.39,5.54071e-7,0.00241302,0.00125333,1.25215,-6.46323e-29,22722.4,5.24969e-7,0.000448622,0.00233213,2.33023,-3.9171e-30,7472.79,5.72451e-7,0.00267341,0.00135818,1.35691,-2.82642e-29,22722.3,5.7169e-7,0.000497058,0.00254061,2.53855,-1.71298e-30,7472.76,5.72479e-7,0.00265456,0.00135013,1.34887,-3.07029e-29,22722.3,5.69794e-7,0.000493566,0.0025256,2.52355,-1.86078e-30
9,301,7473.39,5.29971e-10,1.44437e-5,7.52774e-6,0.00752068,1.05321e-45,22722.4,2.69335e-9,2.70847e-6,1.4126e-5,0.0141145,6.38306e-47,7472.79,6.00555e-10,1.67593e-5,8.54122e-6,0.00853322,2.33103e-46,22722.3,3.10428e-9,3.14269e-6,1.6112e-5,0.0160989,1.41275e-47,7472.76,5.96008e-10,1.65658e-5,8.45234e-6,0.00844443,2.78512e-46,22722.3,3.07811e-9,3.10656e-6,1.5945e-5,0.0159321,1.68796e-47
14,301,7473.39,9.30957e-14,2.851e-9,1.48604e-9,1.48465e-6,-3.32317e-75,22722.4,5.3754e-13,5.42355e-10,2.82893e-9,2.82664e-6,-2.01404e-76,7472.79,1.15272e-13,3.57173e-9,1.82047e-9,1.81876e-6,-1.75036e-75,22722.3,6.69126e-13,6.79402e-10,3.48347e-9,3.48066e-6,-1.06082e-76,7472.76,1.13431e-13,3.50383e-9,1.78793e-9,1.78626e-6,-4.67066e-75,22722.3,6.5849e-13,6.66552e-10,3.42151e-9,3.41875e-6,-2.8307e-76
20,301,7473.39,6.90202e-18,2.11411e-13,1.10195e-13,1.10092e-10,-1.5375e-89,22722.4,4.05236e-17,4.08867e-14,2.13266e-13,2.13093e-10,-9.31817e-91,7472.79,8.31336e-18,2.57632e-13,1.31312e-13,1.31189e-10,3.68828e-93,22722.3,4.90861e-17,4.98401e-14,2.55543e-13,2.55337e-10,2.23532e-94,7472.76,8.11651e-18,2.50756e-13,1.27955e-13,1.27835e-10,3.22123e-92,22722.3,4.79318e-17,4.85188e-14,2.49054e-13,2.48853e-10,1.95226e-93
0,302,11250,0,0,0,0,9.8325e+9,31250,0,0,0,0,5.4625e+8,11250,0,0,0,0,9.8325e+9,31250,0,0,0,0,5.4625e+8,11250,0,0,0,0,9.8325e+9,31250,0,0,0,0,5.4625e+8
1,302,11211.7,2.24221,11.3579,2.98699,2984.07,20.2668,31244.1,0.346899,1.7559,4.63125,4626.91,1.12593,11211.7,2.24289,11.6197,3.00192,2998.98,20.2669,31244.1,0.347006,1.79638,4.67865,4674.26,1.12594,11211.3,2.26485,11.7252,3.02987,3026.91,20.2667,31244,0.350412,1.81273,4.7223,4717.87,1.12593
2,302,11211.7,0.111671,2.38202,1.0291,1028.11,4.48064e-8,31244.1,0.0174354,0.368563,1.59629,1594.87,2.48924e-9,11211.7,0.111706,2.51182,1.05699,1055.97,4.48257e-8,31244.1,0.0174447,0.388641,1.64809,1646.63,2.49031e-9,11211.3,0.1128,2.53224,1.0661,1065.08,4.48037e-8,31244,0.0176175,0.39181,1.66234,1660.86,2.4891e-9
3,302,11211.7,0.00556867,0.399957,0.208505,208.308,1.09409e-13,31244.1,0.00090652,0.0619899,0.323766,323.489,6.07829e-15,11211.7,0.00557078,0.436813,0.220164,219.955,1.04751e-13,31244.1,0.000908905,0.0676973,0.343643,343.349,5.81951e-15,11211.3,0.00562542,0.439882,0.22187,221.66,1.05911e-13,31244,0.000918233,0.0681759,0.346317,346.021,5.88393e-15
4,302,11211.7,0.000278867,0.0634939,0.0357814,35.7477,2.85416e-19,31244.1,5.20996e-5,0.00986475,0.0556586,55.6123,1.58564e-20,11211.7,0.000279094,0.0720212,0.0390334,38.9967,3.35418e-19,31244.1,5.27914e-5,0.0111875,0.0610292,60.9782,1.86343e-20,11211.3,0.000281843,0.0724416,0.0392958,39.2588,3.38401e-19,31244,5.33844e-5,0.0112536,0.0614424,61.3911,1.88e-20
6,302,11211.7,7.46327e-7,0.00153908,0.000907166,0.906319,-2.69695e-31,31244.1,3.68882e-7,0.00024054,0.00141834,1.41719,-1.49831e-32,11211.7,7.55008e-7,0.0018895,0.00106584,1.06484,1.0069e-30,31244.1,4.07216e-7,0.000295148,0.00167458,1.67321,5.59386e-32,11211.3,7.62771e-7,0.00189586,0.00107051,1.06951,8.70842e-31,31244,4.12857e-7,0.00029618,0.00168211,1.68073,4.83801e-32
9,302,11211.7,3.17072e-10,5.72614e-6,3.40073e-6,0.00339757,3.85209e-50,31244.1,1.03264e-9,9.03632e-7,5.36709e-6,0.00536274,2.14006e-51,11211.7,3.82018e-10,7.93069e-6,4.50137e-6,0.00449717,9.5778e-47,31244.1,1.32338e-9,1.25002e-6,7.13464e-6,0.00712881,5.321e-48,11211.3,3.86271e-10,7.92757e-6,4.50438e-6,0.00450018,7.75097e-47,31244,1.33887e-9,1.24983e-6,7.14088e-6,0.00713506,4.3061e-48
14,302,11211.7,2.05637e-14,5.04723e-10,2.99871e-10,2.99592e-7,8.15482e-79,31244.1,9.15648e-14,8.09674e-11,4.81077e-10,4.80688e-7,4.53049e-80,11211.7,3.26169e-14,8.67536e-10,4.92544e-10,4.92084e-7,3.74066e-70,31244.1,1.45771e-13,1.38827e-10,7.92581e-10,7.91934e-7,2.07814e-71,11211.3,3.27897e-14,8.61845e-10,4.89834e-10,4.89377e-7,7.26271e-71,31244,1.46599e-13,1.37975e-10,7.88525e-10,7.87883e-7,4.03484e-72
20,302,11211.7,1.69753e-18,4.17139e-14,2.47836e-14,2.47605e-11,-1.91735e-88,31244.1,7.69806e-18,6.80729e-15,4.04463e-14,4.04136e-11,-1.0652e-89,11211.7,2.60051e-18,6.92241e-14,3.93021e-14,3.92654e-11,6.529e-82,31244.1,1.18243e-17,1.12612e-14,6.42918e-14,6.42393e-11,3.62722e-83,11211.3,2.59912e-18,6.83715e-14,3.88594e-14,3.88231e-11,1.01843e-82,31244,1.18252e-17,1.11297e-14,6.36063e-14,6.35545e-11,5.65793e-84
0,303,11250,0,0,0,0,9.8325e+9,31250,0,0,0,0,5.4625e+8,11250,0,0,0,0,9.8325e+9,31250,0,0,0,0,5.4625e+8,11250,0,0,0,0,9.8325e+9,31250,0,0,0,0,5.4625e+8
1,303,11197.9,3.05147,16.6431,4.27407,4269.92,20.2669,31241.9,0.472556,2.57464,6.63076,6624.68,1.12594,11195.7,3.17999,17.221,4.38607,4381.82,20.2689,31241.6,0.492526,2.6643,6.84063,6834.38,1.12605,11195.4,3.19588,17.6646,4.46964,4465.31,20.2667,31241.6,0.495002,2.73297,6.97104,6964.68,1.12593
2,303,11197.9,0.152001,3.8574,1.58277,1581.27,4.48353e-8,31241.9,0.0238623,0.597375,2.45695,2454.85,2.49085e-9,11195.7,0.158405,3.9528,1.61282,1611.3,4.42462e-8,31241.6,0.0248801,0.61224,2.51695,2514.82,2.45812e-9,11195.4,0.159199,4.16917,1.67724,1675.65,4.48019e-8,31241.6,0.0250168,0.645753,2.6175,2615.28,2.48899e-9
3,303,11197.9,0.00758737,0.72717,0.351626,351.298,1.13543e-13,31241.9,0.00127324,0.112851,0.546582,546.138,6.30793e-15,11195.7,0.00790727,0.736848,0.355083,354.753,1.18296e-13,31241.6,0.00132919,0.114381,0.554929,554.484,6.57201e-15,11195.4,0.0079481,0.802606,0.378982,378.63,1.10107e-13,31241.6,0.00134158,0.124583,0.59228,591.803,6.11707e-15
4,303,11197.9,0.000381689,0.13075,0.0672414,67.1793,1.8449e-18,31241.9,8.0471e-5,0.0203494,0.104752,104.67,1.02495e-19,11195.7,0.000397796,0.130909,0.0671882,67.1263,1.9297e-18,31241.6,8.41366e-5,0.020382,0.105244,105.162,1.07205e-19,11195.4,0.000400208,0.147591,0.0739251,73.857,1.37956e-18,31241.6,8.64118e-5,0.0229761,0.115792,115.701,7.6642e-20
6,303,11197.9,1.11237e-6,0.00410725,0.0021778,2.1758,-4.65182e-29,31241.9,9.25365e-7,0.00064354,0.00341323,3.4106,-2.58434e-30,11195.7,1.15636e-6,0.00401119,0.00212509,2.12315,-4.9198e-29,31241.6,9.56531e-7,0.000628965,0.00334992,3.34738,-2.73323e-30,11195.4,1.18936e-6,0.00485671,0.00250292,2.50062,-3.12095e-29,31241.6,1.08079e-6,0.000761204,0.00394451,3.94149,-1.73386e-30
9,303,11197.9,1.12151e-9,2.26652e-5,1.2065e-5,0.012054,-5.70379e-45,31241.9,4.4526e-9,3.58933e-6,1.91083e-5,0.0190937,-3.16877e-46,11195.7,1.11545e-9,2.13155e-5,1.13399e-5,0.0113296,-5.81115e-45,31241.6,4.43328e-9,3.38018e-6,1.80746e-5,0.018061,-3.22842e-46,11195.4,1.39609e-9,2.8756e-5,1.48711e-5,0.0148575,5.88052e-45,31241.6,5.67233e-9,4.55555e-6,2.36847e-5,0.0236667,3.26695e-46
14,303,11197.9,1.73806e-13,3.90986e-9,2.08156e-9,2.07965e-6,-3.0169e-72,31241.9,7.79476e-13,6.30337e-10,3.3561e-9,3.35352e-6,-1.67606e-73,11195.7,1.61237e-13,3.44813e-9,1.8347e-9,1.83302e-6,5.12786e-73,31241.6,7.28458e-13,5.57232e-10,2.98006e-9,2.9778e-6,2.84881e-74,11195.4,2.471e-13,5.56549e-9,2.87849e-9,2.87586e-6,1.96683e-79,31241.6,1.11485e-12,8.9767e-10,4.66754e-9,4.66398e-6,1.0936e-80
20,303,11197.9,1.0089e-17,2.27004e-13,1.20854e-13,1.20743e-10,4.96768e-89,31241.9,4.62298e-17,3.73847e-14,1.99047e-13,1.98895e-10,2.75982e-90,11195.7,8.0258e-18,1.71674e-13,9.13449e-14,9.12616e-11,-3.95054e-87,31241.6,3.71499e-17,2.84178e-14,1.51978e-13,1.51863e-10,-2.19474e-88,11195.4,1.08277e-17,2.43911e-13,1.26152e-13,1.26036e-10,1.62656e-94,31241.6,5.00165e-17,4.0273e-14,2.09404e-13,2.09245e-10,9.04399e-96
0,304,11250,0,0,0,0,9.8325e+9,31250,0,0,0,0,5.4625e+8,11250,0,0,0,0,9.8325e+9,31250,0,0,0,0,5.4625e+8,11250,0,0,0,0,9.8325e+9,31250,0,0,0,0,5.4625e+8
1,304,11172.1,4.56349,29.2306,7.13201,7125.18,20.2674,31237.9,0.708039,4.52724,11.0767,11067,1.12597,11171.3,4.61081,29.7115,7.15965,7152.81,20.2668,31237.8,0.715418,4.60188,11.178,11168.2,1.12593,11168.7,4.76324,30.866,7.42475,7417.66,20.2668,31237.4,0.739208,4.78128,11.5932,11583.1,1.12593
2,304,11172.1,0.227417,8.45337,3.11106,3108.18,4.42455e-8,31237.9,0.0361809,1.31116,4.83591,4832.07,2.45808e-9,11171.3,0.229777,8.66443,3.1428,3139.89,4.48228e-8,31237.8,0.0365703,1.34394,4.91088,4906.99,2.49015e-9,11168.7,0.237382,9.07147,3.27833,3275.3,4.48251e-8,31237.4,0.0378267,1.40731,5.12337,5119.34,2.49028e-9
3,304,11172.1,0.0113881,2.05514,0.853112,852.336,2.81482e-13,31237.9,0.00208699,0.319581,1.32854,1327.54,1.56379e-14,11171.3,0.0115074,2.1266,0.868811,868.021,-9.36502e-14,31237.8,0.00211532,0.330704,1.36009,1359.07,-5.20279e-15,11168.7,0.0118915,2.24636,0.913148,912.32,9.80386e-14,31237.4,0.0022023,0.349408,1.42977,1428.72,5.44659e-15
4,304,11172.1,0.000583505,0.48398,0.208251,208.063,-5.08739e-20,31237.9,0.000176051,0.075502,0.325184,324.947,-2.82632e-21,11171.3,0.000590021,0.505844,0.214057,213.864,1.77947e-20,31237.8,0.000180373,0.0789141,0.336004,335.76,9.88595e-22,11168.7,0.000610711,0.539338,0.226935,226.731,-1.89205e-20,31237.4,0.000191609,0.0841646,0.356312,356.056,-1.05114e-21
6,304,11172.1,2.5686e-6,0.0264527,0.01153,11.5197,3.09862e-31,31237.9,5.36189e-6,0.00415578,0.0181248,18.1118,1.72146e-32,11171.3,2.64489e-6,0.028217,0.0120905,12.0797,-4.03623e-32,31237.8,5.66401e-6,0.0044328,0.0191048,19.0911,-2.24235e-33,11168.7,2.82619e-6,0.030662,0.0130587,13.047,-3.29129e-33,31237.4,6.26882e-6,0.00481908,0.0206432,20.6286,-1.82849e-34
9,304,11172.1,1.51948e-8,0.000336956,0.000147006,0.146874,-1.98403e-47,31237.9,6.66142e-8,5.35105e-5,0.000233582,0.233415,-1.10224e-48,11171.3,1.64771e-8,0.000370631,0.000158949,0.158806,7.19056e-48,31237.8,7.26679e-8,5.88513e-5,0.000253852,0.253671,3.99475e-49,11168.7,1.87814e-8,0.000414428,0.000176649,0.176491,7.70222e-49,31237.4,8.29786e-8,6.58499e-5,0.000282299,0.2821,4.279e-50
14,304,11172.1,1.04378e-11,2.3409e-7,1.0213e-7,0.000102038,2.11199e-77,31237.9,4.71046e-11,3.785e-8,1.65223e-7,0.000165105,1.17333e-78,11171.3,1.19233e-11,2.7103e-7,1.16236e-7,0.000116131,-2.53292e-77,31237.8,5.40819e-11,4.38113e-8,1.8898e-7,0.000188845,-1.40718e-78,11168.7,1.42674e-11,3.1783e-7,1.35476e-7,0.000135355,2.31835e-77,31237.4,6.47916e-11,5.14299e-8,2.20483e-7,0.000220327,1.28797e-78
20,304,11172.1,1.57527e-15,3.53289e-11,1.54134e-11,1.53996e-8,1.64572e-100,31237.9,7.26923e-15,5.84105e-12,2.54974e-11,2.54792e-8,9.14288e-102,11171.3,1.93475e-15,4.39794e-11,1.88612e-11,1.88443e-8,-3.62728e-99,31237.8,8.97105e-15,7.26738e-12,3.13478e-11,3.13254e-8,-2.01516e-100,11168.7,2.45619e-15,5.47161e-11,2.33229e-11,2.3302e-8,1.84066e-105,31237.4,1.14073e-14,9.0548e-12,3.88184e-11,3.8791e-8,1.02237e-106
0,305,11250,0,0,0,0,9.8325e+9,31250,0,0,0,0,5.4625e+8,11250,0,0,0,0,9.8325e+9,31250,0,0,0,0,5.4625e+8,11250,0,0,0,0,9.8325e+9,31250,0,0,0,0,5.4625e+8
1,305,11197.3,3.08557,16.422,4.2506,4246.48,20.267,31241.8,0.477849,2.54052,6.59452,6588.49,1.12595,11197.4,3.07848,16.2227,4.1682,4164.16,20.2672,31241.9,0.476741,2.50966,6.50036,6494.41,1.12595,11196.6,3.12895,16.8757,4.30375,4299.58,20.2675,31241.7,0.484592,2.61078,6.71199,6705.86,1.12597
2,305,11197.3,0.153698,3.68162,1.53651,1535.06,4.48453e-8,31241.8,0.0241227,0.570188,2.38523,2383.21,2.4914e-9,11197.4,0.153343,3.58842,1.49216,1490.75,4.48614e-8,31241.9,0.02406,0.55575,2.32844,2326.46,2.4923e-9,11196.6,0.155861,3.85216,1.5762,1574.71,4.42457e-8,31241.7,0.0244719,0.596618,2.45968,2457.6,2.45809e-9
3,305,11197.3,0.00767114,0.667837,0.330968,330.66,1.24362e-13,31241.8,0.0012831,0.103659,0.514508,514.093,6.90898e-15,11197.4,0.00765273,0.64089,0.317452,317.157,1.2745e-13,31241.9,0.00127725,0.0994767,0.496064,495.665,7.08053e-15,11196.6,0.00777976,0.713502,0.345239,344.918,1.18815e-13,31241.7,0.00130511,0.110748,0.53951,539.075,6.6008e-15
4,305,11197.3,0.000385592,0.115227,0.0610396,60.9834,2.75232e-18,31241.8,7.9793e-5,0.0179392,0.0951062,95.032,1.52907e-19,11197.4,0.000384489,0.108746,0.0577002,57.647,3.31108e-18,31241.9,7.87641e-5,0.0169308,0.0903716,90.3012,1.83949e-19,11196.6,0.000391256,0.125894,0.0649326,64.8728,2.11678e-18,31241.7,8.20958e-5,0.0195991,0.101701,101.622,1.17599e-19
6,305,11197.3,1.10014e-6,0.00332271,0.00182239,1.82072,-5.39603e-29,31241.8,8.28268e-7,0.000521034,0.00285769,2.85551,-2.9978e-30,11197.4,1.08619e-6,0.00302876,0.00166695,1.66543,-4.94956e-29,31241.9,7.79756e-7,0.000475016,0.00262776,2.62577,-2.74976e-30,11196.6,1.1303e-6,0.00380299,0.00202611,2.02425,-5.19559e-29,31241.7,9.08073e-7,0.000596229,0.00319343,3.19099,-2.88644e-30
9,305,11197.3,8.91244e-10,1.61022e-5,8.87466e-6,0.00886656,-1.26314e-45,31241.8,3.43601e-9,2.55427e-6,1.40742e-5,0.0140636,-7.01747e-47,11197.4,7.96914e-10,1.3923e-5,7.70378e-6,0.00769675,5.67686e-47,31241.9,3.0372e-9,2.20947e-6,1.22846e-5,0.0122753,3.15381e-48,11196.6,1.03739e-9,1.97773e-5,1.05824e-5,0.0105727,6.74856e-46,31241.7,4.09418e-9,3.13561e-6,1.68636e-5,0.0168508,3.7492e-47
14,305,11197.3,1.07707e-13,2.23473e-9,1.23189e-9,1.23077e-6,4.18191e-76,31241.8,4.84202e-13,3.6142e-10,1.9918e-9,1.99029e-6,2.32328e-77,11197.4,8.58345e-14,1.75224e-9,9.6975e-10,9.68866e-7,3.2856e-72,31241.9,3.8811e-13,2.83639e-10,1.57733e-9,1.57614e-6,1.82533e-73,11196.6,1.43629e-13,3.0857e-9,1.65135e-9,1.64984e-6,2.94918e-75,31241.7,6.4865e-13,4.98515e-10,2.68145e-9,2.67942e-6,1.63843e-76
20,305,11197.3,6.23708e-18,1.2945e-13,7.13596e-14,7.12944e-11,1.26334e-87,31241.8,2.86718e-17,2.14015e-14,1.17944e-13,1.17855e-10,7.01855e-89,11197.4,5.19676e-18,1.06128e-13,5.87353e-14,5.86818e-11,7.24964e-83,31241.9,2.40276e-17,1.756e-14,9.76524e-14,9.75787e-11,4.02758e-84,11196.6,7.88563e-18,1.69455e-13,9.06859e-14,9.06031e-11,-1.4476e-88,31241.7,3.64347e-17,2.80017e-14,1.50618e-13,1.50504e-10,-8.04224e-90
0,306,7500,0,0,0,0,6.555e+9,22727.3,0,0,0,0,3.97273e+8,7500,0,0,0,0,6.555e+9,22727.3,0,0,0,0,3.97273e+8,7500,0,0,0,0,6.555e+9,22727.3,0,0,0,0,3.97273e+8
1,306,7479.36,1.20894,6.88284,1.74339,1741.68,13.5121,22723.5,0.222504,1.26589,3.21585,3212.81,0.818913,7477.16,1.33772,7.46113,1.88238,1880.53,13.5115,22723.1,0.246259,1.37247,3.49082,3487.53,0.81888,7478.02,1.2873,7.44244,1.85622,1854.4,13.5115,22723.2,0.236961,1.36894,3.44212,3438.87,0.818881
2,306,7479.36,0.0602087,1.69165,0.673927,673.273,2.74939e-8,22723.5,0.011186,0.31134,1.24359,1242.46,1.6663e-9,7477.16,0.0666237,1.78291,0.712806,712.118,2.74956e-8,22723.1,0.0123888,0.328215,1.32243,1321.24,1.6664e-9,7478.02,0.064113,1.86814,0.728746,728.041,2.74953e-8,22723.2,0.011922,0.343866,1.3519,1350.68,1.66638e-9
3,306,7479.36,0.00300276,0.341235,0.158182,158.03,-1.5731e-14,22723.5,0.000585788,0.0628844,0.292144,291.887,-9.53393e-16,7477.16,0.00332293,0.348166,0.162942,162.786,6.83588e-15,22723.1,0.000650238,0.0641875,0.302588,302.326,4.14295e-16,7478.02,0.003198,0.386098,0.174488,174.321,-1.90271e-14,22723.2,0.000627395,0.0711643,0.323988,323.704,-1.15315e-15
4,306,7479.36,0.000150573,0.0659568,0.0322561,32.2253,-1.95726e-21,22723.5,3.5304e-5,0.0121757,0.0596542,59.6024,-1.18622e-22,7477.16,0.00016666,0.0650078,0.032217,32.1864,4.01025e-19,22723.1,3.92852e-5,0.0120083,0.0599197,59.8687,2.43045e-20,7478.02,0.000160507,0.076582,0.0364157,36.381,4.29514e-21,22723.2,3.85909e-5,0.0141403,0.0677117,67.6534,2.60312e-22
6,306,7479.36,4.25609e-7,0.00240556,0.00120544,1.20429,-3.86428e-32,22723.5,3.82646e-7,0.000445826,0.0022374,2.23547,-2.34199e-33,7477.16,4.68298e-7,0.00220764,0.0011242,1.12314,-1.32868e-29,22723.1,4.10312e-7,0.000409662,0.00209955,2.09778,-8.05258e-31,7478.02,4.63143e-7,0.00294566,0.00143248,1.43112,-3.07931e-31,22723.2,4.65443e-7,0.000546098,0.00267349,2.67121,-1.86625e-32
9,306,7479.36,4.37289e-10,1.66428e-5,8.36207e-6,0.0083541,-8.40841e-49,22723.5,2.22739e-9,3.10362e-6,1.5616e-5,0.0156026,-5.09601e-50,7477.16,4.23397e-10,1.37099e-5,7.00395e-6,0.00699732,-6.83694e-47,22723.1,2.13715e-9,2.56245e-6,1.31735e-5,0.0131625,-4.14359e-48,7478.02,5.74996e-10,2.20862e-5,1.07656e-5,0.0107553,-1.67646e-47,22723.2,3.00865e-9,4.12052e-6,2.0218e-5,0.0202008,-1.01604e-48
14,306,7479.36,9.84903e-14,4.18195e-9,2.10135e-9,2.09935e-6,-1.42085e-79,22723.5,5.63679e-13,7.87999e-10,3.96513e-9,3.96172e-6,-8.61123e-81,7477.16,7.83557e-14,2.87793e-9,1.47039e-9,1.469e-6,2.25222e-75,22723.1,4.52382e-13,5.44421e-10,2.79912e-9,2.79677e-6,1.36498e-76,7478.02,1.51217e-13,6.34073e-9,3.09086e-9,3.08792e-6,1.46366e-74,22723.2,8.70688e-13,1.19552e-9,5.86637e-9,5.86137e-6,8.87066e-76
20,306,7479.36,5.97641e-18,2.53798e-13,1.27528e-13,1.27407e-10,1.42338e-93,22723.5,3.46681e-17,4.84646e-14,2.43869e-13,2.4366e-10,8.62655e-95,7477.16,6.1461e-18,2.25785e-13,1.15358e-13,1.15249e-10,1.52436e-89,22723.1,3.59865e-17,4.33082e-14,2.22668e-13,2.22481e-10,9.23852e-91,7478.02,1.01673e-17,4.26368e-13,2.07838e-13,2.07641e-10,-2.43124e-88,22723.2,5.93162e-17,8.1446e-14,3.99651e-13,3.9931e-10,-1.47348e-89
