rep,id,beta_N_pow,fact_beta_T,fact_delta_T,delta_N,c,cI,k,g,mu,P_N,fact_P_T,alpha_VLSG,thresh_Weight,beta_immuno,Group
1,101,-5.55288013515931,0,0,2.2442898620021,3,20,3,0,0.001,11029.211901113,-2.6282406287568,1.42570682730759,4.5,3.59445325678083e-6,Naive
2,101,-4.97714899691399,0,0,2.38004397684096,3,20,3,0,0.001,11029.211901113,-2.6282406287568,1.42570682730759,4.5,3.59445325678083e-6,Naive
3,101,-5.28927721966278,0,0,1.75775873365441,3,20,3,0,0.001,11029.211901113,-2.6282406287568,1.42570682730759,4.5,3.59445325678083e-6,Naive
4,101,-5.06338874374516,0,0,2.92800257820756,3,20,3,0,0.001,11029.211901113,-2.6282406287568,1.42570682730759,4.5,3.59445325678083e-6,Naive
5,101,-5.32634820266719,0,0,2.20813656081584,3,20,3,0,0.001,11029.211901113,-2.6282406287568,1.42570682730759,4.5,3.59445325678083e-6,Naive
6,101,-5.08621306752046,0,0,2.27023485872413,3,20,3,0,0.001,11029.211901113,-2.6282406287568,1.42570682730759,4.5,3.59445325678083e-6,Naive
7,101,-5.54166580000783,0,0,1.88887464033726,3,20,3,0,0.001,11029.211901113,-2.6282406287568,1.42570682730759,4.5,3.59445325678083e-6,Naive
8,101,-5.0132827251066,0,0,2.3582698981184,3,20,3,0,0.001,11029.211901113,-2.6282406287568,1.42570682730759,4.5,3.59445325678083e-6,Naive
9,101,-4.94519991052738,0,0,3.21267033268232,3,20,3,0,0.001,11029.211901113,-2.6282406287568,1.42570682730759,4.5,3.59445325678083e-6,Naive
10,101,-5.32788556587508,0,0,1.99864526676927,3,20,3,0,0.001,11029.211901113,-2.6282406287568,1.42570682730759,4.5,3.59445325678083e-6,Naive
1,102,-7.24029855546516,0,0,1.18059780356639,3,20,3,0,0.001,11029.211901113,-2.6282406287568,1.42570682730759,4.5,3.59445325678083e-6,Naive
2,102,-7.29120086057183,0,0,1.0529124619029,3,20,3,0,0.001,11029.211901113,-2.6282406287568,1.42570682730759,4.5,3.59445325678083e-6,Naive
3,102,-7.43321980338527,0,0,0.943997849119504,3,20,3,0,0.001,11029.211901113,-2.6282406287568,1.42570682730759,4.5,3.59445325678083e-6,Naive
4,102,-6.97352029921711,0,0,0.929437399648257,3,20,3,0,0.001,11029.211901113,-2.6282406287568,1.42570682730759,4.5,3.59445325678083e-6,Naive
5,102,-7.34982767593925,0,0,0.922763137101606,3,20,3,0,0.001,11029.211901113,-2.6282406287568,1.42570682730759,4.5,3.59445325678083e-6,Naive
6,102,-7.63541438829737,0,0,1.03541589845995,3,20,3,0,0.001,11029.211901113,-2.6282406287568,1.42570682730759,4.5,3.59445325678083e-6,Naive
7,102,-7.70944227461611,0,0,1.0312265936595,3,20,3,0,0.001,11029.211901113,-2.6282406287568,1.42570682730759,4.5,3.59445325678083e-6,Naive
8,102,-7.27056494221038,0,0,0.973366510943957,3,20,3,0,0.001,11029.211901113,-2.6282406287568,1.42570682730759,4.5,3.59445325678083e-6,Naive
9,102,-7.68480781410163,0,0,0.865122439126125,3,20,3,0,0.001,11029.211901113,-2.6282406287568,1.42570682730759,4.5,3.59445325678083e-6,Naive
10,102,-7.42385437254435,0,0,0.949484715860493,3,20,3,0,0.001,11029.211901113,-2.6282406287568,1.42570682730759,4.5,3.59445325678083e-6,Naive
1,103,-6.558091209106,0,0,2.68111385992918,3,20,3,0,0.001,11029.211901113,-2.6282406287568,1.42570682730759,4.5,3.59445325678083e-6,Naive
2,103,-6.10906265222966,0,0,2.38990529501571,3,20,3,0,0.001,11029.211901113,-2.6282406287568,1.42570682730759,4.5,3.59445325678083e-6,Naive
3,103,-6.67405283589497,0,0,1.82835573306222,3,20,3,0,0.001,11029.211901113,-2.6282406287568,1.42570682730759,4.5,3.59445325678083e-6,Naive
4,103,-7.04636471981768,0,0,1.59549843288935,3,20,3,0,0.001,11029.211901113,-2.6282406287568,1.42570682730759,4.5,3.59445325678083e-6,Naive
5,103,-6.71055839743347,0,0,2.27624422447328,3,20,3,0,0.001,11029.211901113,-2.6282406287568,1.42570682730759,4.5,3.59445325678083e-6,Naive
6,103,-7.06403046962892,0,0,2.36710867492927,3,20,3,0,0.001,11029.211901113,-2.6282406287568,1.42570682730759,4.5,3.59445325678083e-6,Naive
7,103,-7.06358740950954,0,0,1.68532636102504,3,20,3,0,0.001,11029.211901113,-2.6282406287568,1.42570682730759,4.5,3.59445325678083e-6,Naive
8,103,-7.20120941709065,0,0,1.68063897702566,3,20,3,0,0.001,11029.211901113,-2.6282406287568,1.42570682730759,4.5,3.59445325678083e-6,Naive
9,103,-6.85088693050844,0,0,2.28681414993349,3,20,3,0,0.001,11029.211901113,-2.6282406287568,1.42570682730759,4.5,3.59445325678083e-6,Naive
10,103,-7.24776660691562,0,0,1.25857723679115,3,20,3,0,0.001,11029.211901113,-2.6282406287568,1.42570682730759,4.5,3.59445325678083e-6,Naive
1,104,-6.86353967444766,0,0,1.06106812273214,3,20,3,0,0.001,11029.211901113,-2.6282406287568,1.42570682730759,4.5,3.59445325678083e-6,Naive
2,104,-6.22809006691671,0,0,1.22550906603037,3,20,3,0,0.001,11029.211901113,-2.6282406287568,1.42570682730759,4.5,3.59445325678083e-6,Naive
3,104,-6.52020582932936,0,0,1.12901096955238,3,20,3,0,0.001,11029.211901113,-2.6282406287568,1.42570682730759,4.5,3.59445325678083e-6,Naive
4,104,-6.64233107246685,0,0,0.955432699643781,3,20,3,0,0.001,11029.211901113,-2.6282406287568,1.42570682730759,4.5,3.59445325678083e-6,Naive
5,104,-6.56282087483155,0,0,0.972307348716475,3,20,3,0,0.001,11029.211901113,-2.6282406287568,1.42570682730759,4.5,3.59445325678083e-6,Naive
6,104,-6.51214322417497,0,0,1.08397701492376,3,20,3,0,0.001,11029.211901113,-2.6282406287568,1.42570682730759,4.5,3.59445325678083e-6,Naive
7,104,-5.93401548878813,0,0,1.49278675088886,3,20,3,0,0.001,11029.211901113,-2.6282406287568,1.42570682730759,4.5,3.59445325678083e-6,Naive
8,104,-6.74104687072894,0,0,0.933428132797117,3,20,3,0,0.001,11029.211901113,-2.6282406287568,1.42570682730759,4.5,3.59445325678083e-6,Naive
9,104,-6.78539059020413,0,0,0.841117655473518,3,20,3,0,0.001,11029.211901113,-2.6282406287568,1.42570682730759,4.5,3.59445325678083e-6,Naive
10,104,-6.22676168040285,0,0,1.16921831027015,3,20,3,0,0.001,11029.211901113,-2.6282406287568,1.42570682730759,4.5,3.59445325678083e-6,Naive
1,105,-6.90762560240638,0,0,1.57206712665463,3,20,3,0,0.001,11029.211901113,-2.6282406287568,1.42570682730759,4.5,3.59445325678083e-6,Naive
2,105,-6.97760653082928,0,0,1.69287893173683,3,20,3,0,0.001,11029.211901113,-2.6282406287568,1.42570682730759,4.5,3.59445325678083e-6,Naive
3,105,-7.08334333787114,0,0,1.85418127759448,3,20,3,0,0.001,11029.211901113,-2.6282406287568,1.42570682730759,4.5,3.59445325678083e-6,Naive
4,105,-7.37481720711357,0,0,1.41374258381394,3,20,3,0,0.001,11029.211901113,-2.6282406287568,1.42570682730759,4.5,3.59445325678083e-6,Naive
5,105,-7.55160826361239,0,0,1.10762372627413,3,20,3,0,0.001,11029.211901113,-2.6282406287568,1.42570682730759,4.5,3.59445325678083e-6,Naive
6,105,-7.24206304561129,0,0,1.29286038148009,3,20,3,0,0.001,11029.211901113,-2.6282406287568,1.42570682730759,4.5,3.59445325678083e-6,Naive
7,105,-7.18189850713003,0,0,1.53252271856134,3,20,3,0,0.001,11029.211901113,-2.6282406287568,1.42570682730759,4.5,3.59445325678083e-6,Naive
8,105,-6.82496177732553,0,0,1.88022156837299,3,20,3,0,0.001,11029.211901113,-2.6282406287568,1.42570682730759,4.5,3.59445325678083e-6,Naive
9,105,-7.01642543306432,0,0,1.51712404969858,3,20,3,0,0.001,11029.211901113,-2.6282406287568,1.42570682730759,4.5,3.59445325678083e-6,Naive
10,105,-7.17593659094518,0,0,1.15858528280161,3,20,3,0,0.001,11029.211901113,-2.6282406287568,1.42570682730759,4.5,3.59445325678083e-6,Naive
1,106,-6.76643770262124,0,0,1.14037753776504,3,20,3,0,0.001,11029.211901113,-2.6282406287568,1.42570682730759,4.5,3.59445325678083e-6,Naive
2,106,-6.58089721662114,0,0,1.57149483431224,3,20,3,0,0.001,11029.211901113,-2.6282406287568,1.42570682730759,4.5,3.59445325678083e-6,Naive
3,106,-6.89524938077564,0,0,1.31817798110003,3,20,3,0,0.001,11029.211901113,-2.6282406287568,1.42570682730759,4.5,3.59445325678083e-6,Naive
4,106,-6.64299109933706,0,0,1.35005213923424,3,20,3,0,0.001,11029.211901113,-2.6282406287568,1.42570682730759,4.5,3.59445325678083e-6,Naive
5,106,-6.88631622500153,0,0,1.59018973245018,3,20,3,0,0.001,11029.211901113,-2.6282406287568,1.42570682730759,4.5,3.59445325678083e-6,Naive
6,106,-6.52613578703995,0,0,1.25031697111868,3,20,3,0,0.001,11029.211901113,-2.6282406287568,1.42570682730759,4.5,3.59445325678083e-6,Naive
7,106,-7.19491642329064,0,0,0.978879637332933,3,20,3,0,0.001,11029.211901113,-2.6282406287568,1.42570682730759,4.5,3.59445325678083e-6,Naive
8,106,-6.79698862138848,0,0,1.02381905941037,3,20,3,0,0.001,11029.211901113,-2.6282406287568,1.42570682730759,4.5,3.59445325678083e-6,Naive
9,106,-7.01900057711963,0,0,1.26530191153697,3,20,3,0,0.001,11029.211901113,-2.6282406287568,1.42570682730759,4.5,3.59445325678083e-6,Naive
10,106,-6.89418899010352,0,0,1.16914821956761,3,20,3,0,0.001,11029.211901113,-2.6282406287568,1.42570682730759,4.5,3.59445325678083e-6,Naive
1,201,-6.92786389024296,0,0,1.50500471702373,3,20,3,0,0.001,11029.211901113,-2.6282406287568,1.42570682730759,4.5,3.59445325678083e-6,Convalescent
2,201,-7.03963810620611,0,0,1.9909843097503,3,20,3,0,0.001,11029.211901113,-2.6282406287568,1.42570682730759,4.5,3.59445325678083e-6,Convalescent
3,201,-7.35613395464504,0,0,1.33077685054133,3,20,3,0,0.001,11029.211901113,-2.6282406287568,1.42570682730759,4.5,3.59445325678083e-6,Convalescent
4,201,-7.10123490044081,0,0,1.23826630073434,3,20,3,0,0.001,11029.211901113,-2.6282406287568,1.42570682730759,4.5,3.59445325678083e-6,Convalescent
5,201,-7.14238196454006,0,0,1.27561383896493,3,20,3,0,0.001,11029.211901113,-2.6282406287568,1.42570682730759,4.5,3.59445325678083e-6,Convalescent
6,201,-6.78794374352417,0,0,1.72860059545777,3,20,3,0,0.001,11029.211901113,-2.6282406287568,1.42570682730759,4.5,3.59445325678083e-6,Convalescent
7,201,-6.79580031252183,0,0,1.31615094711959,3,20,3,0,0.001,11029.211901113,-2.6282406287568,1.42570682730759,4.5,3.59445325678083e-6,Convalescent
8,201,-7.40480515880451,0,0,1.45025992470355,3,20,3,0,0.001,11029.211901113,-2.6282406287568,1.42570682730759,4.5,3.59445325678083e-6,Convalescent
9,201,-7.26896448669802,0,0,1.57698264802141,3,20,3,0,0.001,11029.211901113,-2.6282406287568,1.42570682730759,4.5,3.59445325678083e-6,Convalescent
10,201,-7.01907412330171,0,0,1.7800021407683,3,20,3,0,0.001,11029.211901113,-2.6282406287568,1.42570682730759,4.5,3.59445325678083e-6,Convalescent
1,202,-8.02952440726671,0,0,1.46690953486604,3,20,3,0,0.001,11029.211901113,-2.6282406287568,1.42570682730759,4.5,3.59445325678083e-6,Convalescent
2,202,-7.97957843093266,0,0,1.42795731646451,3,20,3,0,0.001,11029.211901113,-2.6282406287568,1.42570682730759,4.5,3.59445325678083e-6,Convalescent
3,202,-7.75090690906147,0,0,2.10104598826861,3,20,3,0,0.001,11029.211901113,-2.6282406287568,1.42570682730759,4.5,3.59445325678083e-6,Convalescent
4,202,-7.4131048932889,0,0,1.62693774388493,3,20,3,0,0.001,11029.211901113,-2.6282406287568,1.42570682730759,4.5,3.59445325678083e-6,Convalescent
5,202,-7.25534095465133,0,0,1.86710313530001,3,20,3,0,0.001,11029.211901113,-2.6282406287568,1.42570682730759,4.5,3.59445325678083e-6,Convalescent
6,202,-7.46689448079322,0,0,2.06387449414945,3,20,3,0,0.001,11029.211901113,-2.6282406287568,1.42570682730759,4.5,3.59445325678083e-6,Convalescent
7,202,-7.55851159609539,0,0,1.9788682225565,3,20,3,0,0.001,11029.211901113,-2.6282406287568,1.42570682730759,4.5,3.59445325678083e-6,Convalescent
8,202,-6.97482401736682,0,0,1.76353476806693,3,20,3,0,0.001,11029.211901113,-2.6282406287568,1.42570682730759,4.5,3.59445325678083e-6,Convalescent
9,202,-7.67420895304724,0,0,1.60376196534703,3,20,3,0,0.001,11029.211901113,-2.6282406287568,1.42570682730759,4.5,3.59445325678083e-6,Convalescent
10,202,-7.39734419263368,0,0,1.39711574210632,3,20,3,0,0.001,11029.211901113,-2.6282406287568,1.42570682730759,4.5,3.59445325678083e-6,Convalescent
1,203,-8.18887246289359,0,0,1.11953503198565,3,20,3,0,0.001,11029.211901113,-2.6282406287568,1.42570682730759,4.5,3.59445325678083e-6,Convalescent
2,203,-8.09786644626615,0,0,1.35587065428474,3,20,3,0,0.001,11029.211901113,-2.6282406287568,1.42570682730759,4.5,3.59445325678083e-6,Convalescent
3,203,-7.46117088063087,0,0,2.47086380034834,3,20,3,0,0.001,11029.211901113,-2.6282406287568,1.42570682730759,4.5,3.59445325678083e-6,Convalescent
4,203,-7.61708095914019,0,0,2.22065173303457,3,20,3,0,0.001,11029.211901113,-2.6282406287568,1.42570682730759,4.5,3.59445325678083e-6,Convalescent
5,203,-7.5696319415393,0,0,3.46718619283796,3,20,3,0,0.001,11029.211901113,-2.6282406287568,1.42570682730759,4.5,3.59445325678083e-6,Convalescent
6,203,-7.99350105624204,0,0,1.49845312665487,3,20,3,0,0.001,11029.211901113,-2.6282406287568,1.42570682730759,4.5,3.59445325678083e-6,Convalescent
7,203,-8.02946030837373,0,0,1.64597314876072,3,20,3,0,0.001,11029.211901113,-2.6282406287568,1.42570682730759,4.5,3.59445325678083e-6,Convalescent
8,203,-7.89993501942193,0,0,1.9299030742353,3,20,3,0,0.001,11029.211901113,-2.6282406287568,1.42570682730759,4.5,3.59445325678083e-6,Convalescent
9,203,-7.99054315331575,0,0,1.92646561617266,3,20,3,0,0.001,11029.211901113,-2.6282406287568,1.42570682730759,4.5,3.59445325678083e-6,Convalescent
10,203,-8.19903272488577,0,0,1.47380057778934,3,20,3,0,0.001,11029.211901113,-2.6282406287568,1.42570682730759,4.5,3.59445325678083e-6,Convalescent
1,204,-7.35932670460617,0,0,1.41829409323665,3,20,3,0,0.001,11029.211901113,-2.6282406287568,1.42570682730759,4.5,3.59445325678083e-6,Convalescent
2,204,-8.07042940519956,0,0,1.13521882743498,3,20,3,0,0.001,11029.211901113,-2.6282406287568,1.42570682730759,4.5,3.59445325678083e-6,Convalescent
3,204,-7.19338461933593,0,0,1.94887404576716,3,20,3,0,0.001,11029.211901113,-2.6282406287568,1.42570682730759,4.5,3.59445325678083e-6,Convalescent
4,204,-7.6306336118614,0,0,1.2284692315772,3,20,3,0,0.001,11029.211901113,-2.6282406287568,1.42570682730759,4.5,3.59445325678083e-6,Convalescent
5,204,-7.58323014427499,0,0,1.41710640743576,3,20,3,0,0.001,11029.211901113,-2.6282406287568,1.42570682730759,4.5,3.59445325678083e-6,Convalescent
6,204,-7.05218061073675,0,0,1.75379857061982,3,20,3,0,0.001,11029.211901113,-2.6282406287568,1.42570682730759,4.5,3.59445325678083e-6,Convalescent
7,204,-6.83568861687081,0,0,1.89487994259605,3,20,3,0,0.001,11029.211901113,-2.6282406287568,1.42570682730759,4.5,3.59445325678083e-6,Convalescent
8,204,-6.8004952178603,0,0,1.39537374311301,3,20,3,0,0.001,11029.211901113,-2.6282406287568,1.42570682730759,4.5,3.59445325678083e-6,Convalescent
9,204,-7.45323896909367,0,0,1.15402698701233,3,20,3,0,0.001,11029.211901113,-2.6282406287568,1.42570682730759,4.5,3.59445325678083e-6,Convalescent
10,204,-7.02985928614537,0,0,2.07598455489286,3,20,3,0,0.001,11029.211901113,-2.6282406287568,1.42570682730759,4.5,3.59445325678083e-6,Convalescent
1,205,-7.248069089295,0,0,1.85897319787345,3,20,3,0,0.001,11029.211901113,-2.6282406287568,1.42570682730759,4.5,3.59445325678083e-6,Convalescent
2,205,-7.46022677131345,0,0,1.56945052983441,3,20,3,0,0.001,11029.211901113,-2.6282406287568,1.42570682730759,4.5,3.59445325678083e-6,Convalescent
3,205,-7.36435384696506,0,0,1.6856153135843,3,20,3,0,0.001,11029.211901113,-2.6282406287568,1.42570682730759,4.5,3.59445325678083e-6,Convalescent
4,205,-7.91628197615048,0,0,1.5079403353608,3,20,3,0,0.001,11029.211901113,-2.6282406287568,1.42570682730759,4.5,3.59445325678083e-6,Convalescent
5,205,-7.90563797589961,0,0,1.54214527414607,3,20,3,0,0.001,11029.211901113,-2.6282406287568,1.42570682730759,4.5,3.59445325678083e-6,Convalescent
6,205,-8.04185568424816,0,0,1.40245551963219,3,20,3,0,0.001,11029.211901113,-2.6282406287568,1.42570682730759,4.5,3.59445325678083e-6,Convalescent
7,205,-8.33147531594512,0,0,1.49365255731233,3,20,3,0,0.001,11029.211901113,-2.6282406287568,1.42570682730759,4.5,3.59445325678083e-6,Convalescent
8,205,-7.67947154903706,0,0,1.27966126851572,3,20,3,0,0.001,11029.211901113,-2.6282406287568,1.42570682730759,4.5,3.59445325678083e-6,Convalescent
9,205,-8.19949500952345,0,0,1.18394134523711,3,20,3,0,0.001,11029.211901113,-2.6282406287568,1.42570682730759,4.5,3.59445325678083e-6,Convalescent
10,205,-7.76929045366053,0,0,1.54569903447389,3,20,3,0,0.001,11029.211901113,-2.6282406287568,1.42570682730759,4.5,3.59445325678083e-6,Convalescent
1,206,-8.24731282324731,0,0,1.31959704178857,3,20,3,0,0.001,11029.211901113,-2.6282406287568,1.42570682730759,4.5,3.59445325678083e-6,Convalescent
2,206,-7.40142919375279,0,0,2.62721729248514,3,20,3,0,0.001,11029.211901113,-2.6282406287568,1.42570682730759,4.5,3.59445325678083e-6,Convalescent
3,206,-7.86119323563576,0,0,2.08994265397586,3,20,3,0,0.001,11029.211901113,-2.6282406287568,1.42570682730759,4.5,3.59445325678083e-6,Convalescent
4,206,-7.47100524263783,0,0,2.35923075358844,3,20,3,0,0.001,11029.211901113,-2.6282406287568,1.42570682730759,4.5,3.59445325678083e-6,Convalescent
5,206,-7.37330574065837,0,0,4.60680025832454,3,20,3,0,0.001,11029.211901113,-2.6282406287568,1.42570682730759,4.5,3.59445325678083e-6,Convalescent
6,206,-7.76557331928149,0,0,2.1508389921808,3,20,3,0,0.001,11029.211901113,-2.6282406287568,1.42570682730759,4.5,3.59445325678083e-6,Convalescent
7,206,-7.82992898661431,0,0,1.36897000160923,3,20,3,0,0.001,11029.211901113,-2.6282406287568,1.42570682730759,4.5,3.59445325678083e-6,Convalescent
8,206,-7.5807638120419,0,0,2.10120500220305,3,20,3,0,0.001,11029.211901113,-2.6282406287568,1.42570682730759,4.5,3.59445325678083e-6,Convalescent
9,206,-8.02888582604133,0,0,1.85121924292121,3,20,3,0,0.001,11029.211901113,-2.6282406287568,1.42570682730759,4.5,3.59445325678083e-6,Convalescent
10,206,-7.96759183319028,0,0,1.02929946056368,3,20,3,0,0.001,11029.211901113,-2.6282406287568,1.42570682730759,4.5,3.59445325678083e-6,Convalescent
1,301,-7.91479654411921,0,0,2.07561620549826,3,20,3,0,0.001,11029.211901113,-2.6282406287568,1.42570682730759,4.5,3.59445325678083e-6,Conv-CD40
2,301,-7.36406952703434,0,0,3.07733805800937,3,20,3,0,0.001,11029.211901113,-2.6282406287568,1.42570682730759,4.5,3.59445325678083e-6,Conv-CD40
3,301,-8.39924051586132,0,0,1.40982336080001,3,20,3,0,0.001,11029.211901113,-2.6282406287568,1.42570682730759,4.5,3.59445325678083e-6,Conv-CD40
4,301,-7.86182512279011,0,0,1.2212000614911,3,20,3,0,0.001,11029.211901113,-2.6282406287568,1.42570682730759,4.5,3.59445325678083e-6,Conv-CD40
5,301,-8.33141887811498,0,0,1.88668253448869,3,20,3,0,0.001,11029.211901113,-2.6282406287568,1.42570682730759,4.5,3.59445325678083e-6,Conv-CD40
6,301,-7.5509483743725,0,0,2.73988622280652,3,20,3,0,0.001,11029.211901113,-2.6282406287568,1.42570682730759,4.5,3.59445325678083e-6,Conv-CD40
7,301,-7.98192092217511,0,0,1.39229119306829,3,20,3,0,0.001,11029.211901113,-2.6282406287568,1.42570682730759,4.5,3.59445325678083e-6,Conv-CD40
8,301,-7.47001858965085,0,0,2.08119689209548,3,20,3,0,0.001,11029.211901113,-2.6282406287568,1.42570682730759,4.5,3.59445325678083e-6,Conv-CD40
9,301,-7.84326210456607,0,0,2.74155504906726,3,20,3,0,0.001,11029.211901113,-2.6282406287568,1.42570682730759,4.5,3.59445325678083e-6,Conv-CD40
10,301,-8.74378303820336,0,0,1.11411540172053,3,20,3,0,0.001,11029.211901113,-2.6282406287568,1.42570682730759,4.5,3.59445325678083e-6,Conv-CD40
1,302,-8.41303768618906,0,0,1.9797628294202,3,20,3,0,0.001,11029.211901113,-2.6282406287568,1.42570682730759,4.5,3.59445325678083e-6,Conv-CD40
2,302,-8.59920304672183,0,0,1.64712132206672,3,20,3,0,0.001,11029.211901113,-2.6282406287568,1.42570682730759,4.5,3.59445325678083e-6,Conv-CD40
3,302,-8.6857562977459,0,0,1.44162363501298,3,20,3,0,0.001,11029.211901113,-2.6282406287568,1.42570682730759,4.5,3.59445325678083e-6,Conv-CD40
4,302,-8.17708389374663,0,0,2.64298046329214,3,20,3,0,0.001,11029.211901113,-2.6282406287568,1.42570682730759,4.5,3.59445325678083e-6,Conv-CD40
5,302,-8.66917216925745,0,0,1.44875770784938,3,20,3,0,0.001,11029.211901113,-2.6282406287568,1.42570682730759,4.5,3.59445325678083e-6,Conv-CD40
6,302,-8.15316737876066,0,0,2.11820578013379,3,20,3,0,0.001,11029.211901113,-2.6282406287568,1.42570682730759,4.5,3.59445325678083e-6,Conv-CD40
7,302,-8.38584442810132,0,0,2.32988220467378,3,20,3,0,0.001,11029.211901113,-2.6282406287568,1.42570682730759,4.5,3.59445325678083e-6,Conv-CD40
8,302,-9.00184195111402,0,0,1.63109245422701,3,20,3,0,0.001,11029.211901113,-2.6282406287568,1.42570682730759,4.5,3.59445325678083e-6,Conv-CD40
9,302,-8.35707097571805,0,0,1.42560350774805,3,20,3,0,0.001,11029.211901113,-2.6282406287568,1.42570682730759,4.5,3.59445325678083e-6,Conv-CD40
10,302,-7.6575681943333,0,0,2.58225266079032,3,20,3,0,0.001,11029.211901113,-2.6282406287568,1.42570682730759,4.5,3.59445325678083e-6,Conv-CD40
1,303,-8.28286732126903,0,0,2.21939980868679,3,20,3,0,0.001,11029.211901113,-2.6282406287568,1.42570682730759,4.5,3.59445325678083e-6,Conv-CD40
2,303,-8.89583174453414,0,0,2.28470626792121,3,20,3,0,0.001,11029.211901113,-2.6282406287568,1.42570682730759,4.5,3.59445325678083e-6,Conv-CD40
3,303,-8.15018612869581,0,0,2.01336135382247,3,20,3,0,0.001,11029.211901113,-2.6282406287568,1.42570682730759,4.5,3.59445325678083e-6,Conv-CD40
4,303,-8.47731221545717,0,0,1.68819281118068,3,20,3,0,0.001,11029.211901113,-2.6282406287568,1.42570682730759,4.5,3.59445325678083e-6,Conv-CD40
5,303,-8.51827864414675,0,0,1.0751739902878,3,20,3,0,0.001,11029.211901113,-2.6282406287568,1.42570682730759,4.5,3.59445325678083e-6,Conv-CD40
6,303,-8.2223469722839,0,0,2.00827942817184,3,20,3,0,0.001,11029.211901113,-2.6282406287568,1.42570682730759,4.5,3.59445325678083e-6,Conv-CD40
7,303,-8.62364255686616,0,0,1.98704111511919,3,20,3,0,0.001,11029.211901113,-2.6282406287568,1.42570682730759,4.5,3.59445325678083e-6,Conv-CD40
8,303,-8.22145957788461,0,0,1.67328220552915,3,20,3,0,0.001,11029.211901113,-2.6282406287568,1.42570682730759,4.5,3.59445325678083e-6,Conv-CD40
9,303,-8.06439900350087,0,0,2.68830995163565,3,20,3,0,0.001,11029.211901113,-2.6282406287568,1.42570682730759,4.5,3.59445325678083e-6,Conv-CD40
10,303,-8.7244764792953,0,0,2.17935033773196,3,20,3,0,0.001,11029.211901113,-2.6282406287568,1.42570682730759,4.5,3.59445325678083e-6,Conv-CD40
1,304,-7.45205844765333,0,0,1.34684303645059,3,20,3,0,0.001,11029.211901113,-2.6282406287568,1.42570682730759,4.5,3.59445325678083e-6,Conv-CD40
2,304,-7.82284107877578,0,0,1.59376923041132,3,20,3,0,0.001,11029.211901113,-2.6282406287568,1.42570682730759,4.5,3.59445325678083e-6,Conv-CD40
3,304,-7.84941176569485,0,0,1.65711802366292,3,20,3,0,0.001,11029.211901113,-2.6282406287568,1.42570682730759,4.5,3.59445325678083e-6,Conv-CD40
4,304,-8.24788204521904,0,0,1.58221628703574,3,20,3,0,0.001,11029.211901113,-2.6282406287568,1.42570682730759,4.5,3.59445325678083e-6,Conv-CD40
5,304,-8.03544728136459,0,0,1.20983133285513,3,20,3,0,0.001,11029.211901113,-2.6282406287568,1.42570682730759,4.5,3.59445325678083e-6,Conv-CD40
6,304,-7.10285892432729,0,0,3.25876936161368,3,20,3,0,0.001,11029.211901113,-2.6282406287568,1.42570682730759,4.5,3.59445325678083e-6,Conv-CD40
7,304,-7.31462155119894,0,0,2.4336009117166,3,20,3,0,0.001,11029.211901113,-2.6282406287568,1.42570682730759,4.5,3.59445325678083e-6,Conv-CD40
8,304,-7.72381650755514,0,0,1.31780431221387,3,20,3,0,0.001,11029.211901113,-2.6282406287568,1.42570682730759,4.5,3.59445325678083e-6,Conv-CD40
9,304,-7.87835533709373,0,0,1.80424881957718,3,20,3,0,0.001,11029.211901113,-2.6282406287568,1.42570682730759,4.5,3.59445325678083e-6,Conv-CD40
10,304,-8.51443934252259,0,0,1.08796884978964,3,20,3,0,0.001,11029.211901113,-2.6282406287568,1.42570682730759,4.5,3.59445325678083e-6,Conv-CD40
1,305,-8.22745656533537,0,0,1.95773931915558,3,20,3,0,0.001,11029.211901113,-2.6282406287568,1.42570682730759,4.5,3.59445325678083e-6,Conv-CD40
2,305,-7.75470957204051,0,0,2.3643355470705,3,20,3,0,0.001,11029.211901113,-2.6282406287568,1.42570682730759,4.5,3.59445325678083e-6,Conv-CD40
3,305,-7.28787132465246,0,0,2.91018052715201,3,20,3,0,0.001,11029.211901113,-2.6282406287568,1.42570682730759,4.5,3.59445325678083e-6,Conv-CD40
4,305,-7.70983034740431,0,0,1.68587863891578,3,20,3,0,0.001,11029.211901113,-2.6282406287568,1.42570682730759,4.5,3.59445325678083e-6,Conv-CD40
5,305,-7.69774585471689,0,0,2.16408500718757,3,20,3,0,0.001,11029.211901113,-2.6282406287568,1.42570682730759,4.5,3.59445325678083e-6,Conv-CD40
6,305,-8.59309561530597,0,0,1.53919224358539,3,20,3,0,0.001,11029.211901113,-2.6282406287568,1.42570682730759,4.5,3.59445325678083e-6,Conv-CD40
7,305,-8.21739793473765,0,0,1.48106642666653,3,20,3,0,0.001,11029.211901113,-2.6282406287568,1.42570682730759,4.5,3.59445325678083e-6,Conv-CD40
8,305,-8.44915723232035,0,0,1.56839493355457,3,20,3,0,0.001,11029.211901113,-2.6282406287568,1.42570682730759,4.5,3.59445325678083e-6,Conv-CD40
9,305,-7.9181792240662,0,0,2.14241612487721,3,20,3,0,0.001,11029.211901113,-2.6282406287568,1.42570682730759,4.5,3.59445325678083e-6,Conv-CD40
10,305,-8.04124885207462,0,0,1.69201992667173,3,20,3,0,0.001,11029.211901113,-2.6282406287568,1.42570682730759,4.5,3.59445325678083e-6,Conv-CD40
1,306,-8.84912321169849,0,0,1.14603358982786,3,20,3,0,0.001,11029.211901113,-2.6282406287568,1.42570682730759,4.5,3.59445325678083e-6,Conv-CD40
2,306,-8.16518324586868,0,0,1.43331262667901,3,20,3,0,0.001,11029.211901113,-2.6282406287568,1.42570682730759,4.5,3.59445325678083e-6,Conv-CD40
3,306,-7.88108545695395,0,0,1.8776838273442,3,20,3,0,0.001,11029.211901113,-2.6282406287568,1.42570682730759,4.5,3.59445325678083e-6,Conv-CD40
4,306,-7.47577528052005,0,0,0.975824273641411,3,20,3,0,0.001,11029.211901113,-2.6282406287568,1.42570682730759,4.5,3.59445325678083e-6,Conv-CD40
5,306,-8.20254824715041,0,0,1.94132645997477,3,20,3,0,0.001,11029.211901113,-2.6282406287568,1.42570682730759,4.5,3.59445325678083e-6,Conv-CD40
6,306,-7.85192236920606,0,0,2.02153483379278,3,20,3,0,0.001,11029.211901113,-2.6282406287568,1.42570682730759,4.5,3.59445325678083e-6,Conv-CD40
7,306,-8.42331685374796,0,0,1.72622150108027,3,20,3,0,0.001,11029.211901113,-2.6282406287568,1.42570682730759,4.5,3.59445325678083e-6,Conv-CD40
8,306,-8.55932394536215,0,0,2.80924529716045,3,20,3,0,0.001,11029.211901113,-2.6282406287568,1.42570682730759,4.5,3.59445325678083e-6,Conv-CD40
9,306,-8.86668260308398,0,0,1.55762754681017,3,20,3,0,0.001,11029.211901113,-2.6282406287568,1.42570682730759,4.5,3.59445325678083e-6,Conv-CD40
10,306,-9.00663040951434,0,0,1.00988295300369,3,20,3,0,0.001,11029.211901113,-2.6282406287568,1.42570682730759,4.5,3.59445325678083e-6,Conv-CD40
