rep,id,eta_beta_N_pow,eta_fact_beta_T,eta_fact_delta_T,eta_delta_N,eta_c,eta_cI,eta_k,eta_g,eta_mu,eta_P_N,eta_fact_P_T,eta_alpha_VLSG,eta_thresh_Weight,eta_beta_immuno,Group
1,101,1.91713473344737,0,0,0.318894782422432,0,0,0,0,0,0,0,0,0,0,Naive
2,101,2.49286587169269,0,0,0.377624596265715,0,0,0,0,0,0,0,0,0,0,Naive
3,101,2.1807376489439,0,0,0.0745451818291802,0,0,0,0,0,0,0,0,0,0,Naive
4,101,2.40662612486151,0,0,0.584826107722818,0,0,0,0,0,0,0,0,0,0,Naive
5,101,2.14366666593949,0,0,0.30265460578668,0,0,0,0,0,0,0,0,0,0,Naive
6,101,2.38380180108622,0,0,0.330388919223269,0,0,0,0,0,0,0,0,0,0,Naive
7,101,1.92834906859885,0,0,0.146486854429455,0,0,0,0,0,0,0,0,0,0,Naive
8,101,2.45673214350008,0,0,0.368433887263844,0,0,0,0,0,0,0,0,0,0,Naive
9,101,2.52481495807929,0,0,0.677608101751139,0,0,0,0,0,0,0,0,0,0,Naive
10,101,2.14212930273159,0,0,0.202975215516934,0,0,0,0,0,0,0,0,0,0,Naive
1,102,0.229716313141521,0,0,-0.323473445526937,0,0,0,0,0,0,0,0,0,0,Naive
2,102,0.17881400803485,0,0,-0.437934271311068,0,0,0,0,0,0,0,0,0,0,Naive
3,102,0.0367950652214076,0,0,-0.547125760225562,0,0,0,0,0,0,0,0,0,0,Naive
4,102,0.496494569389571,0,0,-0.562670191414873,0,0,0,0,0,0,0,0,0,0,Naive
5,102,0.120187192667427,0,0,-0.569877069182292,0,0,0,0,0,0,0,0,0,0,Naive
6,102,-0.165399519690687,0,0,-0.454691188646842,0,0,0,0,0,0,0,0,0,0,Naive
7,102,-0.239427406009438,0,0,-0.458745407559515,0,0,0,0,0,0,0,0,0,0,Naive
8,102,0.199449926396298,0,0,-0.516488955293825,0,0,0,0,0,0,0,0,0,0,Naive
9,102,-0.214792945494953,0,0,-0.634378602855789,0,0,0,0,0,0,0,0,0,0,Naive
10,102,0.0461604960623262,0,0,-0.541330214810612,0,0,0,0,0,0,0,0,0,0,Naive
1,103,0.911923659500675,0,0,0.496737958642287,0,0,0,0,0,0,0,0,0,0,Naive
2,103,1.36095221637701,0,0,0.38175937073064,0,0,0,0,0,0,0,0,0,0,Naive
3,103,0.795962032711706,0,0,0.113922687519782,0,0,0,0,0,0,0,0,0,0,Naive
4,103,0.423650148788995,0,0,-0.0223081843821613,0,0,0,0,0,0,0,0,0,0,Naive
5,103,0.759456471173209,0,0,0.333032445846292,0,0,0,0,0,0,0,0,0,0,Naive
6,103,0.405984398977755,0,0,0.372174873084319,0,0,0,0,0,0,0,0,0,0,Naive
7,103,0.406427459097132,0,0,0.0324648622066472,0,0,0,0,0,0,0,0,0,0,Naive
8,103,0.268805451516028,0,0,0.0296796956593551,0,0,0,0,0,0,0,0,0,0,Naive
9,103,0.619127938098242,0,0,0.337665279134071,0,0,0,0,0,0,0,0,0,0,Naive
10,103,0.222248261691061,0,0,-0.25951246309856,0,0,0,0,0,0,0,0,0,0,Naive
1,104,0.606475194159016,0,0,-0.430218305183916,0,0,0,0,0,0,0,0,0,0,Naive
2,104,1.24192480168996,0,0,-0.286138047130961,0,0,0,0,0,0,0,0,0,0,Naive
3,104,0.949809039277314,0,0,-0.36815236762405,0,0,0,0,0,0,0,0,0,0,Naive
4,104,0.82768379613983,0,0,-0.535085321394064,0,0,0,0,0,0,0,0,0,0,Naive
5,104,0.907193993775123,0,0,-0.517577691031159,0,0,0,0,0,0,0,0,0,0,Naive
6,104,0.957871644431703,0,0,-0.40885767006345,0,0,0,0,0,0,0,0,0,0,Naive
7,104,1.53599937981854,0,0,-0.088849693182077,0,0,0,0,0,0,0,0,0,0,Naive
8,104,0.728967997877741,0,0,-0.558385674702095,0,0,0,0,0,0,0,0,0,0,Naive
9,104,0.684624278402546,0,0,-0.662518098212552,0,0,0,0,0,0,0,0,0,0,Naive
10,104,1.24325318820383,0,0,-0.333158954267308,0,0,0,0,0,0,0,0,0,0,Naive
1,105,0.5623892662003,0,0,-0.0371029743816477,0,0,0,0,0,0,0,0,0,0,Naive
2,105,0.492408337777395,0,0,0.0369362205999388,0,0,0,0,0,0,0,0,0,0,Naive
3,105,0.386671530735539,0,0,0.127948869932927,0,0,0,0,0,0,0,0,0,0,Naive
4,105,0.0951976614931029,0,0,-0.143253866231747,0,0,0,0,0,0,0,0,0,0,Naive
5,105,-0.0815933950057094,0,0,-0.387277435487844,0,0,0,0,0,0,0,0,0,0,Naive
6,105,0.227951822995386,0,0,-0.23263725524562,0,0,0,0,0,0,0,0,0,0,Naive
7,105,0.28811636147665,0,0,-0.0625791556830361,0,0,0,0,0,0,0,0,0,0,Naive
8,105,0.64505309128115,0,0,0.141895256503761,0,0,0,0,0,0,0,0,0,0,Naive
9,105,0.453589435542359,0,0,-0.072677898850109,0,0,0,0,0,0,0,0,0,0,Naive
10,105,0.294078277661495,0,0,-0.3422946918822,0,0,0,0,0,0,0,0,0,0,Naive
1,106,0.703577165985436,0,0,-0.358134987852551,0,0,0,0,0,0,0,0,0,0,Naive
2,106,0.889117651985541,0,0,-0.0374670787675807,0,0,0,0,0,0,0,0,0,0,Naive
3,106,0.574765487831042,0,0,-0.213243903176937,0,0,0,0,0,0,0,0,0,0,Naive
4,106,0.827023769269621,0,0,-0.189351155551693,0,0,0,0,0,0,0,0,0,0,Naive
5,106,0.583698643605143,0,0,-0.0256410312131561,0,0,0,0,0,0,0,0,0,0,Naive
6,106,0.943879081566727,0,0,-0.26609727284726,0,0,0,0,0,0,0,0,0,0,Naive
7,106,0.275098445316039,0,0,-0.510840957422751,0,0,0,0,0,0,0,0,0,0,Naive
8,106,0.673026247218195,0,0,-0.465954557701717,0,0,0,0,0,0,0,0,0,0,Naive
9,106,0.451014291487052,0,0,-0.254183609961149,0,0,0,0,0,0,0,0,0,0,Naive
10,106,0.575825878503154,0,0,-0.333218902698545,0,0,0,0,0,0,0,0,0,0,Naive
1,201,0.542150978363716,0,0,-0.0806983364802666,0,0,0,0,0,0,0,0,0,0,Convalescent
2,201,0.430376762400571,0,0,0.199134775552284,0,0,0,0,0,0,0,0,0,0,Convalescent
3,201,0.113880913961636,0,0,-0.203731499045115,0,0,0,0,0,0,0,0,0,0,Convalescent
4,201,0.368779968165865,0,0,-0.275782112179471,0,0,0,0,0,0,0,0,0,0,Convalescent
5,201,0.327632904066614,0,0,-0.246066863831577,0,0,0,0,0,0,0,0,0,0,Convalescent
6,201,0.682071125082502,0,0,0.0578178078991214,0,0,0,0,0,0,0,0,0,0,Convalescent
7,201,0.67421455608485,0,0,-0.21478284112716,0,0,0,0,0,0,0,0,0,0,Convalescent
8,201,0.0652097098021659,0,0,-0.117751570127372,0,0,0,0,0,0,0,0,0,0,Convalescent
9,201,0.201050381908656,0,0,-0.0339810641478655,0,0,0,0,0,0,0,0,0,0,Convalescent
10,201,0.450940745304964,0,0,0.0871201980708649,0,0,0,0,0,0,0,0,0,0,Convalescent
1,202,-0.559509538660036,0,0,-0.106336538409839,0,0,0,0,0,0,0,0,0,0,Convalescent
2,202,-0.509563562325986,0,0,-0.133249395871581,0,0,0,0,0,0,0,0,0,0,Convalescent
3,202,-0.280892040454795,0,0,0.252940941464395,0,0,0,0,0,0,0,0,0,0,Convalescent
4,202,0.0569099753177791,0,0,-0.00279480576725633,0,0,0,0,0,0,0,0,0,0,Convalescent
5,202,0.21467391395535,0,0,0.134893735311696,0,0,0,0,0,0,0,0,0,0,Convalescent
6,202,0.00312038781346047,0,0,0.235090669761125,0,0,0,0,0,0,0,0,0,0,Convalescent
7,202,-0.0884967274887132,0,0,0.193030707597483,0,0,0,0,0,0,0,0,0,0,Convalescent
8,202,0.495190851239852,0,0,0.077825816965163,0,0,0,0,0,0,0,0,0,0,Convalescent
9,202,-0.204194084440562,0,0,-0.0171422711358366,0,0,0,0,0,0,0,0,0,0,Convalescent
10,202,0.0726706759729991,0,0,-0.155084441598508,0,0,0,0,0,0,0,0,0,0,Convalescent
1,203,-0.71885759428691,0,0,-0.376580919815658,0,0,0,0,0,0,0,0,0,0,Convalescent
2,203,-0.627851577659476,0,0,-0.18505057163834,0,0,0,0,0,0,0,0,0,0,Convalescent
3,203,0.00884398797581154,0,0,0.415073437332229,0,0,0,0,0,0,0,0,0,0,Convalescent
4,203,-0.147066090533511,0,0,0.308306357327707,0,0,0,0,0,0,0,0,0,0,Convalescent
5,203,-0.0996170729326261,0,0,0.753849000658247,0,0,0,0,0,0,0,0,0,0,Convalescent
6,203,-0.52348618763536,0,0,-0.085061041802812,0,0,0,0,0,0,0,0,0,0,Convalescent
7,203,-0.559445439767053,0,0,0.00883742018551144,0,0,0,0,0,0,0,0,0,0,Convalescent
8,203,-0.429920150815255,0,0,0.167975412141,0,0,0,0,0,0,0,0,0,0,Convalescent
9,203,-0.520528284709075,0,0,0.16619266819248,0,0,0,0,0,0,0,0,0,0,Convalescent
10,203,-0.72901785627909,0,0,-0.101649877520005,0,0,0,0,0,0,0,0,0,0,Convalescent
1,204,0.110688164000508,0,0,-0.140039562279861,0,0,0,0,0,0,0,0,0,0,Convalescent
2,204,-0.600414536592881,0,0,-0.362668937059113,0,0,0,0,0,0,0,0,0,0,Convalescent
3,204,0.276630249270745,0,0,0.177757424470577,0,0,0,0,0,0,0,0,0,0,Convalescent
4,204,-0.160618743254722,0,0,-0.283725501766982,0,0,0,0,0,0,0,0,0,0,Convalescent
5,204,-0.113215275668308,0,0,-0.140877317559984,0,0,0,0,0,0,0,0,0,0,Convalescent
6,204,0.417834257869924,0,0,0.0722896784326411,0,0,0,0,0,0,0,0,0,0,Convalescent
7,204,0.634326251735867,0,0,0.149661112785579,0,0,0,0,0,0,0,0,0,0,Convalescent
8,204,0.669519650746377,0,0,-0.156332073310996,0,0,0,0,0,0,0,0,0,0,Convalescent
9,204,0.0167758995130055,0,0,-0.346236815472825,0,0,0,0,0,0,0,0,0,0,Convalescent
10,204,0.440155582461305,0,0,0.240941156525077,0,0,0,0,0,0,0,0,0,0,Convalescent
1,205,0.221945779311677,0,0,0.130529922227344,0,0,0,0,0,0,0,0,0,0,Convalescent
2,205,0.0097880972932281,0,0,-0.0387687918058454,0,0,0,0,0,0,0,0,0,0,Convalescent
3,205,0.105661021641616,0,0,0.0326362995009457,0,0,0,0,0,0,0,0,0,0,Convalescent
4,205,-0.446267107543806,0,0,-0.0787496655188061,0,0,0,0,0,0,0,0,0,0,Convalescent
5,205,-0.435623107292933,0,0,-0.0563198866992417,0,0,0,0,0,0,0,0,0,0,Convalescent
6,205,-0.571840815641481,0,0,-0.151269726056708,0,0,0,0,0,0,0,0,0,0,Convalescent
7,205,-0.861460447338439,0,0,-0.088269867939787,0,0,0,0,0,0,0,0,0,0,Convalescent
8,205,-0.20945668043038,0,0,-0.242898959973546,0,0,0,0,0,0,0,0,0,0,Convalescent
9,205,-0.729480140916776,0,0,-0.320645373172224,0,0,0,0,0,0,0,0,0,0,Convalescent
10,205,-0.299275585053851,0,0,-0.0540181113882643,0,0,0,0,0,0,0,0,0,0,Convalescent
1,206,-0.777297954640634,0,0,-0.212167950290034,0,0,0,0,0,0,0,0,0,0,Convalescent
2,206,0.0685856748538872,0,0,0.476430853440044,0,0,0,0,0,0,0,0,0,0,Convalescent
3,206,-0.391178367029083,0,0,0.247642258399991,0,0,0,0,0,0,0,0,0,0,Convalescent
4,206,-0.000990374031148877,0,0,0.36884124512313,0,0,0,0,0,0,0,0,0,0,Convalescent
5,206,0.0967091279483079,0,0,1.038039159976,0,0,0,0,0,0,0,0,0,0,Convalescent
6,206,-0.295558450674815,0,0,0.276363626030143,0,0,0,0,0,0,0,0,0,0,Convalescent
7,206,-0.359914118007634,0,0,-0.175435735475219,0,0,0,0,0,0,0,0,0,0,Convalescent
8,206,-0.110748943435222,0,0,0.253016621824694,0,0,0,0,0,0,0,0,0,0,Convalescent
9,206,-0.558870957434657,0,0,0.126350103328455,0,0,0,0,0,0,0,0,0,0,Convalescent
10,206,-0.4975769645836,0,0,-0.460615933441738,0,0,0,0,0,0,0,0,0,0,Convalescent
1,301,-0.444781675512534,0,0,0.240763707190793,0,0,0,0,0,0,0,0,0,0,Conv-CD40
2,301,0.10594534157234,0,0,0.63457058750023,0,0,0,0,0,0,0,0,0,0,Conv-CD40
3,301,-0.929225647254637,0,0,-0.146029948397212,0,0,0,0,0,0,0,0,0,0,Conv-CD40
4,301,-0.39181025418343,0,0,-0.289660336679631,0,0,0,0,0,0,0,0,0,0,Conv-CD40
5,301,-0.861404009508309,0,0,0.145325645106758,0,0,0,0,0,0,0,0,0,0,Conv-CD40
6,301,-0.0809335057658241,0,0,0.518422026103416,0,0,0,0,0,0,0,0,0,0,Conv-CD40
7,301,-0.511906053568439,0,0,-0.158543638453646,0,0,0,0,0,0,0,0,0,0,Conv-CD40
8,301,-3.72104417700747e-6,0,0,0.243448788198336,0,0,0,0,0,0,0,0,0,0,Conv-CD40
9,301,-0.373247235959396,0,0,0.51903092665695,0,0,0,0,0,0,0,0,0,0,Conv-CD40
10,301,-1.27376816959669,0,0,-0.381433640562707,0,0,0,0,0,0,0,0,0,0,Conv-CD40
1,302,-0.943022817582389,0,0,0.193482685499535,0,0,0,0,0,0,0,0,0,0,Conv-CD40
2,302,-1.12918817811515,0,0,0.00953474202835184,0,0,0,0,0,0,0,0,0,0,Conv-CD40
3,302,-1.21574142913922,0,0,-0.123724366186884,0,0,0,0,0,0,0,0,0,0,Conv-CD40
4,302,-0.707069025139954,0,0,0.482412874815327,0,0,0,0,0,0,0,0,0,0,Conv-CD40
5,302,-1.19915730065077,0,0,-0.118787932908858,0,0,0,0,0,0,0,0,0,0,Conv-CD40
6,302,-0.683152510153981,0,0,0.261075031307586,0,0,0,0,0,0,0,0,0,0,Conv-CD40
7,302,-0.915829559494644,0,0,0.356323341454385,0,0,0,0,0,0,0,0,0,0,Conv-CD40
8,302,-1.53182708250734,0,0,-0.000244361270699101,0,0,0,0,0,0,0,0,0,0,Conv-CD40
9,302,-0.887056107111368,0,0,-0.13489913063829,0,0,0,0,0,0,0,0,0,0,Conv-CD40
10,302,-0.187553325726622,0,0,0.459167773408308,0,0,0,0,0,0,0,0,0,0,Conv-CD40
1,303,-0.812852452662354,0,0,0.307742433972677,0,0,0,0,0,0,0,0,0,0,Conv-CD40
2,303,-1.42581687592746,0,0,0.336743099216236,0,0,0,0,0,0,0,0,0,0,Conv-CD40
3,303,-0.680171260089132,0,0,0.210311271732032,0,0,0,0,0,0,0,0,0,0,Conv-CD40
4,303,-1.00729734685049,0,0,0.0341642453725049,0,0,0,0,0,0,0,0,0,0,Conv-CD40
5,303,-1.04826377554007,0,0,-0.417011868997619,0,0,0,0,0,0,0,0,0,0,Conv-CD40
6,303,-0.752332103677223,0,0,0.207783980692851,0,0,0,0,0,0,0,0,0,0,Conv-CD40
7,303,-1.15362768825949,0,0,0.197152286502345,0,0,0,0,0,0,0,0,0,0,Conv-CD40
8,303,-0.751444709277935,0,0,0.0252927211928515,0,0,0,0,0,0,0,0,0,0,Conv-CD40
9,303,-0.594384134894197,0,0,0.499418356490321,0,0,0,0,0,0,0,0,0,0,Conv-CD40
10,303,-1.25446161068862,0,0,0.289532453261203,0,0,0,0,0,0,0,0,0,0,Conv-CD40
1,304,0.0179564209533426,0,0,-0.191731006520465,0,0,0,0,0,0,0,0,0,0,Conv-CD40
2,304,-0.352826210169105,0,0,-0.0233925729189863,0,0,0,0,0,0,0,0,0,0,Conv-CD40
3,304,-0.379396897088169,0,0,0.0155855943128374,0,0,0,0,0,0,0,0,0,0,Conv-CD40
4,304,-0.777867176612366,0,0,-0.0306677914418867,0,0,0,0,0,0,0,0,0,0,Conv-CD40
5,304,-0.565432412757916,0,0,-0.299013413353475,0,0,0,0,0,0,0,0,0,0,Conv-CD40
6,304,0.367155944279388,0,0,0.691855258760149,0,0,0,0,0,0,0,0,0,0,Conv-CD40
7,304,0.155393317407734,0,0,0.399877648248592,0,0,0,0,0,0,0,0,0,0,Conv-CD40
8,304,-0.253801638948466,0,0,-0.213527417136503,0,0,0,0,0,0,0,0,0,0,Conv-CD40
9,304,-0.408340468487056,0,0,0.100649969813097,0,0,0,0,0,0,0,0,0,0,Conv-CD40
10,304,-1.04442447391591,0,0,-0.405181851595399,0,0,0,0,0,0,0,0,0,0,Conv-CD40
1,305,-0.757441696728695,0,0,0.182296030049489,0,0,0,0,0,0,0,0,0,0,Conv-CD40
2,305,-0.284694703433832,0,0,0.371002660945194,0,0,0,0,0,0,0,0,0,0,Conv-CD40
3,305,0.182143543954218,0,0,0.578720747169966,0,0,0,0,0,0,0,0,0,0,Conv-CD40
4,305,-0.239815478797629,0,0,0.0327925064143945,0,0,0,0,0,0,0,0,0,0,Conv-CD40
5,305,-0.227730986110215,0,0,0.282503273735656,0,0,0,0,0,0,0,0,0,0,Conv-CD40
6,305,-1.1230807466993,0,0,-0.058236607245279,0,0,0,0,0,0,0,0,0,0,Conv-CD40
7,305,-0.747383066130975,0,0,-0.0967319820544202,0,0,0,0,0,0,0,0,0,0,Conv-CD40
8,305,-0.979142363713672,0,0,-0.0394416078077669,0,0,0,0,0,0,0,0,0,0,Conv-CD40
9,305,-0.448164355459519,0,0,0.272439853563578,0,0,0,0,0,0,0,0,0,0,Conv-CD40
10,305,-0.571233983467947,0,0,0.0364286691962037,0,0,0,0,0,0,0,0,0,0,Conv-CD40
1,306,-1.37910834309181,0,0,-0.35318744055271,0,0,0,0,0,0,0,0,0,0,Conv-CD40
2,306,-0.695168377262,0,0,-0.129506081487192,0,0,0,0,0,0,0,0,0,0,Conv-CD40
3,306,-0.411070588347272,0,0,0.140544641654621,0,0,0,0,0,0,0,0,0,0,Conv-CD40
4,306,-0.00576041191337628,0,0,-0.513967125189324,0,0,0,0,0,0,0,0,0,0,Conv-CD40
5,306,-0.732533378543737,0,0,0.173877112773806,0,0,0,0,0,0,0,0,0,0,Conv-CD40
6,306,-0.381907500599378,0,0,0.214362672695084,0,0,0,0,0,0,0,0,0,0,Conv-CD40
7,306,-0.953301985141282,0,0,0.0564405475441231,0,0,0,0,0,0,0,0,0,0,Conv-CD40
8,306,-1.08930907675547,0,0,0.543421500838053,0,0,0,0,0,0,0,0,0,0,Conv-CD40
9,306,-1.39666773447731,0,0,-0.0463305085717747,0,0,0,0,0,0,0,0,0,0,Conv-CD40
10,306,-1.53661554090767,0,0,-0.479659932888768,0,0,0,0,0,0,0,0,0,0,Conv-CD40
