id,time,y2,Weight_,ECL_Slope,ECL_Intercept,popPred_medianCOV,popPred,indivPred_SAEM,indivPred_mean,indivPred_mode,indWRes_SAEM,indWRes_mean,indWRes_mode
101,0,2.87448,5.00633,-227224,1.05997e+6,-5,-5,-5,-5,-5,7.1566,7.1566,7.1566
101,1,4.40654,5.00633,-227224,1.05997e+6,4.83475,4.83475,4.87678,4.87692,4.87408,-0.427372,-0.427499,-0.424924
101,2,2.87448,5.00633,-227224,1.05997e+6,3.93022,3.93022,4.04162,4.04019,4.03275,-1.06073,-1.05943,-1.05267
101,3,2.87448,5.00633,-227224,1.05997e+6,2.97455,2.97455,3.16321,3.16006,3.1475,-0.262407,-0.259544,-0.248132
101,4,2.87448,5.00633,26405.3,45454.9,2.00729,2.00729,2.27607,2.27115,2.2533,0.543854,0.548329,0.564548
101,6,2.87448,5.00633,26405.3,45454.9,0.0664809,0.0664809,0.497689,0.489179,0.460633,2.16011,2.16785,2.19379
102,0,2.87448,3.70972,121482,552049,-5,-5,-5,-5,-5,7.1566,7.1566,7.1566
102,1,6.38206,3.70972,121482,552049,5.0538,5.0538,5.1413,5.1497,5.14071,1.12765,1.12001,1.12818
102,2,4.9803,3.70972,121482,552049,4.15318,4.15318,4.37652,4.3994,4.37693,0.548738,0.52794,0.54836
102,3,2.87448,3.70972,121482,552049,3.2025,3.2025,3.57589,3.61462,3.57743,-0.637464,-0.672661,-0.638867
102,4,4.16541,3.70972,-119446,1.51576e+6,2.2427,2.2427,2.77027,2.82523,2.77303,1.26795,1.21801,1.26545
102,6,2.87448,3.70972,-119446,1.51576e+6,0.31749,0.31749,1.15618,1.24378,1.16137,1.56165,1.48203,1.55693
103,0,2.87448,5.15609,-56696.2,387296,-5,-5,-5,-5,-5,7.1566,7.1566,7.1566
103,1,5.46277,5.15609,-56696.2,387296,4.63073,4.63073,4.51404,4.51728,4.52186,0.862238,0.859296,0.855133
103,2,3.10741,5.15609,-56696.2,387296,3.73179,3.73179,3.44284,3.44504,3.46229,-0.304848,-0.306853,-0.322526
103,3,2.87448,5.15609,-56696.2,387296,2.78012,2.78012,2.29583,2.29688,2.32861,0.525899,0.524942,0.49611
103,4,2.87448,5.15609,-168.925,161187,1.81651,1.81651,1.12644,1.12628,1.17343,1.58868,1.58882,1.54597
103,6,2.87448,5.15609,-168.925,161187,-0.117393,-0.117393,-1.22958,-1.23224,-1.15311,3.72991,3.73233,3.66042
104,0,2.87448,3.50043,-6490.93,207751,-5,-5,-5,-5,-5,7.1566,7.1566,7.1566
104,1,5.38643,3.50043,-6490.93,207751,4.86068,4.86068,4.92507,4.92529,4.92674,0.419305,0.419104,0.417785
104,2,5.78161,3.50043,-6490.93,207751,3.96233,3.96233,4.15326,4.15093,4.14802,1.4799,1.48202,1.48466
104,3,3.72502,3.50043,-6490.93,207751,3.01184,3.01184,3.34302,3.3379,3.33022,0.347174,0.351833,0.358812
104,4,2.87448,3.50043,54322.9,-35503.7,2.05002,2.05002,2.52599,2.518,2.50542,0.316719,0.323982,0.335415
104,6,2.87448,3.50043,54322.9,-35503.7,0.121899,0.121899,0.890228,0.876461,0.854019,1.80336,1.81587,1.83627
105,0,2.87448,3.66441,21652.4,149358,-5,-5,-5,-5,-5,7.1566,7.1566,7.1566
105,1,3.2858,3.66441,21652.4,149358,4.81072,4.81072,4.73664,4.733,4.73268,-1.31857,-1.31527,-1.31497
105,2,2.94434,3.66441,21652.4,149358,3.9129,3.9129,3.74456,3.72745,3.72847,-0.72727,-0.711721,-0.71265
105,3,2.87448,3.66441,21652.4,149358,2.96327,2.96327,2.68873,2.65637,2.65891,0.168815,0.198225,0.195915
105,4,2.87448,3.66441,-25313.9,337223,2.00284,2.00284,1.61741,1.56902,1.57315,1.14247,1.18645,1.18269
105,6,2.87448,3.66441,-25313.9,337223,0.0763392,0.0763392,-0.534817,-0.615989,-0.608583,3.09849,3.17226,3.16553
106,0,2.87448,3.39563,-25770.4,371857,-5,-5,-5,-5,-5,7.1566,7.1566,7.1566
106,1,4.64179,3.39563,-25770.4,371857,4.97604,4.97604,5.02981,5.02836,5.02951,-0.352649,-0.351326,-0.352374
106,2,4.22342,3.39563,-25770.4,371857,4.07642,4.07642,4.22179,4.21814,4.21816,0.00148101,0.00479986,0.00477467
106,3,3.30363,3.39563,-25770.4,371857,3.12473,3.12473,3.37191,3.36583,3.36462,-0.0620511,-0.0565286,-0.0554318
106,4,3.65133,3.39563,-10868.5,312249,2.16147,2.16147,2.51398,2.50542,2.50294,1.03366,1.04145,1.0437
106,6,2.87448,3.39563,-10868.5,312249,0.228546,0.228546,0.794333,0.780736,0.775694,1.89051,1.90287,1.90745
201,0,2.87448,4.29105,-12498.5,146812,-5,-5,-5,-5,-5,7.1566,7.1566,7.1566
201,1,4.30756,4.29105,-12498.5,146812,4.8066,3.04024,3.14986,3.13922,3.14775,1.05216,1.06183,1.05408
201,2,3.45996,4.29105,-12498.5,146812,3.90841,2.14082,2.37548,2.36012,2.36832,0.985622,0.999574,0.992123
201,3,2.87448,4.29105,-12498.5,146812,2.95781,1.18655,1.56053,1.53998,1.54782,1.19416,1.21284,1.20571
201,4,2.87448,4.29105,-19339.4,174175,1.99577,0.219964,0.738202,0.712303,0.719776,1.94152,1.96506,1.95827
201,6,2.87448,4.29105,-19339.4,174175,0.0653257,-1.71988,-0.909586,-0.946267,-0.939534,3.43909,3.47243,3.46631
202,0,2.87448,3.50765,-469.321,172538,-5,-5,-5,-5,-5,7.1566,7.1566,7.1566
202,1,3.23331,3.50765,-469.321,172538,4.83057,3.08097,3.02409,3.01737,3.02018,0.190141,0.196246,0.193697
202,2,3.73384,3.50765,-469.321,172538,3.93242,2.18158,2.04444,2.03727,2.03708,1.53538,1.5419,1.54207
202,3,2.87448,3.50765,-469.321,172538,2.98213,1.22737,0.99936,0.991683,0.988085,1.70418,1.71115,1.71442
202,4,2.87448,3.50765,-34124.9,307160,2.02061,0.260859,-0.0624803,-0.0706839,-0.0778792,2.66921,2.67667,2.68321
202,6,2.87448,3.50765,-34124.9,307160,0.0911589,-1.67883,-2.19689,-2.20617,-2.22075,4.60904,4.61747,4.63072
203,0,2.87448,3.0958,14939.5,88608.1,-5,-5,-5,-5,-5,7.1566,7.1566,7.1566
203,1,4.12776,3.0958,14939.5,88608.1,4.75197,2.95248,2.95531,2.96121,2.95375,1.06556,1.0602,1.06697
203,2,2.87448,3.0958,14939.5,88608.1,3.85419,2.05308,2.04588,2.05732,2.04637,0.75306,0.742668,0.752619
203,3,3.44649,3.0958,14939.5,88608.1,2.9043,1.09883,1.08033,1.09801,1.08313,2.15044,2.13437,2.1479
203,4,2.87448,3.0958,-29653.6,266981,1.94341,0.132279,0.101994,0.126199,0.107201,2.51973,2.49773,2.515
203,6,2.87448,3.0958,-29653.6,266981,0.0156505,-1.80746,-1.86175,-1.82425,-1.85162,4.30445,4.27037,4.29525
204,0,2.87448,3.2607,-11241.5,134505,-5,-5,-5,-5,-5,7.1566,7.1566,7.1566
204,1,2.87448,3.2607,-11241.5,134505,4.79517,3.02133,3.00951,3.01746,3.01756,-0.122717,-0.129945,-0.13003
204,2,2.87448,3.2607,-11241.5,134505,3.89702,2.1219,2.10586,2.12137,2.1131,0.698549,0.684452,0.691975
204,3,3.0769,3.2607,-11241.5,134505,2.94645,1.16762,1.14682,1.17085,1.15315,1.75412,1.73229,1.74837
204,4,2.87448,3.2607,-17890.3,161101,1.98445,0.201027,0.175247,0.208169,0.180647,2.45316,2.42324,2.44825
204,6,2.87448,3.2607,-17890.3,161101,0.0541418,-1.73883,-1.77474,-1.72373,-1.77124,4.22538,4.17901,4.22219
205,0,2.87448,3.68253,11472.9,257207,-5,-5,-5,-5,-5,7.1566,7.1566,7.1566
205,1,2.87448,3.68253,11472.9,257207,4.90101,3.21233,3.20268,3.19736,3.2008,-0.298275,-0.293443,-0.296567
205,2,3.33683,3.68253,11472.9,257207,4.00261,2.31302,2.29516,2.29485,2.29794,0.9467,0.94698,0.944174
205,3,2.87448,3.68253,11472.9,257207,3.05246,1.35895,1.33184,1.33718,1.33988,1.402,1.39715,1.3947
205,4,2.87448,3.68253,-60603.4,545512,2.09132,0.392636,0.355873,0.367112,0.369401,2.289,2.27878,2.2767
205,6,2.87448,3.68253,-60603.4,545512,0.162322,-1.5467,-1.60312,-1.57987,-1.57841,4.0694,4.04827,4.04694
206,0,2.87448,5.95447,-45694.8,267024,-5,-5,-5,-5,-5,7.1566,7.1566,7.1566
206,1,2.87448,5.95447,-45694.8,267024,4.52368,2.73462,2.6215,2.63201,2.63171,0.229922,0.22037,0.22064
206,2,2.87448,5.95447,-45694.8,267024,3.62524,1.83513,1.56347,1.5801,1.58581,1.19149,1.17638,1.17119
206,3,2.87448,5.95447,-45694.8,267024,2.67388,0.880757,0.428635,0.45231,0.464931,2.22287,2.20135,2.18988
206,4,2.87448,5.95447,-16836.9,151592,1.71061,-0.0859689,-0.728597,-0.69738,-0.67739,3.2746,3.24623,3.22806
206,6,2.87448,5.95447,-16836.9,151592,-0.222748,-2.02614,-3.06004,-3.01314,-2.97786,5.3935,5.35087,5.31881
301,0,2.87448,4.55825,-3.14855,55.617,-5,-5,-5,-5,-5,7.1566,7.1566,7.1566
301,1,2.87448,4.55825,-3.14855,55.617,4.22627,1.12725,1.12344,1.11797,1.12322,1.59141,1.59638,1.5916
301,2,2.87448,4.55825,-3.14855,55.617,3.32822,0.227656,0.217177,0.212054,0.207317,2.41505,2.41971,2.42401
301,3,2.87448,4.55825,-3.14855,55.617,2.377,-0.726957,-0.744963,-0.749685,-0.765683,3.28948,3.29377,3.30831
301,4,2.87448,4.55825,-1.66233,49.6722,1.4142,-1.69396,-1.71983,-1.72413,-1.75189,4.17547,4.17937,4.20461
301,6,2.87448,4.55825,-1.66233,49.6722,-0.517295,-3.63465,-3.67653,-3.67995,-3.73169,5.95379,5.9569,6.00392
302,0,2.87448,3.59307,2.90129,27.9761,-5,-5,-5,-5,-5,7.1566,7.1566,7.1566
302,1,2.87448,3.59307,2.90129,27.9761,4.65769,1.61965,1.54438,1.56283,1.55497,1.20884,1.19208,1.19922
302,2,2.87448,3.59307,2.90129,27.9761,3.7598,0.720064,0.552063,0.577012,0.569358,2.11069,2.08802,2.09498
302,3,2.87448,3.59307,2.90129,27.9761,2.80926,-0.234536,-0.507669,-0.475282,-0.482708,3.07382,3.04438,3.05113
302,4,2.87448,3.59307,1.97312,31.6888,1.84734,-1.20152,-1.5851,-1.54484,-1.55202,4.05302,4.01643,4.02296
302,6,2.87448,3.59307,1.97312,31.6888,-0.0822456,-3.14218,-3.75157,-3.69512,-3.70181,6.02199,5.97068,5.97676
303,0,2.87448,3.92373,-2.51322,36.9082,-5,-5,-5,-5,-5,7.1566,7.1566,7.1566
303,1,2.87448,3.92373,-2.51322,36.9082,4.6577,1.61966,1.59717,1.60683,1.60394,1.16086,1.15208,1.15471
303,2,2.87448,3.92373,-2.51322,36.9082,3.75981,0.720077,0.667049,0.680032,0.676323,2.00619,1.99439,1.99776
303,3,2.87448,3.92373,-2.51322,36.9082,2.80927,-0.234522,-0.322023,-0.305265,-0.309897,2.90509,2.88986,2.89407
303,4,2.87448,3.92373,2.9694,14.9778,1.84735,-1.20151,-1.32506,-1.30434,-1.30994,3.81669,3.79786,3.80295
303,6,2.87448,3.92373,2.9694,14.9778,-0.0822368,-3.14217,-3.33919,-3.31038,-3.31795,5.6472,5.62102,5.62789
304,0,2.87448,3.04282,-1.55133,51.3073,-5,-5,-5,-5,-5,7.1566,7.1566,7.1566
304,1,2.87448,3.04282,-1.55133,51.3073,4.65772,1.61969,1.69403,1.69596,1.70015,1.07284,1.07108,1.06728
304,2,2.87448,3.04282,-1.55133,51.3073,3.75983,0.7201,0.892859,0.908313,0.902447,1.80097,1.78692,1.79225
304,3,2.87448,3.04282,-1.55133,51.3073,2.80928,-0.234499,0.0481777,0.0786087,0.0616204,2.56864,2.54099,2.55643
304,4,2.87448,3.04282,0.316193,43.8372,1.84736,-1.20149,-0.80481,-0.758942,-0.787389,3.34387,3.30218,3.32803
304,6,2.87448,3.04282,0.316193,43.8372,-0.0822205,-3.14215,-2.51446,-2.43742,-2.489,4.89766,4.82764,4.87452
305,0,2.87448,3.84913,5.77973,76.4137,-5,-5,-5,-5,-5,7.1566,7.1566,7.1566
305,1,2.87448,3.84913,5.77973,76.4137,4.65775,1.61973,1.58213,1.58716,1.5927,1.17453,1.16996,1.16492
305,2,2.87448,3.84913,5.77973,76.4137,3.75986,0.72014,0.629085,0.636189,0.647859,2.04069,2.03424,2.02363
305,3,2.87448,3.84913,5.77973,76.4137,2.80931,-0.234459,-0.385957,-0.376479,-0.357863,2.9632,2.95459,2.93767
305,4,2.87448,3.84913,-8.47701,133.441,1.84739,-1.20145,-1.41625,-1.40427,-1.37836,3.89957,3.88868,3.86513
305,6,2.87448,3.84913,-8.47701,133.441,-0.0821907,-3.14211,-3.48607,-3.46896,-3.42814,5.78069,5.76514,5.72804
306,0,2.87448,4.90005,-15.6001,100.171,-5,-5,-5,-5,-5,7.1566,7.1566,7.1566
306,1,2.87448,4.90005,-15.6001,100.171,4.22632,1.12732,1.11941,1.13207,1.12261,1.59507,1.58357,1.59216
306,2,2.87448,4.90005,-15.6001,100.171,3.32827,0.227725,0.222217,0.240574,0.220388,2.41047,2.39379,2.41213
306,3,2.87448,4.90005,-15.6001,100.171,2.37705,-0.726888,-0.729704,-0.704928,-0.73719,3.27561,3.25309,3.28241
306,4,2.87448,4.90005,6.61932,11.2935,1.41426,-1.69389,-1.6939,-1.66243,-1.70729,4.15191,4.1233,4.16407
306,6,2.87448,4.90005,6.61932,11.2935,-0.51724,-3.63458,-3.6289,-3.5838,-3.65428,5.9105,5.8695,5.93356