id,time,y2,Weight_,ECL_Slope,ECL_Intercept,popPred_medianCOV,popPred,indivPred_SAEM,indivPred_mean,indivPred_mode,indWRes_SAEM,indWRes_mean,indWRes_mode
101,0,2.87448,5.00633,-227224,1.05997e+6,-5,-5,-5,-5,-5,7.28742,7.28742,7.28742
101,1,4.40654,5.00633,-227224,1.05997e+6,3.2173,3.2173,4.83055,4.81436,4.79918,-0.392399,-0.377423,-0.363373
101,2,2.87448,5.00633,-227224,1.05997e+6,2.5576,2.5576,4.08329,4.07189,4.02973,-1.11869,-1.10814,-1.06913
101,3,2.87448,5.00633,-227224,1.05997e+6,1.75701,1.75701,3.17653,3.17082,3.09471,-0.279528,-0.274241,-0.20381
101,4,2.87448,5.00633,26405.3,45454.9,0.817543,0.817543,2.11177,2.11245,1.99591,0.705847,0.70522,0.813072
101,6,2.87448,5.00633,26405.3,45454.9,-1.17628,-1.17628,-0.149025,-0.135049,-0.337977,2.7981,2.78516,2.97296
102,0,2.87448,3.70972,121482,552049,-5,-5,-5,-5,-5,7.28742,7.28742,7.28742
102,1,6.38206,3.70972,121482,552049,3.61554,3.61554,5.04983,5.03859,5.02046,1.23291,1.24331,1.26009
102,2,4.9803,3.70972,121482,552049,2.96882,2.96882,4.41121,4.41332,4.36842,0.526665,0.524711,0.56626
102,3,2.87448,3.70972,121482,552049,2.3439,2.3439,3.79682,3.81225,3.74051,-0.853575,-0.867858,-0.80146
102,4,4.16541,3.70972,-119446,1.51576e+6,1.7643,1.7643,3.22731,3.2553,3.15836,0.868162,0.842259,0.931973
102,6,2.87448,3.70972,-119446,1.51576e+6,0.555794,0.555794,2.04014,2.09426,1.94465,0.772137,0.722051,0.860515
103,0,2.87448,5.15609,-56696.2,387296,-5,-5,-5,-5,-5,7.28742,7.28742,7.28742
103,1,5.46277,5.15609,-56696.2,387296,3.06945,3.06945,4.15122,4.15256,4.12988,1.21377,1.21253,1.23352
103,2,3.10741,5.15609,-56696.2,387296,2.21596,2.21596,3.24764,3.24468,3.24209,-0.129778,-0.127037,-0.124639
103,3,2.87448,5.15609,-56696.2,387296,1.27843,1.27843,2.25366,2.24545,2.26609,0.574536,0.582137,0.563036
103,4,2.87448,5.15609,-168.925,161187,0.292761,0.292761,1.20783,1.19375,1.23947,1.5424,1.55543,1.51311
103,6,2.87448,5.15609,-168.925,161187,-1.72333,-1.72333,-0.931671,-0.958114,-0.860452,3.5224,3.54687,3.45649
104,0,2.87448,3.50043,-6490.93,207751,-5,-5,-5,-5,-5,7.28742,7.28742,7.28742
104,1,5.38643,3.50043,-6490.93,207751,3.49086,3.49086,4.74592,4.76361,4.77258,0.592758,0.576392,0.56809
104,2,5.78161,3.50043,-6490.93,207751,2.5837,2.5837,4.00507,4.04663,4.03353,1.6441,1.60564,1.61775
104,3,3.72502,3.50043,-6490.93,207751,1.61496,1.61496,3.22424,3.29197,3.25467,0.463445,0.40077,0.43529
104,4,2.87448,3.50043,54322.9,-35503.7,0.628177,0.628177,2.43357,2.52816,2.46596,0.408041,0.320502,0.378065
104,6,2.87448,3.50043,54322.9,-35503.7,-1.28653,-1.28653,0.903113,1.05005,0.93941,1.8244,1.68842,1.79081
105,0,2.87448,3.66441,21652.4,149358,-5,-5,-5,-5,-5,7.28742,7.28742,7.28742
105,1,3.2858,3.66441,21652.4,149358,3.47784,3.47784,4.35753,4.39236,4.37159,-0.991831,-1.02406,-1.00484
105,2,2.94434,3.66441,21652.4,149358,2.56312,2.56312,3.48943,3.50863,3.49937,-0.504452,-0.522224,-0.51365
105,3,2.87448,3.66441,21652.4,149358,1.60284,1.60284,2.5824,2.5842,2.58765,0.270306,0.268644,0.26545
105,4,2.87448,3.66441,-25313.9,337223,0.642516,0.642516,1.67747,1.66133,1.67784,1.10777,1.12271,1.10743
105,6,2.87448,3.66441,-25313.9,337223,-1.30528,-1.30528,-0.155948,-0.20898,-0.165697,2.8045,2.85358,2.81353
106,0,2.87448,3.39563,-25770.4,371857,-5,-5,-5,-5,-5,7.28742,7.28742,7.28742
106,1,4.64179,3.39563,-25770.4,371857,3.53813,3.53813,4.92618,4.93189,4.88786,-0.263188,-0.268474,-0.227727
106,2,4.22342,3.39563,-25770.4,371857,2.70199,2.70199,4.19039,4.19632,4.14986,0.0305696,0.0250758,0.0680782
106,3,3.30363,3.39563,-25770.4,371857,1.80249,1.80249,3.406,3.41213,3.36276,-0.0947337,-0.100408,-0.0547228
106,4,3.65133,3.39563,-10868.5,312249,0.876704,0.876704,2.60154,2.60779,2.5554,0.971528,0.965743,1.01423
106,6,2.87448,3.39563,-10868.5,312249,-1.01029,-1.01029,0.964117,0.970493,0.911944,1.76794,1.76204,1.81623
201,0,2.87448,4.29105,-12498.5,146812,-5,-5,-5,-5,-5,7.28742,7.28742,7.28742
201,1,4.30756,4.29105,-12498.5,146812,3.46963,3.46963,3.86045,3.88684,3.90082,0.413783,0.389359,0.376422
201,2,3.45996,4.29105,-12498.5,146812,2.5234,2.5234,2.97209,2.98344,3.00285,0.451505,0.440997,0.423036
201,3,2.87448,4.29105,-12498.5,146812,1.50639,1.50639,2.02161,2.01571,2.0413,0.789284,0.794748,0.771065
201,4,2.87448,4.29105,-19339.4,174175,0.46465,0.46465,1.05053,1.02632,1.05844,1.68798,1.71038,1.68065
201,6,2.87448,4.29105,-19339.4,174175,-1.66574,-1.66574,-0.932617,-0.994907,-0.94924,3.52327,3.58092,3.53865
202,0,2.87448,3.50765,-469.321,172538,-5,-5,-5,-5,-5,7.28742,7.28742,7.28742
202,1,3.23331,3.50765,-469.321,172538,3.4807,3.4807,2.8302,2.84216,2.85429,0.373049,0.361989,0.350758
202,2,3.73384,3.50765,-469.321,172538,2.55944,2.55944,1.85595,1.87087,1.89128,1.73789,1.72408,1.70519
202,3,2.87448,3.50765,-469.321,172538,1.57839,1.57839,0.814516,0.832562,0.862434,1.90639,1.88969,1.86204
202,4,2.87448,3.50765,-34124.9,307160,0.582484,0.582484,-0.245095,-0.223894,-0.184004,2.887,2.86738,2.83047
202,6,2.87448,3.50765,-34124.9,307160,-1.46525,-1.46525,-2.42652,-2.39896,-2.33797,4.9058,4.8803,4.82385
203,0,2.87448,3.0958,14939.5,88608.1,-5,-5,-5,-5,-5,7.28742,7.28742,7.28742
203,1,4.12776,3.0958,14939.5,88608.1,3.45616,3.45616,3.20928,3.19503,3.21114,0.850005,0.863186,0.848276
203,2,2.87448,3.0958,14939.5,88608.1,2.50177,2.50177,2.22029,2.23604,2.23597,0.605424,0.590842,0.590906
203,3,3.44649,3.0958,14939.5,88608.1,1.49272,1.49272,1.17212,1.22164,1.20325,2.1048,2.05898,2.076
203,4,2.87448,3.0958,-29653.6,266981,0.477368,0.477368,0.115799,0.200607,0.162999,2.55302,2.47453,2.50934
203,6,2.87448,3.0958,-29653.6,266981,-1.5947,-1.5947,-2.04171,-1.88339,-1.96112,4.54968,4.40316,4.4751
204,0,2.87448,3.2607,-11241.5,134505,-5,-5,-5,-5,-5,7.28742,7.28742,7.28742
204,1,2.87448,3.2607,-11241.5,134505,3.46581,3.46581,3.11617,3.11211,3.14413,-0.223667,-0.219913,-0.249546
204,2,2.87448,3.2607,-11241.5,134505,2.51377,2.51377,2.16995,2.15397,2.19935,0.652007,0.666797,0.624802
204,3,3.0769,3.2607,-11241.5,134505,1.49091,1.49091,1.15382,1.12392,1.18461,1.77971,1.80739,1.75122
204,4,2.87448,3.2607,-17890.3,161101,0.443787,0.443787,0.11389,0.0690334,0.14601,2.55478,2.5963,2.52506
204,6,2.87448,3.2607,-17890.3,161101,-1.69489,-1.69489,-2.0097,-2.08599,-1.97503,4.52005,4.59066,4.48797
205,0,2.87448,3.68253,11472.9,257207,-5,-5,-5,-5,-5,7.28742,7.28742,7.28742
205,1,2.87448,3.68253,11472.9,257207,3.51032,3.51032,3.02209,3.00581,3.02909,-0.136599,-0.121533,-0.143079
205,2,3.33683,3.68253,11472.9,257207,2.64493,2.64493,2.16859,2.18022,2.18811,1.08114,1.07038,1.06308
205,3,2.87448,3.68253,11472.9,257207,1.73384,1.73384,1.27077,1.31326,1.30405,1.48415,1.44483,1.45335
205,4,2.87448,3.68253,-60603.4,545512,0.818268,0.818268,0.368917,0.443159,0.416326,2.31877,2.25006,2.27489
205,6,2.87448,3.68253,-60603.4,545512,-1.08897,-1.08897,-1.50924,-1.36836,-1.43228,4.0569,3.92653,3.98569
206,0,2.87448,5.95447,-45694.8,267024,-5,-5,-5,-5,-5,7.28742,7.28742,7.28742
206,1,2.87448,5.95447,-45694.8,267024,3.0344,3.0344,2.25106,2.241,2.27973,0.576941,0.586253,0.550413
206,2,2.87448,5.95447,-45694.8,267024,2.12561,2.12561,1.24904,1.25027,1.28367,1.50426,1.50312,1.47221
206,3,2.87448,5.95447,-45694.8,267024,1.13073,1.13073,0.145546,0.159669,0.186849,2.52549,2.51242,2.48726
206,4,2.87448,5.95447,-16836.9,151592,0.0904149,0.0904149,-1.01261,-0.984646,-0.964257,3.5973,3.57142,3.55255
206,6,2.87448,5.95447,-16836.9,151592,-2.05576,-2.05576,-3.40743,-3.35044,-3.34445,5.81358,5.76084,5.7553
301,0,2.87448,4.55825,-3.14855,55.617,-5,-5,-5,-5,-5,7.28742,7.28742,7.28742
301,1,2.87448,4.55825,-3.14855,55.617,2.95511,2.95511,1.77078,1.7452,1.76173,1.02142,1.04509,1.0298
301,2,2.87448,4.55825,-3.14855,55.617,1.93586,1.93586,0.691204,0.6845,0.696443,2.02051,2.02671,2.01566
301,3,2.87448,4.55825,-3.14855,55.617,0.843067,0.843067,-0.471147,-0.456363,-0.449713,3.0962,3.08252,3.07637
301,4,2.87448,4.55825,-1.66233,49.6722,-0.270941,-0.270941,-1.65979,-1.62209,-1.62114,4.19623,4.16135,4.16046
301,6,2.87448,4.55825,-1.66233,49.6722,-2.51473,-2.51473,-4.05946,-3.97403,-3.98501,6.417,6.33794,6.3481
302,0,2.87448,3.59307,2.90129,27.9761,-5,-5,-5,-5,-5,7.28742,7.28742,7.28742
302,1,2.87448,3.59307,2.90129,27.9761,3.4223,3.4223,1.3917,1.3993,1.45332,1.37223,1.3652,1.31521
302,2,2.87448,3.59307,2.90129,27.9761,2.40317,2.40317,0.289575,0.329891,0.374739,2.3922,2.35489,2.31338
302,3,2.87448,3.59307,2.90129,27.9761,1.31067,1.31067,-0.89889,-0.821065,-0.786805,3.49206,3.42004,3.38833
302,4,2.87448,3.59307,1.97312,31.6888,0.197084,0.197084,-2.11578,-1.99768,-1.97484,4.61823,4.50893,4.48779
302,6,2.87448,3.59307,1.97312,31.6888,-2.04568,-2.04568,-4.57502,-4.37247,-4.37362,6.89413,6.70667,6.70774
303,0,2.87448,3.92373,-2.51322,36.9082,-5,-5,-5,-5,-5,7.28742,7.28742,7.28742
303,1,2.87448,3.92373,-2.51322,36.9082,3.4223,3.4223,2.01151,2.01687,2.04779,0.798631,0.793672,0.765061
303,2,2.87448,3.92373,-2.51322,36.9082,2.40317,2.40317,0.953276,0.960108,0.98599,1.77798,1.77165,1.7477
303,3,2.87448,3.92373,-2.51322,36.9082,1.31067,1.31067,-0.184443,-0.176214,-0.156139,2.83087,2.82326,2.80468
303,4,2.87448,3.92373,2.9694,14.9778,0.197075,0.197075,-1.34656,-1.33706,-1.32323,3.90636,3.89756,3.88476
303,6,2.87448,3.92373,2.9694,14.9778,-2.04571,-2.04571,-3.6906,-3.67874,-3.67798,6.07564,6.06466,6.06396
304,0,2.87448,3.04282,-1.55133,51.3073,-5,-5,-5,-5,-5,7.28742,7.28742,7.28742
304,1,2.87448,3.04282,-1.55133,51.3073,3.42231,3.42231,2.6708,2.626,2.67049,0.188495,0.229954,0.188781
304,2,2.87448,3.04282,-1.55133,51.3073,2.40318,2.40318,1.68533,1.6489,1.70349,1.1005,1.13422,1.08369
304,3,2.87448,3.04282,-1.55133,51.3073,1.3107,1.3107,0.631326,0.604188,0.670342,2.07592,2.10104,2.03982
304,4,2.87448,3.04282,0.316193,43.8372,0.197114,0.197114,-0.441318,-0.458769,-0.380363,3.0686,3.08475,3.01219
304,6,2.87448,3.04282,0.316193,43.8372,-2.04565,-2.04565,-2.59944,-2.59712,-2.49347,5.06583,5.06368,4.96776
305,0,2.87448,3.84913,5.77973,76.4137,-5,-5,-5,-5,-5,7.28742,7.28742,7.28742
305,1,2.87448,3.84913,5.77973,76.4137,3.42232,3.42232,1.98242,1.99456,2.00823,0.825552,0.81432,0.801675
305,2,2.87448,3.84913,5.77973,76.4137,2.40321,2.40321,0.897009,0.918793,0.931147,1.83005,1.80989,1.79845
305,3,2.87448,3.84913,5.77973,76.4137,1.31076,1.31076,-0.272089,-0.239468,-0.228625,2.91199,2.8818,2.87176
305,4,2.87448,3.84913,-8.47701,133.441,0.197212,0.197212,-1.46801,-1.42394,-1.41472,4.01875,3.97796,3.96943
305,6,2.87448,3.84913,-8.47701,133.441,-2.04548,-2.04548,-3.883,-3.81519,-3.8094,6.25369,6.19094,6.18558
306,0,2.87448,4.90005,-15.6001,100.171,-5,-5,-5,-5,-5,7.28742,7.28742,7.28742
306,1,2.87448,4.90005,-15.6001,100.171,2.95512,2.95512,1.42088,1.48394,1.47111,1.34523,1.28687,1.29875
306,2,2.87448,4.90005,-15.6001,100.171,1.93589,1.93589,0.391043,0.461657,0.449989,2.29829,2.23294,2.24374
306,3,2.87448,4.90005,-15.6001,100.171,0.843102,0.843102,-0.713985,-0.634975,-0.645299,3.32094,3.24782,3.25737
306,4,2.87448,4.90005,6.61932,11.2935,-0.270906,-0.270906,-1.84108,-1.75329,-1.76217,4.364,4.28276,4.29098
306,6,2.87448,4.90005,6.61932,11.2935,-2.51469,-2.51469,-4.11207,-4.00629,-4.01219,6.46569,6.36779,6.37326