time,id,TT_SAEM,I1T_SAEM,I2T_SAEM,VIT_SAEM,VNIT_SAEM,ViniT_SAEM,TN_SAEM,I1N_SAEM,I2N_SAEM,VIN_SAEM,VNIN_SAEM,ViniN_SAEM,Marker_SAEM,TT_mean,I1T_mean,I2T_mean,VIT_mean,VNIT_mean,ViniT_mean,TN_mean,I1N_mean,I2N_mean,VIN_mean,VNIN_mean,ViniN_mean,Marker_mean,TT_mode,I1T_mode,I2T_mode,VIT_mode,VNIT_mode,ViniT_mode,TN_mode,I1N_mode,I2N_mode,VIN_mode,VNIN_mode,ViniN_mode,Marker_mode
0,101,7500,0,0,0,0,6.555e+9,22727.3,0,0,0,0,3.97273e+8,1.05997e+6,7500,0,0,0,0,6.555e+9,22727.3,0,0,0,0,3.97273e+8,1.05997e+6,7500,0,0,0,0,6.555e+9,22727.3,0,0,0,0,3.97273e+8,1.05997e+6
1,101,26.9057,385.342,3211.6,746.719,746067,13.5116,14864.8,954.893,3431.44,8407.94,8.97471e+6,0.81866,832748,17.525,384.624,3225.62,724.76,724101,13.5112,14363.5,1016.06,3661.93,8590.81,9.19502e+6,0.818624,832748,26.9261,385.339,3149.39,712.519,711898,13.5116,14925,927.522,3349.58,7948.96,8.48887e+6,0.81866,832748
2,101,26.6483,19.2526,982.718,343.88,343608,2.67936e-8,13060.9,560.123,2018.91,6114.84,6.64943e+6,1.62301e-9,605524,17.3498,19.1953,992.144,334.89,334605,2.68006e-8,12456.9,591.005,2155.46,6259.95,6.82407e+6,1.6234e-9,605524,26.6825,19.2485,934.539,320.842,320590,2.67898e-8,13231.3,524.601,1893.9,5585.7,6.08533e+6,1.62278e-9,605524
3,101,26.559,0.979388,211.394,91.1815,91114.7,7.64457e-17,12065.2,296.38,996.062,3275.89,3.56776e+6,4.62975e-18,378300,17.2887,0.969989,214.829,89.2624,89189.7,7.64643e-17,11415.6,309.525,1057.72,3344.7,3.64957e+6,4.63075e-18,378300,26.6,0.977359,193.167,82.4662,82406.1,-3.95572e-16,12322.1,269.551,898.691,2879.39,3.14485e+6,-2.39749e-17,378300
4,101,26.538,0.053304,34.2914,17.9735,17961.2,3.65711e-23,11602.7,135.313,409.495,1457.37,1.59105e+6,2.21474e-24,151076,17.2743,0.0514203,35.1071,17.7029,17689.2,3.75259e-23,10936.9,139.862,431.053,1477.79,1.61598e+6,2.2725e-24,151076,26.5812,0.0526825,29.85,15.6459,15635.4,5.72586e-24,11912.5,119.342,355.627,1233.54,1.35148e+6,3.46415e-25,151076
6,101,26.5336,0.000288944,0.71705,0.427092,426.835,-2.07399e-30,11340.9,21.663,64.8422,231.812,253221,-1.2561e-31,203887,17.2712,0.000236648,0.745445,0.426495,426.187,-2.48313e-30,10669.6,21.9173,66.8341,230.427,252091,-1.50381e-31,203887,26.5775,0.000259321,0.562226,0.339122,338.924,4.5839e-32,11690.3,17.8941,52.5788,182.832,200526,2.77202e-33,203887
9,101,26.5335,6.29382e-7,0.00277982,0.00154843,1.5475,4.24494e-38,11294,1.49303,4.69888,16.452,17927,2.57088e-39,283103,17.2712,4.51566e-7,0.0029557,0.00158177,1.58062,5.60011e-38,10622.9,1.46264,4.6923,15.8431,17288.4,3.39147e-39,283103,26.5774,4.54084e-7,0.00187558,0.00105576,1.05514,3.29784e-40,11653.3,1.1187,3.45904,11.7683,12874.1,1.99461e-41,283103
14,101,26.5335,7.17706e-11,3.54256e-7,1.90583e-7,0.000190464,-2.4319e-48,11290.3,0.0210629,0.0671822,0.23416,254.967,-1.47293e-49,296957,17.2712,5.29846e-11,3.9084e-7,2.02086e-7,0.000201937,1.02225e-49,10619.3,0.0195813,0.0636764,0.214015,233.363,6.18957e-51,296957,26.5774,3.99327e-11,1.87512e-7,1.01595e-7,0.000101534,-3.09226e-58,11650.7,0.0134569,0.0421822,0.142845,156.145,-1.87041e-59,296957
20,101,26.5335,1.64947e-15,8.41756e-12,4.4548e-12,4.45199e-9,-8.11875e-57,11290.2,0.00013517,0.000435332,0.00151032,1.64384,-4.91749e-58,313581,17.2712,1.27305e-15,9.70627e-12,4.93767e-12,4.934e-9,2.45927e-58,10619.3,0.000118053,0.000387666,0.00129688,1.41351,1.48913e-59,313581,26.5774,6.85247e-16,3.33538e-12,1.77561e-12,1.77452e-9,-7.30352e-67,11650.7,7.13957e-5,0.000226037,0.00076182,0.832382,-4.41825e-68,313581
0,102,11250,0,0,0,0,9.8325e+9,31250,0,0,0,0,5.4625e+8,552049,11250,0,0,0,0,9.8325e+9,31250,0,0,0,0,5.4625e+8,552049,11250,0,0,0,0,9.8325e+9,31250,0,0,0,0,5.4625e+8,552049
1,102,24.1275,576.721,4648.37,1077.6,1.07662e+6,20.2673,20487.6,1288.1,4572.06,11153.6,1.19083e+7,1.12565,673531,36.4778,577.754,4714.54,1051.41,1.05048e+6,20.2675,21221.1,1164.09,4315.62,10160.2,1.08212e+7,1.12568,673531,46.9091,578.365,4573.5,1028.85,1.02797e+6,20.268,21654.8,1094.2,4024.54,9578.88,1.01889e+7,1.12571,673531
2,102,23.8788,28.78,1728.18,546.214,545739,4.28161e-8,18009.9,784.865,3161.01,8944.28,9.69347e+6,2.37746e-9,795014,36.1332,28.8575,1785.71,541.23,540787,4.28382e-8,19031.4,695.71,2936.23,8037.71,8.7002e+6,2.37873e-9,795014,46.4995,28.9047,1668.82,514.149,513752,4.28638e-8,19661.2,632.084,2636.5,7316.22,7.91678e+6,2.38018e-9,795014
3,102,23.7753,1.45905,614.111,201.753,201580,1.25915e-16,16381.8,507.155,2239.59,6383.69,6.88267e+6,6.99033e-18,916496,35.9873,1.47372,646.86,203.544,203382,1.26358e-16,17587.5,450.046,2061.67,5664.15,6.10687e+6,7.01503e-18,916496,46.3315,1.4813,581.435,186.466,186328,1.25824e-16,18376.6,399.185,1795.78,4986.6,5.37922e+6,6.98547e-18,916496
4,102,23.7375,0.0821572,232.745,74.6241,74560.4,3.72159e-25,15306.1,337.353,1621.69,4612.79,4.94513e+6,2.06571e-26,1.03798e+6,35.9331,0.0870912,249.719,76.7108,76649.9,3.77788e-25,16629.1,300.91,1489.22,4070.58,4.36706e+6,2.09699e-26,1.03798e+6,46.2713,0.0888409,216.276,67.6653,67615.1,3.74557e-25,17540.8,261.758,1265.87,3487.6,3.74555e+6,2.07908e-26,1.03798e+6
6,102,23.718,0.00171564,30.6764,10.2886,10279.9,6.38171e-39,14085.8,150.794,728.701,2185.8,2.33426e+6,3.54183e-40,799085,35.9044,0.00247441,34.2067,10.981,10972.3,-1.92525e-35,15529,136.959,675.428,1938.7,2.07359e+6,-1.06859e-36,799085,46.2409,0.00253556,27.401,8.97858,8971.95,-2.99238e-35,16602.9,115.429,549.899,1588.42,1.70215e+6,-1.66094e-36,799085
9,102,23.7154,4.985e-5,0.739524,0.289726,289.486,4.59575e-46,13507.8,29.3772,125.582,410.717,439654,2.5512e-47,440747,35.9004,7.91401e-5,0.883868,0.330043,329.792,4.52084e-42,14994.8,27.6598,120.366,375.514,402771,2.5091e-43,440747,46.237,7.15863e-5,0.613272,0.235955,235.79,6.9307e-43,16164,22.1037,91.9428,288.72,310513,3.84452e-44,440747
14,102,23.7153,5.58189e-8,0.000786343,0.000310329,0.310075,-9.15573e-62,13408.9,1.04931,4.53062,14.7201,15753.6,-5.08167e-63,502770,35.9003,1.00257e-7,0.00106629,0.000400782,0.400482,-3.39067e-57,14899.6,1.05511,4.63413,14.3601,15399.8,-1.88172e-58,502770,46.2369,7.01014e-8,0.000568176,0.0002204,0.22025,1.48899e-58,16090.5,0.762665,3.19908,9.9685,10720.4,8.25997e-60,502770
20,102,23.7153,2.01927e-11,3.07882e-7,1.16817e-7,0.00011672,6.5364e-73,13405.1,0.0238267,0.106516,0.340388,363.851,3.63376e-74,577199,35.9003,4.20411e-11,4.8276e-7,1.74664e-7,0.000174532,-9.76542e-72,14895.7,0.0258816,0.117634,0.358622,384.119,-5.40979e-73,577199,46.2369,2.16059e-11,1.90114e-7,7.07939e-8,7.07447e-5,-7.53463e-70,16087.8,0.0166596,0.0723766,0.221781,238.202,-4.18026e-71,577199
0,103,7500,0,0,0,0,6.555e+9,22727.3,0,0,0,0,3.97273e+8,387296,7500,0,0,0,0,6.555e+9,22727.3,0,0,0,0,3.97273e+8,387296,7500,0,0,0,0,6.555e+9,22727.3,0,0,0,0,3.97273e+8,387296
1,103,4636.45,164.966,967.558,236.947,237163,13.5112,22060.6,44.3258,227.158,681.248,686707,0.818841,330600,4531.75,170.843,994.805,236.192,236419,13.5112,22029.4,46.4032,235.971,681.433,687185,0.818839,330600,4701.95,161.265,969.83,227.753,227952,13.5115,22080.5,42.7278,225.867,646.494,651485,0.818856,330600
2,103,4635.33,8.49482,232.225,90.4686,90682,2.63319e-8,22044.9,6.22559,62.2424,280.235,284275,1.59579e-9,273903,4530.61,8.7917,236.08,89.4258,89645,2.63306e-8,22013,6.49373,64.022,278.106,282327,1.5957e-9,273903,4700.88,8.29989,241.212,89.2601,89462.7,2.63494e-8,22065.9,5.88433,63.4765,271.561,275323,1.59685e-9,273903
3,103,4635.01,0.495786,43.2835,20.2803,20347.9,8.54343e-14,22039.8,1.48993,14.6666,73.9449,75264.9,5.17757e-15,217207,4530.28,0.510971,43.4162,19.8336,19902.3,9.64801e-14,22007.8,1.54111,14.9316,72.7085,74076.4,5.84697e-15,217207,4700.56,0.485449,46.881,20.6929,20758.9,-7.24691e-15,22061.1,1.41929,15.2941,73.1987,74451.5,-4.39186e-16,217207
4,103,4634.94,0.0390371,7.24161,3.75193,3766.89,1.10873e-18,22038.5,0.360919,3.29133,17.3631,17701.6,6.71922e-20,160511,4530.22,0.0397035,7.15672,3.62329,3638.32,-1.88546e-19,22006.5,0.369838,3.31649,16.9057,17253.4,-1.14264e-20,160511,4700.49,0.0389318,8.21055,3.98189,3996.98,-9.39775e-20,22059.9,0.350062,3.50287,17.5423,17869.9,-5.69531e-21,160511
6,103,4634.93,0.000629098,0.184764,0.102177,102.653,-9.436e-25,22038.2,0.0186537,0.162067,0.866436,884.193,-5.71849e-26,160173,4530.2,0.000614606,0.176989,0.0958584,96.3245,1.0775e-25,22006.1,0.0187449,0.160072,0.826936,844.823,6.52993e-27,160173,4700.48,0.000687298,0.230418,0.118538,119.057,8.30508e-26,22059.5,0.0187968,0.179136,0.909716,927.573,5.03314e-27,160173
9,103,4634.92,2.43625e-6,0.000747017,0.000416463,0.418474,-6.06358e-32,22038.2,0.000206801,0.00179423,0.00958891,9.78591,-3.67471e-33,159666,4530.2,2.26424e-6,0.000682604,0.000372903,0.374786,4.56927e-33,22006.1,0.00020174,0.00172037,0.00888415,9.0768,2.7691e-34,159666,4700.48,3.0811e-6,0.00107559,0.000557046,0.559561,1.60248e-33,22059.5,0.000220413,0.00209724,0.0106476,10.8571,9.71154e-35,159666
14,103,4634.92,2.40013e-10,7.0663e-8,4.03134e-8,4.05129e-5,-1.19165e-44,22038.2,1.09656e-7,9.2767e-7,5.02485e-6,0.00512937,-7.22078e-46,134169,4530.2,2.06171e-10,5.96341e-8,3.33549e-8,3.35275e-5,-2.68553e-45,22006.1,1.01804e-7,8.46304e-7,4.43012e-6,0.00452739,-1.62752e-46,134169,4700.48,3.85708e-10,1.29547e-7,6.85667e-8,6.88834e-5,-2.4272e-45,22059.5,1.28282e-7,1.19043e-6,6.12485e-6,0.00624688,-1.47089e-46,134169
20,103,4634.92,3.11935e-15,8.58507e-13,5.06663e-13,5.09272e-10,2.44867e-53,22038.2,1.12052e-11,9.14885e-11,5.04359e-10,5.15048e-7,1.48374e-54,103572,4530.2,2.48921e-15,6.72807e-13,3.89351e-13,3.91448e-10,-6.08647e-53,22006.1,9.8496e-12,7.90109e-11,4.20974e-10,4.30393e-7,-3.6885e-54,103572,4700.48,6.67878e-15,2.10546e-12,1.15041e-12,1.15593e-9,-2.10242e-53,22059.5,1.46393e-11,1.3113e-10,6.86612e-10,7.0055e-7,-1.27405e-54,103572
0,104,11250,0,0,0,0,9.8325e+9,31250,0,0,0,0,5.4625e+8,207751,11250,0,0,0,0,9.8325e+9,31250,0,0,0,0,5.4625e+8,207751,11250,0,0,0,0,9.8325e+9,31250,0,0,0,0,5.4625e+8,207751
1,104,4373.46,389.772,2728.13,634.497,635323,20.2671,29588.8,121.926,665.313,1862.95,1.88965e+6,1.12589,201261,4102.22,404.212,2905.11,648.566,649407,20.2687,29477.1,130.998,727.105,1939.47,1.96904e+6,1.12598,201261,3820.31,419.101,2959.1,665.077,665941,20.2668,29351.4,141.819,764.12,2045.34,2.07882e+6,1.12587,201261
2,104,4369.47,20.4525,859.173,292.824,293649,4.33994e-8,29506.2,28.4153,255.193,972.497,995269,2.41085e-9,194770,4098.1,21.2139,946.574,307.084,307939,4.34854e-8,29384.6,31.7041,288.816,1040.54,1.06623e+6,2.41561e-9,194770,3816.14,21.9641,938.014,308.185,309050,4.33357e-8,29248,35.1063,299.586,1083.1,1.1118e+6,2.40727e-9,194770
3,104,4368.03,1.36377,230.322,87.2111,87524.7,1.04337e-16,29470.7,10.3844,92.121,367.455,377230,5.79573e-18,188279,4096.56,1.42675,263.779,94.5773,94910.8,8.67891e-17,29343.7,12.0112,108.146,406.795,418141,4.82087e-18,188279,3814.61,1.45804,253.455,92.3983,92728.4,1.35571e-17,29202.9,13.2384,111.147,419.139,431682,7.52942e-19,188279
4,104,4367.62,0.163075,59.8331,23.3641,23455.7,-1.30619e-24,29457.6,3.79814,33.2578,133.444,137094,-7.25548e-26,181788,4096.11,0.176898,71.3561,26.3202,26421,2.20812e-25,29328,4.5516,40.4885,153.136,157518,1.22651e-26,181788,3814.18,0.173743,66.3918,24.9465,25043.6,-8.69194e-26,29185.8,4.97368,41.2582,156.399,161198,-4.82731e-27,181788
6,104,4367.48,0.00833689,4.37992,1.65894,1665.49,8.18863e-32,29451.1,0.512511,4.71059,18.3576,18851.2,4.5485e-33,290433,4095.95,0.00993328,5.65494,2.02439,2032.16,8.83256e-34,29319.9,0.659852,6.15198,22.6247,23261.2,4.90595e-35,290433,3814.03,0.00898902,4.9406,1.80073,1807.79,4.45264e-34,29177,0.709093,6.17056,22.7337,23419.4,2.47294e-35,290433
9,104,4367.47,0.000197158,0.121979,0.0428637,43.0178,-1.0253e-40,29450.1,0.0323125,0.327804,1.21745,1248.51,-5.69508e-42,453402,4095.94,0.000264436,0.175739,0.0585788,58.7844,-7.94422e-40,29318.5,0.0461231,0.472822,1.66029,1704.71,-4.41251e-41,453402,3814.02,0.000217856,0.140832,0.0476533,47.8233,2.44622e-40,29175.5,0.0484533,0.464085,1.63182,1678.59,1.35859e-41,453402
14,104,4367.47,5.59829e-7,0.000324015,0.000118929,0.119369,4.26214e-50,29450,0.000400022,0.00382953,0.0147201,15.105,2.36734e-51,309452,4095.94,8.98782e-7,0.000559914,0.000194612,0.195315,2.01154e-48,29318.4,0.000673512,0.00652841,0.0236948,24.344,1.11731e-49,309452,3814.02,6.42769e-7,0.000388838,0.000137388,0.137892,-1.6351e-49,29175.4,0.00068158,0.00616664,0.0224241,23.0826,-9.0809e-51,309452
20,104,4367.47,2.42187e-10,1.17624e-7,4.71774e-8,4.73722e-5,-6.23183e-62,29450,1.14726e-6,9.81091e-6,3.9887e-5,0.0409932,-3.4637e-63,136712,4095.94,4.90527e-10,2.58631e-7,9.7801e-8,9.81933e-5,8.92561e-59,29318.4,2.38381e-6,2.07298e-5,7.94051e-5,0.0817071,4.95766e-60,136712,3814.02,2.91833e-10,1.48369e-7,5.72401e-8,5.74744e-5,-2.01753e-60,29175.4,2.29465e-6,1.86048e-5,7.14359e-5,0.0736568,-1.12031e-61,136712
0,105,11250,0,0,0,0,9.8325e+9,31250,0,0,0,0,5.4625e+8,149358,11250,0,0,0,0,9.8325e+9,31250,0,0,0,0,5.4625e+8,149358,11250,0,0,0,0,9.8325e+9,31250,0,0,0,0,5.4625e+8,149358
1,105,7174.07,235.064,1368.98,334.4,334682,20.2666,30464.8,51.3177,265.857,797.805,803201,1.1259,171010,6714.6,260.919,1490.72,354.588,354938,20.2666,30349.5,59.3642,298.807,865.423,872263,1.12589,171010,6925.89,249.047,1457.85,343.941,344257,20.2682,30403.6,55.516,287.775,828.018,834103,1.12598,171010
2,105,7172.53,12.0928,349.087,131.547,131836,4.38217e-8,30448.8,6.65054,75.8637,334.881,338946,2.43444e-9,192663,6712.86,13.4279,369.586,136.518,136854,4.37649e-8,30329.8,7.98124,83.9166,357.862,362908,2.43127e-9,192663,6924.24,12.8174,373.831,135.816,136130,4.39508e-8,30385.8,7.35434,82.8595,349.623,354203,2.4416e-9,192663
3,105,7172.06,0.709624,75.2675,32.2988,32394.8,-1.21949e-14,30443.5,1.59288,19.7887,94.4806,95865.7,-6.77465e-16,214315,6712.34,0.786448,77.2184,32.6436,32752.3,-1.22556e-14,30323.3,1.92571,21.6535,99.7431,101439,-6.80834e-16,214315,6923.73,0.754112,81.134,33.5263,33631.1,-1.1244e-14,30379.7,1.79168,21.8583,99.5592,101129,-6.24638e-16,214315
4,105,7171.95,0.0596353,15.9708,7.08008,7103.67,-1.38209e-22,30442,0.419325,5.24753,25.1794,25567.5,-7.67796e-24,235968,6712.22,0.0650437,15.8557,6.94259,6968.55,-3.40008e-22,30321.6,0.503425,5.69162,26.3235,26793.7,-1.88883e-23,235968,6923.62,0.0639099,17.3356,7.39586,7421.68,-7.10317e-20,30378.1,0.47741,5.86449,26.8282,27272.3,-3.94605e-21,235968
6,105,7171.92,0.00150532,0.683438,0.313562,314.68,-2.10364e-29,30441.5,0.0293685,0.358314,1.74966,1777.24,-1.16863e-30,185340,6712.19,0.00152567,0.63388,0.287941,289.098,-1.88093e-28,30321,0.0346442,0.381749,1.79676,1829.56,-1.0449e-29,185340,6923.59,0.00164901,0.752555,0.332117,333.356,3.41807e-28,30377.5,0.0342202,0.40995,1.90799,1940.25,1.89885e-29,185340
9,105,7171.92,1.15821e-5,0.00489877,0.00238628,2.39545,4.39147e-37,30441.5,0.000479622,0.00541641,0.0275049,27.9566,2.43957e-38,109398,6712.19,1.05588e-5,0.00408058,0.00197393,1.98249,1.85929e-37,30321,0.000550836,0.00561675,0.0274939,28.0167,1.03237e-38,109398,6923.58,1.29795e-5,0.00551494,0.00258282,2.59319,-4.50562e-36,30377.5,0.000578805,0.00642415,0.0310775,31.6247,-2.50299e-37,109398
14,105,7171.92,2.56717e-9,1.021e-6,5.09652e-7,0.000511707,1.87696e-56,30441.5,3.85769e-7,4.22691e-6,2.17068e-5,0.0220705,1.0427e-57,97212.5,6712.19,1.95362e-9,7.07068e-7,3.5106e-7,0.00035266,-2.50668e-57,30321,4.24349e-7,4.19982e-6,2.07853e-5,0.0211884,-1.39188e-58,97212.5,6923.58,2.9848e-9,1.19331e-6,5.72539e-7,0.000574948,-4.45253e-55,30377.5,4.94471e-7,5.32782e-6,2.60593e-5,0.0265272,-2.4735e-56,97212.5
20,105,7171.92,9.26974e-14,3.59256e-11,1.81654e-11,1.82398e-8,2.1894e-73,30441.5,6.86395e-11,7.40204e-10,3.83141e-9,3.89615e-6,1.21625e-74,82590,6712.19,5.63021e-14,1.98282e-11,9.97928e-12,1.00255e-8,-4.39693e-76,30321,7.16711e-11,6.98119e-10,3.48245e-9,3.55057e-6,-2.44144e-77,82590,6923.58,1.12708e-13,4.39183e-11,2.13425e-11,2.14338e-8,2.53621e-71,30377.5,9.46416e-11,1.00383e-9,4.94835e-9,5.03795e-6,1.40891e-72,82590
0,106,11250,0,0,0,0,9.8325e+9,31250,0,0,0,0,5.4625e+8,371857,11250,0,0,0,0,9.8325e+9,31250,0,0,0,0,5.4625e+8,371857,11250,0,0,0,0,9.8325e+9,31250,0,0,0,0,5.4625e+8,371857
1,106,1961.88,512.665,3721.52,867.271,868066,20.2676,28156.6,260.275,1258.18,3419.68,3.50803e+6,1.12587,346086,1534.19,532.308,3874.34,875.388,876013,20.2682,27726.4,302.894,1429.08,3714.4,3.82274e+6,1.12589,346086,2244.29,499.115,3611.67,813,813831,20.2671,28404.4,232.151,1157.36,3039.02,3.11198e+6,1.12585,346086
2,106,1957.37,26.7107,1178.69,401.279,402146,4.31326e-8,27882.1,88.6199,550.327,1947.32,2.02553e+6,2.39581e-9,320316,1530.13,27.5664,1220.73,402.952,403687,4.31303e-8,27390.7,107.765,635.769,2136.08,2.23212e+6,2.39562e-9,320316,2239.82,26.0252,1144.19,376.517,377396,4.31613e-8,28178.7,73.53,491.773,1697.65,1.76165e+6,2.39744e-9,320316
3,106,1955.73,1.72185,313.986,119.429,119765,5.56336e-17,27751,38.668,231.68,846.029,883395,3.08982e-18,294545,1528.67,1.72244,323.464,119.359,119646,8.76625e-17,27228.4,47.9554,273.286,945.565,992054,4.86858e-18,294545,2238.2,1.68425,304.734,112.057,112396,5.53938e-17,28073.4,30.9589,199.729,714.084,743911,3.07658e-18,294545
4,106,1955.27,0.192754,79.6971,31.5585,31656.4,1.0593e-25,27695.3,16.3857,96.4596,355.252,371246,5.88284e-27,268775,1528.26,0.180819,81.6407,31.3754,31459.3,2.62598e-25,27158.1,20.7162,116.138,405.202,425469,1.45834e-26,268775,2237.74,0.189923,77.3241,29.6031,29701.9,1.54268e-25,28030.1,12.6775,80.2169,289.401,301757,8.56781e-27,268775
6,106,1955.12,0.00867525,4.86329,1.97596,1982.5,-1.18602e-33,27662.5,2.81015,16.2764,60.4016,63148.5,-6.58659e-35,247038,1528.13,0.00765515,4.92368,1.94225,1947.79,-1.03447e-33,27115.7,3.69735,20.4086,71.7454,75367.2,-5.74476e-35,247038,2237.59,0.00858986,4.71488,1.85221,1858.79,-1.02813e-36,28005.8,2.02558,12.596,45.7998,47777.5,-5.70235e-38,247038
9,106,1955.11,0.000123849,0.0677129,0.0280741,28.1698,3.37599e-46,27656.3,0.188509,1.07076,4.01234,4196.65,1.87487e-47,214433,1528.12,0.000107024,0.0673167,0.0271036,27.1834,1.60679e-46,27107.4,0.263494,1.42693,5.06441,5322.57,8.92287e-48,214433,2237.58,0.000122523,0.0655615,0.026283,26.3791,3.20214e-49,28001.6,0.121987,0.743328,2.73011,2849.24,1.77602e-50,214433
14,106,1955.11,8.7479e-8,4.50486e-5,1.92419e-5,0.0193101,-2.53869e-56,27655.9,0.0018303,0.0100982,0.0383788,40.1689,-1.4074e-57,168246,1528.12,7.32867e-8,4.33897e-5,1.80041e-5,0.0180593,5.13255e-55,27106.7,0.00283228,0.0149062,0.0536421,56.4179,2.85023e-56,168246,2237.58,8.63325e-8,4.35049e-5,1.79691e-5,0.0180374,-1.97531e-57,28001.3,0.000986957,0.00583482,0.0217477,22.712,-1.09556e-58,168246
20,106,1955.11,1.06968e-11,5.11309e-9,2.26717e-9,2.27559e-6,-5.90689e-65,27655.9,5.74475e-6,3.05878e-5,0.000118291,0.123912,-3.27453e-66,112821,1528.12,8.61628e-12,4.73113e-9,2.0388e-9,2.04537e-6,-3.26214e-64,27106.7,1.00562e-5,5.11096e-5,0.000187086,0.196945,-1.81163e-65,112821,2237.58,1.0516e-11,4.91795e-9,2.10886e-9,2.11726e-6,-5.3388e-66,28001.3,2.47909e-6,1.41244e-5,5.3607e-5,0.05603,-2.96077e-67,112821
0,201,11250,0,0,0,0,9.8325e+9,31250,0,0,0,0,5.4625e+8,146812,11250,0,0,0,0,9.8325e+9,31250,0,0,0,0,5.4625e+8,146812,11250,0,0,0,0,9.8325e+9,31250,0,0,0,0,5.4625e+8,146812
1,201,9498.86,101.989,590.028,144.165,144153,20.2676,30955.6,18.0158,99.4887,302.574,303171,1.12597,134313,9338.53,111.256,629.956,149.885,149884,20.2675,30926.1,19.8627,107.133,315.126,315846,1.12596,134313,9302.99,113.311,652.524,154.423,154425,20.2672,30919.4,20.2976,111.179,325.237,325998,1.12595,134313
2,201,9498.53,5.16089,145.973,56.0016,56035.2,4.44876e-8,30953.4,1.47404,25.7453,120.545,121046,2.4715e-9,121815,9338.16,5.63136,151.212,56.9369,56979.5,4.4454e-8,30923.5,1.64106,26.9855,122.964,123544,2.46963e-9,121815,9302.6,5.73907,160.299,59.6613,59706.9,4.44126e-8,30916.7,1.7048,28.6721,129.129,129748,2.46732e-9,121815
3,201,9498.43,0.279198,29.369,13.1605,13174,-1.44471e-15,30952.6,0.234706,5.62585,29.9792,30141.3,-8.02604e-17,109316,9338.05,0.304423,29.3793,13.0048,13020.8,-1.93931e-16,30922.7,0.259916,5.73308,29.8393,30022.5,-1.07738e-17,109316,9302.48,0.311702,31.9934,13.9276,13944.9,-1.34437e-15,30915.8,0.278441,6.25637,32.0432,32241.7,-7.46858e-17,109316
4,201,9498.41,0.0186123,5.59269,2.66387,2667.24,-7.31041e-21,30952.5,0.0484877,1.19046,6.61058,6650.3,-4.06128e-22,96817.8,9338.03,0.0200946,5.38924,2.54644,2550.27,-1.10316e-21,30922.5,0.0525663,1.17963,6.40767,6451.46,-6.12855e-23,96817.8,9302.46,0.0209784,6.04047,2.79763,2801.84,-6.32728e-21,30915.6,0.0579596,1.3235,7.05881,7107.29,-3.5151e-22,96817.8
6,201,9498.41,0.000263122,0.18701,0.0938386,93.9765,1.29775e-27,30952.4,0.00216206,0.0505182,0.289967,291.831,7.20959e-29,58139,9338.02,0.00026307,0.166621,0.0832927,83.4383,2.55901e-28,30922.5,0.00222371,0.0473416,0.266087,268.037,1.42165e-29,58139,9302.45,0.00029973,0.198384,0.0968858,97.0537,1.23648e-27,30915.6,0.00258915,0.0561883,0.309599,311.87,6.86919e-29,58139
9,201,9498.41,1.34003e-6,0.000959451,0.000508899,0.509725,6.69645e-35,30952.4,1.77742e-5,0.000382481,0.00228808,2.30355,3.72019e-36,120.782,9338.02,1.18069e-6,0.000756137,0.000400953,0.401727,1.06191e-36,30922.5,1.68379e-5,0.000329394,0.00193162,1.94651,5.89932e-38,120.782,9302.45,1.49153e-6,0.000989365,0.00051117,0.512144,6.12146e-35,30915.6,2.13064e-5,0.000426007,0.00244579,2.46462,3.40076e-36,120.782
14,201,9498.41,1.7945e-10,1.23202e-7,6.63418e-8,6.64547e-5,2.54433e-45,30952.4,4.67168e-9,9.79793e-8,5.90683e-7,0.000594759,1.41349e-46,74.9857,9338.02,1.28774e-10,7.88007e-8,4.24814e-8,4.25676e-5,2.65053e-47,30922.5,3.85103e-9,7.3378e-8,4.33676e-7,0.00043709,1.47246e-48,74.9857,9302.45,1.90486e-10,1.21041e-7,6.35097e-8,6.36365e-5,1.16782e-44,30915.6,5.61922e-9,1.09556e-7,6.33724e-7,0.000638704,6.48778e-46,74.9857
20,201,9498.41,4.06539e-15,2.78998e-12,1.50247e-12,1.50503e-9,8.83154e-53,30952.4,2.36134e-13,4.95203e-12,2.9855e-11,3.00611e-8,4.90629e-54,20.0305,9338.02,2.46321e-15,1.5066e-12,8.1228e-13,8.13928e-10,-9.05271e-55,30922.5,1.72718e-13,3.29076e-12,1.94495e-11,1.96026e-8,-5.02911e-56,20.0305,9302.45,2.70248e-15,1.71646e-12,9.007e-13,9.02499e-10,-6.35423e-52,30915.6,2.41501e-13,4.70807e-12,2.72346e-11,2.74486e-8,-3.5301e-53,20.0305
0,202,11250,0,0,0,0,9.8325e+9,31250,0,0,0,0,5.4625e+8,172538,11250,0,0,0,0,9.8325e+9,31250,0,0,0,0,5.4625e+8,172538,11250,0,0,0,0,9.8325e+9,31250,0,0,0,0,5.4625e+8,172538
1,202,10916.4,19.5216,100.738,25.4775,25456.9,20.2669,31197.7,3.08563,15.7974,50.0494,50026.6,1.12594,172068,10903.3,20.2887,104.559,25.5793,25558.8,20.2668,31195.6,3.20879,16.4062,49.9705,49948.8,1.12593,172068,10899,20.5396,108.395,26.3157,26294.7,20.2668,31194.9,3.24981,17.0112,51.4185,51396.4,1.12593,172068
2,202,10916.4,0.974743,21.6386,8.92695,8921.07,4.47713e-8,31197.7,0.169481,3.42335,17.619,17618.6,2.48729e-9,171599,10903.2,1.01305,22.4187,8.95078,8945.01,4.47589e-8,31195.6,0.176206,3.54885,17.5681,17568.3,2.4866e-9,171599,10898.9,1.02571,23.9979,9.42371,9417.64,4.47565e-8,31194.9,0.179187,3.79943,18.5003,18500.7,2.48647e-9,171599
3,202,10916.4,0.0492013,3.73494,1.84835,1847.33,1.26983e-13,31197.6,0.0122517,0.601438,3.68902,3689.99,7.05461e-15,171130,10903.2,0.0511357,3.86148,1.85021,1849.21,1.27249e-13,31195.5,0.0127232,0.622193,3.67222,3673.38,7.06937e-15,171130,10898.9,0.051825,4.28983,2.0062,2005.11,5.09667e-13,31194.9,0.0132085,0.691102,3.9826,3983.84,2.83148e-14,171130
4,202,10916.4,0.002574,0.61065,0.325362,325.202,5.69981e-20,31197.6,0.00132707,0.10077,0.661325,661.613,3.16655e-21,170660,10903.2,0.00267511,0.629916,0.325054,324.901,5.92834e-20,31195.5,0.0013749,0.104016,0.657036,657.36,3.29351e-21,170660,10898.9,0.00272499,0.728336,0.364882,364.708,-1.72369e-18,31194.9,0.00148867,0.120158,0.737499,737.852,-9.57604e-20,170660
6,202,10916.4,1.07791e-5,0.0144447,0.00839087,8.38728,7.1966e-26,31197.6,2.97085e-5,0.00253154,0.0179593,17.9701,3.9981e-27,102410,10903.2,1.1182e-5,0.0148261,0.00834514,8.34177,7.80891e-26,31195.5,3.06218e-5,0.00260045,0.0177638,17.7757,4.33827e-27,102410,10898.9,1.22062e-5,0.0186682,0.0101341,10.1299,-9.32623e-25,31194.9,3.62749e-5,0.00326262,0.0215359,21.5496,-5.18123e-26,102410
9,202,10916.4,1.66434e-8,3.71386e-5,2.45063e-5,0.0244977,-1.84626e-42,31197.6,1.04248e-7,7.27607e-6,5.79719e-5,0.0580179,-1.0257e-43,35.6128,10903.2,1.71092e-8,3.77873e-5,2.41786e-5,0.0241707,-1.29536e-42,31195.5,1.06661e-7,7.41202e-6,5.68997e-5,0.0569492,-7.19641e-44,35.6128,10898.9,2.27329e-8,5.45795e-5,3.3411e-5,0.0333995,-1.51683e-39,31194.9,1.42771e-7,1.05992e-5,7.8118e-5,0.0781824,-8.42561e-41,35.6128
14,202,10916.4,6.1916e-13,1.266e-9,8.7509e-10,8.74833e-7,5.68253e-53,31197.6,4.95395e-12,3.10922e-10,2.56759e-9,2.56997e-6,3.15695e-54,29.3389,10903.2,6.26929e-13,1.26795e-9,8.50228e-10,8.50004e-7,6.54552e-53,31195.5,4.9985e-12,3.12107e-10,2.48397e-9,2.48648e-6,3.63639e-54,29.3389,10898.9,1.05331e-12,2.32091e-9,1.48171e-9,1.48128e-6,4.77936e-50,31194.9,8.27567e-12,5.56802e-10,4.24202e-9,4.24605e-6,2.65481e-51,29.3389
20,202,10916.4,7.97151e-18,1.62522e-14,1.12382e-14,1.12349e-11,-3.93838e-63,31197.6,8.21059e-17,5.14705e-15,4.25023e-14,4.25418e-11,-2.18798e-64,21.8104,10903.2,1.13513e-17,2.28938e-14,1.53573e-14,1.53532e-11,-5.81518e-63,31195.5,1.125e-16,7.01631e-15,5.58384e-14,5.58949e-11,-3.23064e-64,21.8104,10898.9,-4.40307e-16,-9.69301e-13,-6.1891e-13,-6.18731e-10,-2.49507e-57,31194.9,-3.57746e-15,-2.40581e-13,-1.83292e-12,-1.83466e-9,-1.38594e-58,21.8104
0,203,11250,0,0,0,0,9.8325e+9,31250,0,0,0,0,5.4625e+8,88608.1,11250,0,0,0,0,9.8325e+9,31250,0,0,0,0,5.4625e+8,88608.1,11250,0,0,0,0,9.8325e+9,31250,0,0,0,0,5.4625e+8,88608.1
1,203,10600,37.9989,190.874,48.6623,48631.5,20.2684,31146.6,6.14586,30.404,96.9616,96969.2,1.12602,103548,10619.9,36.8333,190.959,46.5946,46564.5,20.2677,31149.9,5.94628,30.3826,92.1857,92189.3,1.12598,103548,10591.6,38.4859,198.223,48.4704,48439.9,20.2681,31145.2,6.22565,31.583,96.0203,96028.7,1.126,103548
2,203,10599.9,1.90205,40.1163,16.7233,16717.6,4.48676e-8,31146.4,0.365995,6.50317,33.6328,33664.4,2.49263e-9,118487,10619.9,1.84348,41.8622,16.5079,16501.8,4.47872e-8,31149.7,0.352346,6.76797,32.9422,32970.3,2.48816e-9,118487,10591.6,1.92654,43.0727,17.0624,17056.7,4.48412e-8,31145,0.371072,6.97919,34.1066,34138.7,2.49116e-9,118487
3,203,10599.9,0.0970926,6.86361,3.41727,3416.8,1.86993e-13,31146.3,0.032553,1.15222,7.02627,7036.81,1.03885e-14,133427,10619.9,0.0941285,7.51804,3.50603,3505.39,1.95667e-13,31149.6,0.0314405,1.25414,7.13929,7149.07,1.08703e-14,133427,10591.5,0.0984362,7.6576,3.59454,3594.03,1.68404e-13,31144.9,0.0334639,1.28242,7.33931,7350.24,9.35574e-15,133427
4,203,10599.9,0.00527444,1.13077,0.600067,600.053,-7e-19,31146.3,0.00433724,0.19904,1.2789,1281.21,-3.88887e-20,148366,10619.9,0.00513677,1.30447,0.6442,644.149,-8.15192e-19,31149.6,0.00430623,0.226914,1.3549,1357.13,-4.52883e-20,148366,10591.5,0.00538001,1.31444,0.654229,654.207,-6.95978e-19,31144.9,0.0046001,0.230085,1.38206,1384.52,-3.86653e-20,148366
6,203,10599.9,2.89058e-5,0.027958,0.0159231,15.9244,5.86068e-27,31146.3,0.000116613,0.00550679,0.0374632,37.5404,3.25592e-28,89059,10619.9,3.04059e-5,0.0359924,0.0189363,18.9365,-7.84116e-25,31149.6,0.000126262,0.006905,0.0434622,43.5431,-4.35618e-26,89059,10591.5,3.17967e-5,0.0354506,0.0188253,18.8265,-7.22376e-25,31144.9,0.000133364,0.00688312,0.0436105,43.6983,-4.01318e-26,89059
9,203,10599.9,6.30499e-8,8.06168e-5,5.10672e-5,0.0510777,-1.83583e-34,31146.3,4.83725e-7,1.93752e-5,0.000144277,0.144615,-1.0199e-35,98.091,10619.9,8.126e-8,0.000123603,7.17281e-5,0.0717361,5.65478e-33,31149.6,6.01664e-7,2.8144e-5,0.000192983,0.193391,3.14153e-34,98.091,10591.5,8.23117e-8,0.000117394,6.8877e-5,0.0688889,1.33762e-32,31144.9,6.20184e-7,2.73343e-5,0.000188799,0.18923,7.43117e-34,98.091
14,203,10599.9,2.9749e-12,3.50316e-9,2.30159e-9,2.30226e-6,-7.22751e-45,31146.3,3.32399e-11,1.23674e-9,9.43075e-9,9.45453e-6,-4.01527e-46,73.7507,10619.9,5.13659e-12,7.24619e-9,4.34161e-9,4.3424e-6,-1.14192e-45,31149.6,5.24689e-11,2.29108e-9,1.60657e-8,1.6102e-5,-6.34397e-47,73.7507,10591.5,4.8979e-12,6.46587e-9,3.92032e-9,3.92129e-6,-3.34144e-44,31144.9,5.18762e-11,2.13323e-9,1.50692e-8,1.51059e-5,-1.85634e-45,73.7507
20,203,10599.9,-9.65506e-17,-1.13524e-13,-7.45971e-14,-7.46189e-11,5.30097e-54,31146.3,-1.20005e-15,-4.4639e-14,-3.40352e-13,-3.4121e-10,2.94497e-55,44.5424,10619.9,-3.8718e-16,-5.4574e-13,-3.26999e-13,-3.27059e-10,-4.56924e-52,31149.6,-4.17142e-15,-1.82115e-13,-1.27692e-12,-1.27981e-9,-2.53844e-53,44.5424,10591.5,-1.90564e-17,-2.4894e-14,-1.51091e-14,-1.51131e-11,1.18765e-50,31144.9,-2.84231e-16,-1.16691e-14,-8.23863e-14,-8.25879e-11,6.59801e-52,44.5424
0,204,11250,0,0,0,0,9.8325e+9,31250,0,0,0,0,5.4625e+8,134505,11250,0,0,0,0,9.8325e+9,31250,0,0,0,0,5.4625e+8,134505,11250,0,0,0,0,9.8325e+9,31250,0,0,0,0,5.4625e+8,134505
1,204,10726,30.6455,164.889,41.1784,41149.4,20.2668,31167.1,4.91326,26.0985,81.5814,81569.6,1.12593,123264,10711.1,31.5124,166.486,40.4383,40410.2,20.2667,31164.7,5.05437,26.3688,79.6768,79667.4,1.12592,123264,10688.5,32.8336,178.353,42.9357,42906.3,20.2668,31161.1,5.27604,28.2789,84.6824,84675.3,1.12593,123264
2,204,10725.9,1.533,37.0875,14.9449,14937.8,4.47056e-8,31167,0.286523,5.95053,29.8269,29842.4,2.48364e-9,112022,10711.1,1.57614,36.5227,14.4137,14407.2,4.46926e-8,31164.6,0.293281,5.86399,28.608,28624.5,2.48291e-9,112022,10688.4,1.64282,40.6361,15.728,15721.1,4.46963e-8,31160.9,0.309639,6.53351,31.2563,31275.8,2.48311e-9,112022
3,204,10725.9,0.0781157,6.68022,3.21352,3212.49,1.97132e-13,31166.9,0.0247613,1.10088,6.52497,6531.18,1.09517e-14,100781,10711.1,0.0802234,6.38991,3.02858,3027.69,1.82502e-13,31164.5,0.0248178,1.05412,6.11548,6121.81,1.0139e-14,100781,10688.4,0.0838232,7.42998,3.42256,3421.6,2.39756e-13,31160.8,0.0273084,1.2276,6.92275,6930.24,1.33197e-14,100781
4,204,10725.9,0.00423337,1.13028,0.586212,586.078,-8.2964e-19,31166.9,0.00329639,0.193196,1.2237,1225.17,-4.60909e-20,89539.4,10711.1,0.00432214,1.04766,0.537667,537.563,-7.35021e-19,31164.5,0.00319403,0.179408,1.11644,1117.9,-4.08344e-20,89539.4,10688.4,0.00456873,1.27763,0.633173,633.057,-1.02315e-18,31160.8,0.00372979,0.219045,1.31736,1319.13,-5.68415e-20,89539.4
6,204,10725.9,2.34714e-5,0.0296088,0.0163887,16.3864,-1.13958e-25,31166.9,9.10316e-5,0.00552672,0.0369558,37.0083,-6.33098e-27,53758.8,10711.1,2.24512e-5,0.0256784,0.0141311,14.1297,-7.87745e-25,31164.5,8.25965e-5,0.00481617,0.0317534,31.8026,-4.37634e-26,53758.8,10688.4,2.66451e-5,0.0346253,0.0182725,18.2708,-7.51566e-26,31160.8,0.000107136,0.00648654,0.0411052,41.1696,-4.17535e-27,53758.8
9,204,10725.9,5.83681e-8,0.000105036,6.19087e-5,0.061904,2.69964e-33,31166.9,4.14521e-7,2.27828e-5,0.000160849,0.161103,1.4998e-34,87.8623,10711.1,4.84192e-8,8.20502e-5,4.82621e-5,0.048261,2.59046e-32,31164.5,3.42315e-7,1.7996e-5,0.000125602,0.125818,1.43914e-33,87.8623,10688.4,7.19907e-8,0.000129493,7.26491e-5,0.0726472,1.20096e-33,31160.8,5.13629e-7,2.82001e-5,0.000188439,0.188763,6.67199e-35,87.8623
14,204,10725.9,4.20041e-12,7.297e-9,4.38185e-9,4.38167e-6,-1.47658e-42,31166.9,3.94867e-11,2.08084e-9,1.48929e-8,1.49174e-5,-8.20318e-44,62.2746,10711.1,2.91613e-12,4.77051e-9,2.86353e-9,2.86358e-6,1.54997e-43,31164.5,2.77209e-11,1.39345e-9,9.86765e-9,9.88548e-6,8.61088e-45,62.2746,10688.4,5.66792e-12,9.83682e-9,5.61858e-9,5.61863e-6,-3.02897e-43,31160.8,5.34242e-11,2.81635e-9,1.9069e-8,1.91033e-5,-1.68275e-44,62.2746
20,204,10725.9,-5.82184e-17,-1.00974e-13,-6.06414e-14,-6.06389e-11,4.20332e-49,31166.9,-5.87215e-16,-3.09298e-14,-2.21333e-13,-2.21699e-10,2.33517e-50,31.5692,10711.1,-6.92515e-17,-1.13215e-13,-6.79627e-14,-6.7964e-11,1.61999e-52,31164.5,-6.92238e-16,-3.47904e-14,-2.46355e-13,-2.46801e-10,8.99991e-54,31.5692,10688.4,2.90394e-16,5.03736e-13,2.87745e-13,2.87748e-10,-3.60163e-50,31160.8,3.25383e-15,1.71499e-13,1.1612e-12,1.16329e-9,-2.00089e-51,31.5692
0,205,11250,0,0,0,0,9.8325e+9,31250,0,0,0,0,5.4625e+8,257207,11250,0,0,0,0,9.8325e+9,31250,0,0,0,0,5.4625e+8,257207,11250,0,0,0,0,9.8325e+9,31250,0,0,0,0,5.4625e+8,257207
1,205,10838.4,24.0813,142.653,34.4974,34470.8,20.2667,31185.3,3.83091,22.4528,68.0007,67977.4,1.12593,268680,10852.1,23.2768,142.012,32.8954,32869.7,20.2667,31187.5,3.69812,22.3348,64.4052,64381.5,1.12592,268680,10829.5,24.5975,149.025,34.5972,34570.7,20.267,31183.8,3.91435,23.4637,67.8053,67782.9,1.12594,268680
2,205,10838.3,1.20406,37.3586,13.9382,13929.8,4.47172e-8,31185.1,0.219896,5.93833,27.6295,27633.2,2.48428e-9,280153,10852.1,1.1637,38.7251,13.6977,13689.1,4.47212e-8,31187.4,0.211313,6.14542,26.9576,26959.9,2.4845e-9,280153,10829.5,1.22996,40.2478,14.3026,14294,4.47527e-8,31183.7,0.225034,6.3977,28.1851,28189.3,2.48625e-9,280153
3,205,10838.3,0.0613928,8.19578,3.49166,3489.89,7.66336e-14,31185.1,0.0192578,1.32651,7.00899,7011.84,4.25741e-15,291626,10852.1,0.0593448,8.89632,3.56661,3564.7,6.39461e-14,31187.3,0.0185361,1.43481,7.09994,7102.3,3.55255e-15,291626,10829.5,0.062779,9.14537,3.68989,3688.03,6.51906e-14,31183.7,0.0200219,1.47902,7.36028,7363.34,3.62169e-15,291626
4,205,10838.3,0.00338849,1.75153,0.775153,774.795,6.2616e-19,31185.1,0.002898,0.290049,1.58574,1586.58,3.47866e-20,303099,10852.1,0.0032916,1.99557,0.827832,827.423,4.82627e-19,31187.3,0.00287091,0.328424,1.67615,1676.89,2.68126e-20,303099,10829.5,0.00349126,2.02801,0.847419,847.028,4.9291e-19,31183.7,0.00312051,0.335146,1.72122,1722.14,2.73838e-20,303099
6,205,10838.3,2.6762e-5,0.0696964,0.0332452,33.2313,-2.07259e-26,31185.1,0.000118915,0.012159,0.0713307,71.377,-1.15144e-27,181892,10852.1,2.84753e-5,0.0879935,0.0391351,39.1173,-1.96895e-26,31187.3,0.000128883,0.0151572,0.0826446,82.6896,-1.09386e-27,181892,10829.5,3.02532e-5,0.0872701,0.0391447,39.1283,-7.34488e-27,31183.7,0.000138111,0.0151442,0.0831681,83.2217,-4.08048e-28,181892
9,205,10838.3,1.24497e-7,0.000326199,0.000183023,0.182964,1.15005e-33,31185.1,8.13147e-7,6.27426e-5,0.000428774,0.429157,6.38916e-35,81.7355,10852.1,1.59139e-7,0.000488359,0.000252785,0.25269,-4.44889e-34,31187.3,1.01606e-6,9.152e-5,0.000576314,0.576753,-2.4716e-35,81.7355,10829.5,1.63397e-7,0.000465022,0.000243374,0.243293,2.00751e-35,31183.7,1.05558e-6,8.83457e-5,0.000561337,0.56183,1.11528e-36,81.7355
14,205,10838.3,1.07861e-11,2.44085e-8,1.44598e-8,1.44561e-5,-9.93046e-44,31185.1,8.5476e-11,5.7877e-9,4.13486e-8,4.13927e-5,-5.51691e-45,66.7105,10852.1,1.83493e-11,4.93586e-8,2.68108e-8,2.68023e-5,9.07165e-44,31187.3,1.38291e-10,1.10505e-8,7.24828e-8,7.25485e-5,5.0398e-45,66.7105,10829.5,1.75955e-11,4.3734e-8,2.40528e-8,2.40463e-5,-1.12935e-45,31183.7,1.35815e-10,1.00641e-8,6.66484e-8,6.67174e-5,-6.27417e-47,66.7105
20,205,10838.3,-2.77924e-16,-6.28582e-13,-3.72422e-13,-3.72328e-10,-7.65702e-50,31185.1,-1.9662e-15,-1.33093e-13,-9.50912e-13,-9.51926e-10,-4.25389e-51,48.6805,10852.1,-2.27834e-16,-6.1234e-13,-3.32652e-13,-3.32547e-10,3.18125e-51,31187.3,-1.43611e-15,-1.14706e-13,-7.5241e-13,-7.53092e-10,1.76736e-52,48.6805,10829.5,-1.92664e-17,-4.70533e-14,-2.59304e-14,-2.59238e-11,3.14573e-53,31183.7,8.50244e-17,6.37929e-15,4.22506e-14,4.22933e-11,1.74761e-54,48.6805
0,206,7500,0,0,0,0,6.555e+9,22727.3,0,0,0,0,3.97273e+8,267024,7500,0,0,0,0,6.555e+9,22727.3,0,0,0,0,3.97273e+8,267024,7500,0,0,0,0,6.555e+9,22727.3,0,0,0,0,3.97273e+8,267024
1,206,7374.74,7.333,37.6111,9.55657,9548.05,13.5117,22704.1,1.3655,6.97003,22.1981,22183.3,0.818892,221329,7376.07,7.2548,37.5078,9.19088,9182.67,13.5118,22704.3,1.35049,6.94994,21.2162,21202,0.818894,221329,7366.92,7.79008,40.6891,9.93748,9928.68,13.5117,22702.6,1.45162,7.54438,22.9533,22938.5,0.818893,221329
2,206,7374.73,0.365679,7.66778,3.25756,3254.94,2.74959e-8,22704.1,0.0722109,1.42885,7.5883,7585.3,1.66642e-9,175634,7376.07,0.36176,7.73066,3.15732,3154.77,2.74958e-8,22704.3,0.0712522,1.43994,7.3081,7305.15,1.66641e-9,175634,7366.92,0.388504,8.50569,3.44815,3445.42,2.74958e-8,22702.6,0.0769693,1.58589,7.9876,7984.71,1.66641e-9,175634
3,206,7374.73,0.0183399,1.18591,0.630561,630.096,8.82574e-14,22704,0.00455917,0.223589,1.47914,1478.85,5.34893e-15,129939,7376.07,0.0181401,1.21108,0.617201,616.744,8.8129e-14,22704.3,0.00447106,0.228078,1.43807,1437.77,5.34115e-15,129939,7366.92,0.019495,1.35502,0.682761,682.266,8.59067e-14,22702.6,0.00492526,0.255609,1.59279,1592.54,5.20646e-15,129939
4,206,7374.73,0.000935627,0.163203,0.0986867,98.6187,-3.34635e-19,22704,0.000390792,0.0313158,0.234266,234.255,-2.02809e-20,84244.7,7376.07,0.000925112,0.169035,0.097718,97.6502,-3.15082e-19,22704.3,0.000381151,0.0323623,0.23025,230.235,-1.90959e-20,84244.7,7366.92,0.000996911,0.192672,0.109752,109.678,-2.75297e-19,22702.6,0.000435646,0.0369801,0.259105,259.104,-1.66847e-20,84244.7
6,206,7374.73,2.92645e-6,0.00265673,0.00181971,1.81857,2.44489e-24,22704,5.50301e-6,0.000535171,0.00448643,4.48702,1.48175e-25,50570.9,7376.07,2.89867e-6,0.00283574,0.00185049,1.84931,2.69985e-24,22704.3,5.42377e-6,0.000568048,0.00451779,4.51828,1.63627e-25,50570.9,7366.92,3.21648e-6,0.00336361,0.00215299,2.15167,-5.8778e-25,22702.6,6.62706e-6,0.000676746,0.00527616,5.27706,-3.5623e-26,50570.9
9,206,7374.73,1.71627e-9,4.52585e-6,3.40556e-6,0.00340359,-1.52729e-33,22704,1.15534e-8,9.99707e-7,9.10864e-6,0.00911102,-9.25631e-35,60.2965,7376.07,1.76408e-9,5.0635e-6,3.62038e-6,0.00361825,-5.07261e-34,22704.3,1.18021e-8,1.10471e-6,9.53447e-6,0.00953667,-3.07431e-35,60.2965,7366.92,2.22718e-9,6.39523e-6,4.46912e-6,0.00446659,-3.13848e-33,22702.6,1.54126e-8,1.40512e-6,1.18488e-5,0.0118523,-1.90211e-34,60.2965
14,206,7374.73,3.22339e-14,9.16545e-11,7.12869e-11,7.12477e-8,1.93913e-42,22704,3.01192e-13,2.41794e-11,2.26011e-10,2.26086e-7,1.17523e-43,63.0315,7376.07,3.59775e-14,1.11032e-10,8.19456e-11,8.18995e-8,9.76856e-43,22704.3,3.28088e-13,2.85408e-11,2.52582e-10,2.52658e-7,5.92034e-44,63.0315,7366.92,5.16105e-14,1.55971e-10,1.12305e-10,1.12245e-7,-3.38606e-42,22702.6,4.76686e-13,4.05392e-11,3.50017e-10,3.50143e-7,-2.05215e-43,63.0315
20,206,7374.73,-1.85468e-17,-5.27083e-14,-4.10108e-14,-4.09883e-11,-1.43142e-49,22704,-1.86327e-16,-1.49403e-14,-1.39662e-13,-1.39709e-10,-8.67523e-51,66.3135,7376.07,-1.45991e-17,-4.50495e-14,-3.32532e-14,-3.32345e-11,1.79882e-49,22704.3,-1.3623e-16,-1.1845e-14,-1.04832e-13,-1.04864e-10,1.09019e-50,66.3135,7366.92,1.00207e-16,3.02628e-13,2.1797e-13,2.17852e-10,7.63275e-47,22702.6,9.82387e-16,8.34585e-14,7.20626e-13,7.20887e-10,4.6259e-48,66.3135
0,301,7500,0,0,0,0,6.555e+9,22727.3,0,0,0,0,3.97273e+8,55.617,7500,0,0,0,0,6.555e+9,22727.3,0,0,0,0,3.97273e+8,55.617,7500,0,0,0,0,6.555e+9,22727.3,0,0,0,0,3.97273e+8,55.617
1,301,7438.47,3.60283,16.2679,4.29518,4291.12,13.5115,22715.9,0.66606,3.00098,9.93562,9927.34,0.818881,52.4685,7441.35,3.4346,15.78,4.00566,4001.86,13.5124,22716.5,0.634719,2.9103,9.20756,9199.81,0.818936,52.4685,7439.39,3.54923,16.5214,4.17608,4172.13,13.5127,22716.1,0.656048,3.04747,9.6005,9592.47,0.818953,52.4685
2,301,7438.47,0.179497,2.92909,1.32797,1326.78,2.74969e-8,22715.9,0.03403,0.5419,3.07625,3074.12,1.66648e-9,49.3199,7441.35,0.171109,2.90663,1.25842,1257.29,2.74946e-8,22716.5,0.0323758,0.537476,2.89644,2894.39,1.66634e-9,49.3199,7439.39,0.176826,3.09603,1.32796,1326.77,2.74938e-8,22716.1,0.0335042,0.572615,3.057,3054.86,1.66629e-9,49.3199
3,301,7438.47,0.00896217,0.412072,0.234825,234.622,-1.75562e-14,22715.9,0.00187475,0.07672,0.545938,545.619,-1.06401e-15,46.1714,7441.35,0.00854234,0.419841,0.227005,226.807,8.82102e-14,22716.5,0.00177575,0.0780764,0.524196,523.878,5.34607e-15,46.1714,7439.39,0.00882925,0.456218,0.243209,242.998,9.28714e-14,22716.1,0.00184842,0.0848665,0.561756,561.42,5.62856e-15,46.1714
4,301,7438.47,0.000450166,0.0539679,0.0343182,34.2894,1.01847e-19,22715.9,0.000121593,0.0101445,0.0802924,80.2517,6.17255e-21,43.0228,7441.35,0.000429004,0.0565942,0.0339649,33.9361,-4.45793e-19,22716.5,0.000114612,0.0106144,0.07888,78.8375,-2.70177e-20,43.0228,7439.39,0.000443727,0.0628534,0.0370471,37.0158,-4.47923e-19,22716.1,0.000121352,0.0117926,0.0860697,86.0242,-2.71468e-20,43.0228
6,301,7438.47,1.21575e-6,0.000871232,0.000599881,0.599394,-1.24906e-25,22715.9,1.02254e-6,0.000168001,0.00143222,1.4316,-7.57005e-27,39.6982,7441.35,1.16108e-6,0.000971545,0.000627314,0.626797,7.41112e-25,22716.5,9.82748e-7,0.000186332,0.00148331,1.48262,4.49158e-26,39.6982,7439.39,1.213e-6,0.00113019,0.000713462,0.712875,4.25957e-26,22716.1,1.1104e-6,0.000216825,0.00168789,1.68712,2.58156e-27,39.6982
9,301,7438.47,3.80304e-10,1.73531e-6,1.21974e-6,0.00121877,1.26452e-33,22715.9,1.85338e-9,3.49853e-7,3.03525e-6,0.00303404,7.66372e-35,34.7112,7441.35,3.88341e-10,2.12837e-6,1.39891e-6,0.00139777,-1.902e-32,22716.5,1.93474e-9,4.24218e-7,3.42938e-6,0.00342786,-1.15273e-33,34.7112,7439.39,4.52296e-10,2.65974e-6,1.70589e-6,0.00170451,-3.53478e-34,22716.1,2.37813e-9,5.30052e-7,4.18326e-6,0.00418142,-2.14229e-35,34.7112
14,301,7438.47,7.82698e-15,5.47484e-11,3.85619e-11,3.85311e-8,7.80586e-47,22715.9,6.27926e-14,1.19145e-11,1.03517e-10,1.03476e-7,4.73081e-48,31.9625,7441.35,1.01419e-14,8.22646e-11,5.41563e-11,5.41122e-8,-6.87827e-43,22716.5,7.92644e-14,1.74751e-11,1.41435e-10,1.41373e-7,-4.16865e-44,31.9625,7439.39,1.37879e-14,1.1358e-10,7.29435e-11,7.28842e-8,1.36612e-44,22716.1,1.07733e-13,2.41212e-11,1.90552e-10,1.90469e-7,8.27955e-46,31.9625
20,301,7438.47,-1.96798e-17,-1.37988e-13,-9.71931e-14,-9.71155e-11,1.26449e-50,22715.9,-1.60372e-16,-3.0429e-14,-2.64381e-13,-2.64277e-10,7.66357e-52,28.6642,7441.35,-8.20679e-17,-6.70668e-13,-4.4153e-13,-4.41171e-10,-1.49245e-46,22716.5,-6.57717e-16,-1.45004e-13,-1.17362e-12,-1.1731e-9,-9.04516e-48,28.6642,7439.39,-1.80857e-17,-1.49613e-13,-9.60859e-14,-9.60078e-11,-9.57185e-51,22716.1,-1.4502e-16,-3.24704e-14,-2.56511e-13,-2.56399e-10,-5.80113e-52,28.6642
0,302,11250,0,0,0,0,9.8325e+9,31250,0,0,0,0,5.4625e+8,27.9761,11250,0,0,0,0,9.8325e+9,31250,0,0,0,0,5.4625e+8,27.9761,11250,0,0,0,0,9.8325e+9,31250,0,0,0,0,5.4625e+8,27.9761
1,302,11216.9,1.9384,8.52402,2.26995,2267.72,20.2669,31244.9,0.29982,1.31752,4.4009,4396.74,1.12594,30.8774,11217.2,1.92321,8.76629,2.23091,2228.72,20.2668,31244.9,0.297461,1.35494,4.29876,4294.69,1.12593,30.8774,11213.7,2.12835,9.74393,2.47619,2473.76,20.2676,31244.4,0.32927,1.5063,4.77211,4767.62,1.12598,30.8774
2,302,11216.9,0.0965301,1.48297,0.685211,684.551,4.48369e-8,31244.9,0.0150515,0.229438,1.32909,1327.9,2.49094e-9,33.7787,11217.2,0.0957739,1.5982,0.69587,695.2,4.48157e-8,31244.9,0.0149326,0.247245,1.34148,1340.27,2.48976e-9,33.7787,11213.7,0.105993,1.78666,0.775493,774.749,4.42458e-8,31244.4,0.0165448,0.276471,1.49527,1493.94,2.4581e-9,33.7787
3,302,11216.9,0.0048106,0.200474,0.117608,117.496,7.43539e-15,31244.9,0.00077447,0.031083,0.228396,228.199,4.13078e-16,36.68,11217.2,0.00477313,0.228095,0.124399,124.28,-1.22022e-13,31244.9,0.000769199,0.0353558,0.240082,239.874,-6.77899e-15,36.68,11213.7,0.00528303,0.256694,0.139331,139.199,-1.00318e-13,31244.4,0.000855577,0.039807,0.268986,268.757,-5.57322e-15,36.68
4,302,11216.9,0.000240205,0.025132,0.0165927,16.5771,1.0859e-20,31244.9,4.23488e-5,0.00390959,0.0322921,32.2652,6.03277e-22,39.5813,11217.2,0.000238397,0.0303451,0.0184144,18.397,-7.01031e-19,31244.9,4.23598e-5,0.00471754,0.0356085,35.5786,-3.89462e-20,39.5813,11213.7,0.000263967,0.0343993,0.0207477,20.7283,-3.44568e-19,31244.4,4.76537e-5,0.00535181,0.0401414,40.1083,-1.91427e-20,39.5813
6,302,11216.9,6.12044e-7,0.000369429,0.000266954,0.266705,4.84828e-27,31244.9,1.94485e-7,5.79943e-5,0.000523186,0.522766,2.69349e-28,43.5275,11217.2,6.10581e-7,0.000506504,0.000331652,0.331343,-6.35065e-26,31244.9,2.10196e-7,7.93638e-5,0.000645356,0.64483,-3.52814e-27,43.5275,11213.7,6.78987e-7,0.000583153,0.000378913,0.378562,-4.47951e-26,31244.4,2.50603e-7,9.15087e-5,0.000738151,0.737563,-2.48861e-27,43.5275
9,302,11216.9,1.08932e-10,6.35938e-7,4.71589e-7,0.000471153,-3.66188e-37,31244.9,2.08131e-10,1.01475e-7,9.38116e-7,0.000937375,-2.03438e-38,49.4469,11217.2,1.22287e-10,1.06212e-6,7.08841e-7,0.000708182,8.46347e-39,31244.9,2.83045e-10,1.68717e-7,1.39703e-6,0.00139591,4.70193e-40,49.4469,11213.7,1.44172e-10,1.25267e-6,8.29017e-7,0.000828252,-5.26291e-40,31244.4,3.62133e-10,1.99524e-7,1.63764e-6,0.00163635,-2.92384e-41,49.4469
14,302,11216.9,1.24448e-15,1.80887e-11,1.34507e-11,1.34382e-8,7.53083e-46,31244.9,5.84458e-15,2.95949e-12,2.74263e-11,2.74047e-8,4.1838e-47,45.2582,11217.2,1.83724e-15,3.79019e-11,2.53404e-11,2.53169e-8,5.43721e-47,31244.9,1.0018e-14,6.16007e-12,5.10894e-11,5.10483e-8,3.02067e-48,45.2582,11213.7,2.48333e-15,4.70898e-11,3.12161e-11,3.11873e-8,-3.32902e-47,31244.4,1.35943e-14,7.68807e-12,6.31956e-11,6.3146e-8,-1.84945e-48,45.2582
20,302,11216.9,-1.03771e-18,-1.80291e-14,-1.34103e-14,-1.33979e-11,1.90131e-52,31244.9,-5.86219e-18,-2.98042e-15,-2.7627e-14,-2.76052e-11,1.05629e-53,40.2317,11217.2,-5.54799e-19,-1.17499e-14,-7.85589e-15,-7.84859e-12,-1.63867e-53,31244.9,-3.11777e-18,-1.9181e-15,-1.59082e-14,-1.58954e-11,-9.10373e-55,40.2317,11213.7,-6.62291e-19,-1.29671e-14,-8.59621e-15,-8.58828e-12,-1.87483e-55,31244.4,-3.80068e-18,-2.15072e-15,-1.76792e-14,-1.76653e-11,-1.04157e-56,40.2317
0,303,11250,0,0,0,0,9.8325e+9,31250,0,0,0,0,5.4625e+8,36.9082,11250,0,0,0,0,9.8325e+9,31250,0,0,0,0,5.4625e+8,36.9082,11250,0,0,0,0,9.8325e+9,31250,0,0,0,0,5.4625e+8,36.9082
1,303,11159.4,5.3032,24.6271,6.44315,6437.05,20.2675,31236,0.823591,3.817,12.523,12512.4,1.12597,34.395,11157.2,5.43248,25.0983,6.35958,6353.57,20.267,31235.6,0.843719,3.89039,12.2863,12275.9,1.12595,34.395,11151.7,5.75559,26.9083,6.79201,6785.61,20.2667,31234.8,0.894255,4.17203,13.1248,13113.8,1.12593,34.395
2,303,11159.4,0.264215,4.60052,2.04434,2042.5,4.4901e-8,31236,0.042005,0.714864,3.97854,3975.65,2.4945e-9,31.8818,11157.2,0.270652,4.65694,2.00822,2006.42,4.48442e-8,31235.6,0.0430093,0.723677,3.88468,3881.89,2.49135e-9,31.8818,11151.7,0.286765,5.0713,2.16849,2166.56,4.48042e-8,31234.8,0.0456656,0.788376,4.19602,4193.07,2.48912e-9,31.8818
3,303,11159.4,0.0131937,0.67545,0.373373,373.048,1.65095e-13,31236,0.00230526,0.105534,0.728955,728.494,9.17194e-15,29.3686,11157.2,0.0135144,0.678392,0.364596,364.281,1.64805e-13,31235.6,0.00235457,0.105995,0.707498,707.058,9.15581e-15,29.3686,11151.7,0.0143225,0.752255,0.399154,398.812,1.68326e-13,31234.8,0.00251968,0.11761,0.774929,774.463,9.35142e-15,29.3686
4,303,11159.4,0.000663201,0.0926883,0.0566886,56.6407,-7.38762e-19,31236,0.000149448,0.0146005,0.111291,111.227,-4.10423e-20,26.8554,11157.2,0.00067914,0.0922981,0.0549677,54.9214,-7.42914e-19,31235.6,0.000151565,0.0145385,0.10725,107.191,-4.1273e-20,26.8554,11151.7,0.000720452,0.104391,0.0611654,61.1144,-6.793e-19,31234.8,0.000165688,0.0164584,0.119431,119.367,-3.77388e-20,26.8554
6,303,11159.4,1.8156e-6,0.0016527,0.00108344,1.08255,-2.62857e-24,31236,1.32114e-6,0.000265936,0.0021641,2.163,-1.46031e-25,32.7942,11157.2,1.85213e-6,0.00161606,0.00103343,1.03258,-2.10169e-24,31235.6,1.30429e-6,0.00026002,0.00205131,2.05031,-1.16761e-25,32.7942,11151.7,1.98969e-6,0.0019062,0.00119445,1.19349,-1.15275e-24,31234.8,1.53431e-6,0.000307152,0.00237417,2.37306,-6.40414e-26,32.7942
9,303,11159.4,6.775e-10,3.83915e-6,2.55785e-6,0.00255577,3.96443e-33,31236,2.7601e-9,6.40655e-7,5.2874e-6,0.00528484,2.20246e-34,41.7024,11157.2,6.63043e-10,3.64999e-6,2.37389e-6,0.00237198,-2.78921e-33,31235.6,2.63412e-9,6.09082e-7,4.87644e-6,0.00487416,-1.54956e-34,41.7024,11151.7,8.01966e-10,4.59364e-6,2.92273e-6,0.00292039,5.55524e-34,31234.8,3.36458e-9,7.68161e-7,6.01669e-6,0.006014,3.08625e-35,41.7024
14,303,11159.4,1.96611e-14,1.56531e-10,1.04431e-10,1.04346e-7,-4.34621e-43,31236,1.19124e-13,2.77946e-11,2.29624e-10,2.29513e-7,-2.41456e-44,47.5653,11157.2,1.80055e-14,1.4188e-10,9.24122e-11,9.23377e-8,-8.08307e-44,31235.6,1.08365e-13,2.51981e-11,2.01961e-10,2.01867e-7,-4.4906e-45,47.5653,11151.7,2.55574e-14,1.98943e-10,1.26735e-10,1.26633e-7,1.93552e-42,31234.8,1.54525e-13,3.54388e-11,2.7783e-10,2.77706e-7,1.07529e-43,47.5653
20,303,11159.4,-2.04252e-17,-1.62986e-13,-1.08742e-13,-1.08654e-10,3.02446e-50,31236,-1.27343e-16,-2.97115e-14,-2.45468e-13,-2.4535e-10,1.68025e-51,54.6009,11157.2,-2.66999e-17,-2.10243e-13,-1.36939e-13,-1.36828e-10,1.14035e-48,31235.6,-1.61216e-16,-3.74879e-14,-3.0046e-13,-3.00321e-10,6.33527e-50,54.6009,11151.7,-8.97129e-18,-7.0003e-14,-4.45972e-14,-4.45615e-11,7.34155e-49,31234.8,-5.58993e-17,-1.28193e-14,-1.00504e-13,-1.0046e-10,4.07864e-50,54.6009
0,304,11250,0,0,0,0,9.8325e+9,31250,0,0,0,0,5.4625e+8,51.3073,11250,0,0,0,0,9.8325e+9,31250,0,0,0,0,5.4625e+8,51.3073,11250,0,0,0,0,9.8325e+9,31250,0,0,0,0,5.4625e+8,51.3073
1,304,10992.5,15.0711,76.7954,19.4996,19483,20.267,31209.8,2.36897,11.9985,38.1776,38155.4,1.12594,49.7559,11008.6,14.1303,72.1412,17.6999,17684.7,20.2668,31212.3,2.218,11.2621,34.4175,34396.6,1.12593,49.7559,10992.2,15.0869,79.205,19.2592,19242.8,20.2667,31209.7,2.37112,12.3743,37.4764,37454.6,1.12593,49.7559
2,304,10992.5,0.752004,16.2274,6.75237,6747.42,4.47991e-8,31209.8,0.127178,2.55278,13.2682,13264.9,2.48883e-9,48.2046,11008.6,0.704919,15.2841,6.14088,6136.28,4.47764e-8,31212.3,0.118234,2.40077,11.98,11976.5,2.48758e-9,48.2046,10992.2,0.752802,17.4235,6.86514,6860.09,4.47625e-8,31209.7,0.12729,2.73974,13.4052,13401.8,2.4868e-9,48.2046
3,304,10992.5,0.0378301,2.74929,1.37756,1376.66,1.3781e-13,31209.7,0.0085191,0.438539,2.7304,2730.36,7.65608e-15,46.6533,11008.6,0.0354291,2.5973,1.25581,1254.96,1.40726e-13,31212.3,0.00773866,0.413093,2.46906,2468.87,7.81812e-15,46.6533,10992.2,0.0378856,3.09272,1.45317,1452.21,1.34983e-13,31209.7,0.00859839,0.492602,2.86085,2860.74,7.49907e-15,46.6533
4,304,10992.5,0.00195454,0.440771,0.238376,238.232,-7.62485e-19,31209.7,0.000827493,0.0716817,0.479267,479.325,-4.23603e-20,45.1019,11008.6,0.00182482,0.417757,0.217917,217.781,-8.05819e-19,31212.3,0.000727312,0.0676092,0.433985,434.005,-4.47677e-20,45.1019,10992.2,0.00196325,0.521363,0.26261,262.449,7.54573e-20,31209.7,0.000861954,0.0845191,0.523912,523.959,4.19206e-21,45.1019
6,304,10992.5,7.32348e-6,0.0109087,0.00616144,6.15799,-1.05697e-25,31209.7,1.65789e-5,0.00185923,0.0129053,12.9082,-5.87203e-27,45.7343,11008.6,6.65869e-6,0.0104093,0.00566853,5.6652,-4.49181e-25,31212.3,1.41475e-5,0.00175714,0.0117119,11.7137,-2.49545e-26,45.7343,10992.2,7.78693e-6,0.0143276,0.00749055,7.48622,-4.18803e-27,31209.7,1.90901e-5,0.00242232,0.0155108,15.5136,-2.32668e-28,45.7343
9,304,10992.5,1.13195e-8,4.18973e-5,2.38338e-5,0.0238207,6.39352e-42,31209.7,6.74566e-8,7.7027e-6,5.37399e-5,0.0537534,3.55195e-43,46.6829,11008.6,9.88033e-9,4.03933e-5,2.21516e-5,0.0221388,3.24744e-41,31212.3,5.74789e-8,7.29906e-6,4.89042e-5,0.0489126,1.80413e-42,46.6829,10992.2,1.5217e-8,6.45394e-5,3.39268e-5,0.0339075,3.50432e-42,31209.7,9.03945e-8,1.16694e-5,7.50242e-5,0.0750394,1.94684e-43,46.6829
14,304,10992.5,1.01386e-12,3.94188e-9,2.24316e-9,2.24193e-6,-1.5265e-54,31209.7,7.20959e-12,8.23202e-10,5.74422e-9,5.74568e-6,-8.48054e-56,59.1927,11008.6,8.96614e-13,3.86578e-9,2.1207e-9,2.11947e-6,2.9137e-52,31212.3,6.16847e-12,7.83352e-10,5.24942e-9,5.25033e-6,1.61872e-53,59.1927,10992.2,1.80155e-12,7.92539e-9,4.16711e-9,4.16474e-6,1.87213e-55,31209.7,1.24246e-11,1.60397e-9,1.03133e-8,1.03154e-5,1.04007e-56,59.1927
20,304,10992.5,-3.47934e-16,-1.35292e-12,-7.69882e-13,-7.6946e-10,3.59423e-62,31209.7,-2.52442e-15,-2.88247e-13,-2.01133e-12,-2.01184e-9,1.99679e-63,74.2044,11008.6,-9.35931e-17,-4.03567e-13,-2.21384e-13,-2.21256e-10,-9.45208e-60,31212.3,-6.42123e-16,-8.15478e-14,-5.46455e-13,-5.4655e-10,-5.25115e-61,74.2044,10992.2,-4.44103e-16,-1.95388e-12,-1.02732e-12,-1.02674e-9,-1.8857e-65,31209.7,-3.15132e-15,-4.06831e-13,-2.61585e-12,-2.61638e-9,-1.04761e-66,74.2044
0,305,11250,0,0,0,0,9.8325e+9,31250,0,0,0,0,5.4625e+8,76.4137,11250,0,0,0,0,9.8325e+9,31250,0,0,0,0,5.4625e+8,76.4137,11250,0,0,0,0,9.8325e+9,31250,0,0,0,0,5.4625e+8,76.4137
1,305,11161.4,5.18983,23.2853,6.1607,6154.86,20.2675,31236.3,0.805846,3.60873,11.973,11962.8,1.12597,82.1934,11158.9,5.33277,24.0537,6.14264,6136.83,20.2668,31235.9,0.828116,3.72819,11.8663,11856.2,1.12593,82.1934,11156.7,5.46561,25.0706,6.36742,6361.41,20.2673,31235.5,0.848892,3.88621,12.3017,12291.3,1.12596,82.1934
2,305,11161.4,0.258555,4.15804,1.89373,1892.02,4.42456e-8,31236.3,0.0410389,0.646055,3.68505,3682.37,2.45809e-9,87.9732,11158.9,0.265677,4.32502,1.89733,1895.63,4.48146e-8,31235.9,0.0421674,0.67204,3.66985,3667.2,2.4897e-9,87.9732,11156.7,0.272303,4.60814,1.99739,1995.6,4.48787e-8,31235.5,0.0432701,0.716133,3.86386,3861.09,2.49326e-9,87.9732
3,305,11161.4,0.0129075,0.579381,0.332462,332.173,-5.03257e-15,31236.3,0.00223268,0.0905272,0.649007,648.597,-2.79587e-16,93.7529,11158.9,0.0132632,0.60749,0.335105,334.815,-1.51593e-15,31235.9,0.00229398,0.0949151,0.650197,649.792,-8.42164e-17,93.7529,11156.7,0.0135964,0.663986,0.359636,359.325,1.30207e-15,31235.5,0.00236668,0.103759,0.697917,697.486,7.2337e-17,93.7529
4,305,11161.4,0.000647994,0.075088,0.0481756,48.135,2.74051e-20,31236.3,0.000140566,0.0118327,0.0945731,94.5199,1.52251e-21,99.5326,11158.9,0.000665917,0.079424,0.0489047,48.8636,7.85912e-21,31235.9,0.000144609,0.0125131,0.0954123,95.3595,4.36607e-22,99.5326,11156.7,0.000683142,0.089267,0.0536919,53.6468,-6.05444e-21,31235.5,0.000151719,0.0140652,0.104775,104.718,-3.36358e-22,99.5326
6,305,11161.4,1.73926e-6,0.0011853,0.000825461,0.824787,-4.0294e-26,31236.3,1.08555e-6,0.000191102,0.00164991,1.6491,-2.23856e-27,82.5786,11158.9,1.79091e-6,0.00127744,0.00085204,0.851348,-1.13503e-26,31235.9,1.1307e-6,0.000205785,0.00169186,1.69105,-6.30558e-28,82.5786,11156.7,1.85669e-6,0.00152379,0.000986629,0.985827,-7.94069e-27,31235.5,1.27559e-6,0.000245381,0.00195934,1.9584,-4.4115e-28,82.5786
9,305,11161.4,5.11934e-10,2.27995e-6,1.62281e-6,0.0016215,1.09696e-33,31236.3,1.8392e-9,3.82625e-7,3.36637e-6,0.00336481,6.09425e-35,57.1475,11158.9,5.42582e-10,2.52968e-6,1.72281e-6,0.00172143,2.18823e-34,31235.9,1.97109e-9,4.23661e-7,3.54673e-6,0.00354512,1.21565e-35,57.1475,11156.7,6.3529e-10,3.30869e-6,2.18133e-6,0.00217958,-1.87891e-35,31235.5,2.47188e-9,5.53214e-7,4.48718e-6,0.00448513,-1.04384e-36,57.1475
14,305,11161.4,9.63357e-15,6.83205e-11,4.87391e-11,4.86999e-8,7.49621e-46,31236.3,5.8615e-14,1.22821e-11,1.08239e-10,1.08189e-7,4.16457e-47,55.4354,11158.9,1.09121e-14,7.95036e-11,5.42589e-11,5.42155e-8,7.80175e-46,31235.9,6.57429e-14,1.42307e-11,1.19318e-10,1.19264e-7,4.33419e-47,55.4354,11156.7,1.60198e-14,1.21876e-10,8.04826e-11,8.0418e-8,-2.57364e-45,31235.5,9.64848e-14,2.17198e-11,1.76387e-10,1.76307e-7,-1.4298e-46,55.4354
20,305,11161.4,1.0915e-16,7.67569e-13,5.47548e-13,5.47108e-10,-2.22094e-48,31236.3,6.40813e-16,1.34277e-13,1.18331e-12,1.18277e-9,-1.23386e-49,53.3808,11158.9,-4.14455e-17,-3.00703e-13,-2.05217e-13,-2.05053e-10,8.1877e-50,31235.9,-2.46195e-16,-5.32907e-14,-4.46815e-13,-4.46614e-10,4.54861e-51,53.3808,11156.7,-8.43882e-17,-6.40542e-13,-4.22984e-13,-4.22645e-10,3.89462e-49,31235.5,-5.02188e-16,-1.13048e-13,-9.18059e-13,-9.17642e-10,2.16368e-50,53.3808
0,306,7500,0,0,0,0,6.555e+9,22727.3,0,0,0,0,3.97273e+8,100.171,7500,0,0,0,0,6.555e+9,22727.3,0,0,0,0,3.97273e+8,100.171,7500,0,0,0,0,6.555e+9,22727.3,0,0,0,0,3.97273e+8,100.171
1,306,7467.69,1.892,9.08706,2.3515,2349.21,13.5112,22721.3,0.348694,1.67276,5.42915,5424.19,0.81886,84.5711,7463.85,2.11698,10.2341,2.55522,2552.75,13.5123,22720.6,0.390299,1.88441,5.86494,5859.64,0.818929,84.5711,7464.68,2.06875,10.1686,2.52523,2522.78,13.5124,22720.8,0.381379,1.87223,5.79579,5790.54,0.818934,84.5711
2,306,7467.69,0.0942339,1.77493,0.770064,769.334,2.74974e-8,22721.3,0.0176182,0.327209,1.77924,1777.75,1.66651e-9,68.971,7463.85,0.105443,2.01634,0.841927,841.134,2.74945e-8,22720.6,0.0197447,0.371849,1.93399,1932.4,1.66633e-9,68.971,7464.67,0.103041,2.04829,0.845263,844.465,2.74942e-8,22720.8,0.0192928,0.377698,1.94151,1939.9,1.66631e-9,68.971
3,306,7467.69,0.00469974,0.274417,0.146323,146.186,6.3351e-14,22721.3,0.000934193,0.0507445,0.338701,338.433,3.83945e-15,53.3709,7463.85,0.00525965,0.314886,0.16122,161.072,7.19387e-14,22720.6,0.00105273,0.0582614,0.371068,370.783,4.35992e-15,53.3709,7464.67,0.00513999,0.3282,0.165112,164.959,7.09121e-14,22720.8,0.00102972,0.0607094,0.379973,379.679,4.2977e-15,53.3709
4,306,7467.69,0.000235353,0.0398354,0.0232785,23.2571,2.88674e-19,22721.3,5.61456e-5,0.00739938,0.0540529,54.012,1.74954e-20,37.7708,7463.85,0.000263555,0.046212,0.0258842,25.8606,1.81071e-19,22720.6,6.42908e-5,0.00859113,0.059775,59.7314,1.0974e-20,37.7708,7464.67,0.000257622,0.0495283,0.0271391,27.1143,2.08121e-19,22720.8,6.33158e-5,0.00920299,0.0626561,62.6097,1.26134e-20,37.7708
6,306,7467.69,6.24014e-7,0.00080009,0.000495858,0.495407,-1.40939e-25,22721.3,4.26578e-7,0.000150325,0.00116241,1.16156,-8.54177e-27,51.0095,7463.85,7.04394e-7,0.000949795,0.000563149,0.562642,-8.52132e-27,22720.6,5.20163e-7,0.00017872,0.00131371,1.31279,-5.16443e-28,51.0095,7464.67,6.92916e-7,0.00107954,0.000623319,0.622756,5.39775e-25,22720.8,5.39841e-7,0.000202874,0.0014529,1.45187,3.27136e-26,51.0095
9,306,7467.69,2.03577e-10,2.23251e-6,1.40042e-6,0.00139915,2.61463e-33,22721.3,9.66923e-10,4.27588e-7,3.34358e-6,0.00334119,1.58462e-34,70.8674,7463.85,2.51818e-10,2.74571e-6,1.64664e-6,0.00164517,-2.54782e-35,22720.6,1.25096e-9,5.27196e-7,3.91619e-6,0.00391351,-1.54413e-36,70.8674,7464.67,2.7573e-10,3.4148e-6,1.9912e-6,0.0019894,2.49615e-32,22720.8,1.43329e-9,6.53867e-7,4.72565e-6,0.00472234,1.51282e-33,70.8674
14,306,7467.69,7.41955e-15,1.24376e-10,7.80844e-11,7.80137e-8,1.86881e-45,22721.3,5.51264e-14,2.46067e-11,1.92553e-10,1.92416e-7,1.13261e-46,68.1112,7463.85,1.03311e-14,1.63564e-10,9.81666e-11,9.80787e-8,2.17714e-46,22720.6,7.6484e-14,3.24866e-11,2.41477e-10,2.41312e-7,1.31948e-47,68.1112,7464.67,1.3586e-14,2.33573e-10,1.36281e-10,1.36158e-7,2.09984e-42,22720.8,1.00493e-13,4.61618e-11,3.33793e-10,3.3356e-7,1.27263e-43,68.1112
20,306,7467.69,-1.00191e-17,-1.68276e-13,-1.05646e-13,-1.0555e-10,-1.88186e-51,22721.3,-7.5379e-17,-3.36475e-14,-2.633e-13,-2.63112e-10,-1.14052e-52,64.8038,7463.85,-1.51175e-17,-2.3786e-13,-1.42756e-13,-1.42628e-10,-3.10707e-51,22720.6,-1.10422e-16,-4.6898e-14,-3.48597e-13,-3.48359e-10,-1.88307e-52,64.8038,7464.67,2.81475e-17,4.84721e-13,2.82817e-13,2.82562e-10,-1.0619e-46,22720.8,2.1098e-16,9.69154e-14,7.00793e-13,7.00303e-10,-6.43575e-48,64.8038
