rep,id,beta_N_pow,fact_beta_T,fact_delta_T,delta_N,c,cI,k,g,mu,P_N,fact_P_T,alpha_VLSG,thresh_Weight,Group,groupVsnaive
1,101,-4.9252336781759,0,0,1.72070131938306,3,20,3,0,0.001,6728.34220247181,-2.31083560775043,1.33,4.5,Naive,G_Naive
2,101,-4.57794207742641,0,0,2.15002141781632,3,20,3,0,0.001,6728.34220247181,-2.31083560775043,1.33,4.5,Naive,G_Naive
3,101,-4.92866449264747,0,0,1.67049397586123,3,20,3,0,0.001,6728.34220247181,-2.31083560775043,1.33,4.5,Naive,G_Naive
4,101,-4.93808194820126,0,0,1.85281198769458,3,20,3,0,0.001,6728.34220247181,-2.31083560775043,1.33,4.5,Naive,G_Naive
5,101,-4.47948342066443,0,0,1.84118927466633,3,20,3,0,0.001,6728.34220247181,-2.31083560775043,1.33,4.5,Naive,G_Naive
6,101,-4.52907870648384,0,0,2.00930865884482,3,20,3,0,0.001,6728.34220247181,-2.31083560775043,1.33,4.5,Naive,G_Naive
7,101,-4.51147622534745,0,0,2.46718242040564,3,20,3,0,0.001,6728.34220247181,-2.31083560775043,1.33,4.5,Naive,G_Naive
8,101,-4.69404563857551,0,0,1.66738721457555,3,20,3,0,0.001,6728.34220247181,-2.31083560775043,1.33,4.5,Naive,G_Naive
9,101,-4.69468048790144,0,0,1.85044125873318,3,20,3,0,0.001,6728.34220247181,-2.31083560775043,1.33,4.5,Naive,G_Naive
10,101,-4.54769676632558,0,0,1.94467643085791,3,20,3,0,0.001,6728.34220247181,-2.31083560775043,1.33,4.5,Naive,G_Naive
1,102,-4.68262476907861,0,0,1.24491992935085,3,20,3,0,0.001,6728.34220247181,-2.31083560775043,1.33,4.5,Naive,G_Naive
2,102,-5.19840492906138,0,0,1.10860548576501,3,20,3,0,0.001,6728.34220247181,-2.31083560775043,1.33,4.5,Naive,G_Naive
3,102,-4.61782625867682,0,0,1.32808689326706,3,20,3,0,0.001,6728.34220247181,-2.31083560775043,1.33,4.5,Naive,G_Naive
4,102,-4.73179725363071,0,0,1.3475584375089,3,20,3,0,0.001,6728.34220247181,-2.31083560775043,1.33,4.5,Naive,G_Naive
5,102,-4.8249393498822,0,0,1.15098584540594,3,20,3,0,0.001,6728.34220247181,-2.31083560775043,1.33,4.5,Naive,G_Naive
6,102,-4.9121245411517,0,0,1.11305166048287,3,20,3,0,0.001,6728.34220247181,-2.31083560775043,1.33,4.5,Naive,G_Naive
7,102,-4.63385192211844,0,0,0.966025138396996,3,20,3,0,0.001,6728.34220247181,-2.31083560775043,1.33,4.5,Naive,G_Naive
8,102,-4.90955016564543,0,0,1.09097095733011,3,20,3,0,0.001,6728.34220247181,-2.31083560775043,1.33,4.5,Naive,G_Naive
9,102,-4.96346392410416,0,0,1.23139295521184,3,20,3,0,0.001,6728.34220247181,-2.31083560775043,1.33,4.5,Naive,G_Naive
10,102,-5.16088944592398,0,0,1.14322381713817,3,20,3,0,0.001,6728.34220247181,-2.31083560775043,1.33,4.5,Naive,G_Naive
1,103,-5.43094581907988,0,0,1.84547948716517,3,20,3,0,0.001,6728.34220247181,-2.31083560775043,1.33,4.5,Naive,G_Naive
2,103,-5.38462101060226,0,0,2.04370442138269,3,20,3,0,0.001,6728.34220247181,-2.31083560775043,1.33,4.5,Naive,G_Naive
3,103,-5.3991128881916,0,0,1.8766250690713,3,20,3,0,0.001,6728.34220247181,-2.31083560775043,1.33,4.5,Naive,G_Naive
4,103,-5.77490946862962,0,0,1.70003590489917,3,20,3,0,0.001,6728.34220247181,-2.31083560775043,1.33,4.5,Naive,G_Naive
5,103,-5.39202622911285,0,0,1.84732754299103,3,20,3,0,0.001,6728.34220247181,-2.31083560775043,1.33,4.5,Naive,G_Naive
6,103,-5.51946281869335,0,0,1.67156893004119,3,20,3,0,0.001,6728.34220247181,-2.31083560775043,1.33,4.5,Naive,G_Naive
7,103,-5.37088045164758,0,0,2.32236484530267,3,20,3,0,0.001,6728.34220247181,-2.31083560775043,1.33,4.5,Naive,G_Naive
8,103,-5.1969628773126,0,0,2.38661993997489,3,20,3,0,0.001,6728.34220247181,-2.31083560775043,1.33,4.5,Naive,G_Naive
9,103,-5.10719112736864,0,0,1.98915496871961,3,20,3,0,0.001,6728.34220247181,-2.31083560775043,1.33,4.5,Naive,G_Naive
10,103,-5.35854876228298,0,0,1.86496128330059,3,20,3,0,0.001,6728.34220247181,-2.31083560775043,1.33,4.5,Naive,G_Naive
1,104,-5.23601705856638,0,0,1.53556546203896,3,20,3,0,0.001,6728.34220247181,-2.31083560775043,1.33,4.5,Naive,G_Naive
2,104,-5.36627640071355,0,0,1.16274592724191,3,20,3,0,0.001,6728.34220247181,-2.31083560775043,1.33,4.5,Naive,G_Naive
3,104,-5.48986929666951,0,0,1.43962929778091,3,20,3,0,0.001,6728.34220247181,-2.31083560775043,1.33,4.5,Naive,G_Naive
4,104,-5.72179781958657,0,0,1.25280236625691,3,20,3,0,0.001,6728.34220247181,-2.31083560775043,1.33,4.5,Naive,G_Naive
5,104,-5.08609331261827,0,0,1.46932228255963,3,20,3,0,0.001,6728.34220247181,-2.31083560775043,1.33,4.5,Naive,G_Naive
6,104,-5.6469158468931,0,0,1.11143089309259,3,20,3,0,0.001,6728.34220247181,-2.31083560775043,1.33,4.5,Naive,G_Naive
7,104,-5.500374057381,0,0,1.27335905891617,3,20,3,0,0.001,6728.34220247181,-2.31083560775043,1.33,4.5,Naive,G_Naive
8,104,-5.78495665857811,0,0,1.36468669819667,3,20,3,0,0.001,6728.34220247181,-2.31083560775043,1.33,4.5,Naive,G_Naive
9,104,-5.32544981622675,0,0,1.58408546738178,3,20,3,0,0.001,6728.34220247181,-2.31083560775043,1.33,4.5,Naive,G_Naive
10,104,-5.22488614651347,0,0,1.40766478943945,3,20,3,0,0.001,6728.34220247181,-2.31083560775043,1.33,4.5,Naive,G_Naive
1,105,-5.29367184789528,0,0,2.26828233556319,3,20,3,0,0.001,6728.34220247181,-2.31083560775043,1.33,4.5,Naive,G_Naive
2,105,-5.44876884885836,0,0,1.66335279058809,3,20,3,0,0.001,6728.34220247181,-2.31083560775043,1.33,4.5,Naive,G_Naive
3,105,-5.63374105434364,0,0,2.04716139717745,3,20,3,0,0.001,6728.34220247181,-2.31083560775043,1.33,4.5,Naive,G_Naive
4,105,-5.68807161646324,0,0,1.59584692632418,3,20,3,0,0.001,6728.34220247181,-2.31083560775043,1.33,4.5,Naive,G_Naive
5,105,-5.61197252483573,0,0,1.92568628210066,3,20,3,0,0.001,6728.34220247181,-2.31083560775043,1.33,4.5,Naive,G_Naive
6,105,-5.49164392506388,0,0,2.1506888332116,3,20,3,0,0.001,6728.34220247181,-2.31083560775043,1.33,4.5,Naive,G_Naive
7,105,-5.73692213292721,0,0,2.06242977248042,3,20,3,0,0.001,6728.34220247181,-2.31083560775043,1.33,4.5,Naive,G_Naive
8,105,-5.76740972295072,0,0,1.8021532047827,3,20,3,0,0.001,6728.34220247181,-2.31083560775043,1.33,4.5,Naive,G_Naive
9,105,-5.48091309065978,0,0,2.04186614510529,3,20,3,0,0.001,6728.34220247181,-2.31083560775043,1.33,4.5,Naive,G_Naive
10,105,-5.64190081837116,0,0,1.80251736328726,3,20,3,0,0.001,6728.34220247181,-2.31083560775043,1.33,4.5,Naive,G_Naive
1,106,-5.81685513342122,0,0,1.15011376810793,3,20,3,0,0.001,6728.34220247181,-2.31083560775043,1.33,4.5,Naive,G_Naive
2,106,-5.62212985674476,0,0,1.25555254828478,3,20,3,0,0.001,6728.34220247181,-2.31083560775043,1.33,4.5,Naive,G_Naive
3,106,-5.26074653420188,0,0,1.63145405885272,3,20,3,0,0.001,6728.34220247181,-2.31083560775043,1.33,4.5,Naive,G_Naive
4,106,-5.4337971834437,0,0,1.17507220109009,3,20,3,0,0.001,6728.34220247181,-2.31083560775043,1.33,4.5,Naive,G_Naive
5,106,-5.11663346513622,0,0,1.74885563389677,3,20,3,0,0.001,6728.34220247181,-2.31083560775043,1.33,4.5,Naive,G_Naive
6,106,-5.11198431121125,0,0,1.63239693508246,3,20,3,0,0.001,6728.34220247181,-2.31083560775043,1.33,4.5,Naive,G_Naive
7,106,-4.8206299281397,0,0,1.42755161113806,3,20,3,0,0.001,6728.34220247181,-2.31083560775043,1.33,4.5,Naive,G_Naive
8,106,-5.22616247627025,0,0,1.53813818602623,3,20,3,0,0.001,6728.34220247181,-2.31083560775043,1.33,4.5,Naive,G_Naive
9,106,-5.12105914331612,0,0,1.49001850660184,3,20,3,0,0.001,6728.34220247181,-2.31083560775043,1.33,4.5,Naive,G_Naive
10,106,-5.52977360419285,0,0,1.23705388337789,3,20,3,0,0.001,6728.34220247181,-2.31083560775043,1.33,4.5,Naive,G_Naive
1,201,-6.69803692969728,0,0,1.59362068054502,3,20,3,0,0.001,6728.34220247181,-2.31083560775043,1.33,4.5,Convalescent,G_conv
2,201,-6.71432337894692,0,0,1.21554337993349,3,20,3,0,0.001,6728.34220247181,-2.31083560775043,1.33,4.5,Convalescent,G_conv
3,201,-6.93706129509371,0,0,1.6239623081728,3,20,3,0,0.001,6728.34220247181,-2.31083560775043,1.33,4.5,Convalescent,G_conv
4,201,-6.72971335000751,0,0,1.43805240914332,3,20,3,0,0.001,6728.34220247181,-2.31083560775043,1.33,4.5,Convalescent,G_conv
5,201,-6.81676280590371,0,0,1.68536670399253,3,20,3,0,0.001,6728.34220247181,-2.31083560775043,1.33,4.5,Convalescent,G_conv
6,201,-6.77539674093227,0,0,1.58312258576443,3,20,3,0,0.001,6728.34220247181,-2.31083560775043,1.33,4.5,Convalescent,G_conv
7,201,-6.575172895525,0,0,1.40364648903233,3,20,3,0,0.001,6728.34220247181,-2.31083560775043,1.33,4.5,Convalescent,G_conv
8,201,-6.86676950387023,0,0,1.02361945483001,3,20,3,0,0.001,6728.34220247181,-2.31083560775043,1.33,4.5,Convalescent,G_conv
9,201,-6.37356110198024,0,0,1.39037311638899,3,20,3,0,0.001,6728.34220247181,-2.31083560775043,1.33,4.5,Convalescent,G_conv
10,201,-6.58121708617901,0,0,1.30275999074897,3,20,3,0,0.001,6728.34220247181,-2.31083560775043,1.33,4.5,Convalescent,G_conv
1,202,-7.25756454156388,0,0,1.47976005456697,3,20,3,0,0.001,6728.34220247181,-2.31083560775043,1.33,4.5,Convalescent,G_conv
2,202,-7.25020113449858,0,0,1.34997024318259,3,20,3,0,0.001,6728.34220247181,-2.31083560775043,1.33,4.5,Convalescent,G_conv
3,202,-6.80663074830689,0,0,2.19645422466838,3,20,3,0,0.001,6728.34220247181,-2.31083560775043,1.33,4.5,Convalescent,G_conv
4,202,-7.36328493031868,0,0,1.51692925239911,3,20,3,0,0.001,6728.34220247181,-2.31083560775043,1.33,4.5,Convalescent,G_conv
5,202,-7.43081104079373,0,0,1.83513096239581,3,20,3,0,0.001,6728.34220247181,-2.31083560775043,1.33,4.5,Convalescent,G_conv
6,202,-7.09596260852116,0,0,2.56801979987562,3,20,3,0,0.001,6728.34220247181,-2.31083560775043,1.33,4.5,Convalescent,G_conv
7,202,-7.30392368829374,0,0,1.49843622043053,3,20,3,0,0.001,6728.34220247181,-2.31083560775043,1.33,4.5,Convalescent,G_conv
8,202,-7.21112693215421,0,0,1.41883929700921,3,20,3,0,0.001,6728.34220247181,-2.31083560775043,1.33,4.5,Convalescent,G_conv
9,202,-7.27563026763689,0,0,1.80558534212068,3,20,3,0,0.001,6728.34220247181,-2.31083560775043,1.33,4.5,Convalescent,G_conv
10,202,-7.59404345102096,0,0,1.52935401624863,3,20,3,0,0.001,6728.34220247181,-2.31083560775043,1.33,4.5,Convalescent,G_conv
1,203,-7.54511752543971,0,0,1.39121349878233,3,20,3,0,0.001,6728.34220247181,-2.31083560775043,1.33,4.5,Convalescent,G_conv
2,203,-6.98606249876776,0,0,1.60484316691034,3,20,3,0,0.001,6728.34220247181,-2.31083560775043,1.33,4.5,Convalescent,G_conv
3,203,-6.89597113038297,0,0,1.67795100705432,3,20,3,0,0.001,6728.34220247181,-2.31083560775043,1.33,4.5,Convalescent,G_conv
4,203,-7.14867416089621,0,0,1.73116730562241,3,20,3,0,0.001,6728.34220247181,-2.31083560775043,1.33,4.5,Convalescent,G_conv
5,203,-6.8920148186624,0,0,1.72427209237432,3,20,3,0,0.001,6728.34220247181,-2.31083560775043,1.33,4.5,Convalescent,G_conv
6,203,-7.10077444043896,0,0,1.8872462114301,3,20,3,0,0.001,6728.34220247181,-2.31083560775043,1.33,4.5,Convalescent,G_conv
7,203,-7.12960470651589,0,0,1.53498287978515,3,20,3,0,0.001,6728.34220247181,-2.31083560775043,1.33,4.5,Convalescent,G_conv
8,203,-6.87514569056222,0,0,1.93755400575358,3,20,3,0,0.001,6728.34220247181,-2.31083560775043,1.33,4.5,Convalescent,G_conv
9,203,-6.75616771323225,0,0,1.68596007141834,3,20,3,0,0.001,6728.34220247181,-2.31083560775043,1.33,4.5,Convalescent,G_conv
10,203,-6.9698978663916,0,0,2.03563063235108,3,20,3,0,0.001,6728.34220247181,-2.31083560775043,1.33,4.5,Convalescent,G_conv
1,204,-7.34136856337292,0,0,1.44288778296022,3,20,3,0,0.001,6728.34220247181,-2.31083560775043,1.33,4.5,Convalescent,G_conv
2,204,-7.24378157508024,0,0,1.34799705811142,3,20,3,0,0.001,6728.34220247181,-2.31083560775043,1.33,4.5,Convalescent,G_conv
3,204,-7.29202287296928,0,0,1.69714826824502,3,20,3,0,0.001,6728.34220247181,-2.31083560775043,1.33,4.5,Convalescent,G_conv
4,204,-7.29837279680583,0,0,1.58438304589541,3,20,3,0,0.001,6728.34220247181,-2.31083560775043,1.33,4.5,Convalescent,G_conv
5,204,-7.56579860726186,0,0,1.15849048149592,3,20,3,0,0.001,6728.34220247181,-2.31083560775043,1.33,4.5,Convalescent,G_conv
6,204,-7.33652114459167,0,0,1.86775672498102,3,20,3,0,0.001,6728.34220247181,-2.31083560775043,1.33,4.5,Convalescent,G_conv
7,204,-7.217993426649,0,0,1.23211864757035,3,20,3,0,0.001,6728.34220247181,-2.31083560775043,1.33,4.5,Convalescent,G_conv
8,204,-7.10545534235053,0,0,1.44778420148895,3,20,3,0,0.001,6728.34220247181,-2.31083560775043,1.33,4.5,Convalescent,G_conv
9,204,-6.75920387744032,0,0,2.12980449876355,3,20,3,0,0.001,6728.34220247181,-2.31083560775043,1.33,4.5,Convalescent,G_conv
10,204,-7.0331634676496,0,0,1.43486373500317,3,20,3,0,0.001,6728.34220247181,-2.31083560775043,1.33,4.5,Convalescent,G_conv
1,205,-7.2971233680874,0,0,1.44253359215095,3,20,3,0,0.001,6728.34220247181,-2.31083560775043,1.33,4.5,Convalescent,G_conv
2,205,-6.95352786694616,0,0,1.86578657365943,3,20,3,0,0.001,6728.34220247181,-2.31083560775043,1.33,4.5,Convalescent,G_conv
3,205,-7.05820126622099,0,0,1.38335538257674,3,20,3,0,0.001,6728.34220247181,-2.31083560775043,1.33,4.5,Convalescent,G_conv
4,205,-7.41595369221,0,0,1.51479819174528,3,20,3,0,0.001,6728.34220247181,-2.31083560775043,1.33,4.5,Convalescent,G_conv
5,205,-6.99031942464167,0,0,1.62748137135286,3,20,3,0,0.001,6728.34220247181,-2.31083560775043,1.33,4.5,Convalescent,G_conv
6,205,-6.72808830491658,0,0,1.42888084217543,3,20,3,0,0.001,6728.34220247181,-2.31083560775043,1.33,4.5,Convalescent,G_conv
7,205,-7.37781563012004,0,0,1.23206503670425,3,20,3,0,0.001,6728.34220247181,-2.31083560775043,1.33,4.5,Convalescent,G_conv
8,205,-7.01350011884755,0,0,1.62411350981029,3,20,3,0,0.001,6728.34220247181,-2.31083560775043,1.33,4.5,Convalescent,G_conv
9,205,-7.14268662563936,0,0,1.54185467515815,3,20,3,0,0.001,6728.34220247181,-2.31083560775043,1.33,4.5,Convalescent,G_conv
10,205,-7.68019061191224,0,0,1.4598342854145,3,20,3,0,0.001,6728.34220247181,-2.31083560775043,1.33,4.5,Convalescent,G_conv
1,206,-7.23704039677567,0,0,1.89002899700197,3,20,3,0,0.001,6728.34220247181,-2.31083560775043,1.33,4.5,Convalescent,G_conv
2,206,-7.01429566252114,0,0,1.67146954421866,3,20,3,0,0.001,6728.34220247181,-2.31083560775043,1.33,4.5,Convalescent,G_conv
3,206,-7.35903906575184,0,0,2.15395418829446,3,20,3,0,0.001,6728.34220247181,-2.31083560775043,1.33,4.5,Convalescent,G_conv
4,206,-7.62505553157053,0,0,1.54996320191848,3,20,3,0,0.001,6728.34220247181,-2.31083560775043,1.33,4.5,Convalescent,G_conv
5,206,-7.3136963115701,0,0,1.83907235991954,3,20,3,0,0.001,6728.34220247181,-2.31083560775043,1.33,4.5,Convalescent,G_conv
6,206,-7.18392933209317,0,0,2.31768638683086,3,20,3,0,0.001,6728.34220247181,-2.31083560775043,1.33,4.5,Convalescent,G_conv
7,206,-7.102574265299,0,0,2.13200365056257,3,20,3,0,0.001,6728.34220247181,-2.31083560775043,1.33,4.5,Convalescent,G_conv
8,206,-6.91990076761817,0,0,3.63443856598262,3,20,3,0,0.001,6728.34220247181,-2.31083560775043,1.33,4.5,Convalescent,G_conv
9,206,-7.29120115244793,0,0,2.39284607246017,3,20,3,0,0.001,6728.34220247181,-2.31083560775043,1.33,4.5,Convalescent,G_conv
10,206,-7.32808105078736,0,0,1.4980360813545,3,20,3,0,0.001,6728.34220247181,-2.31083560775043,1.33,4.5,Convalescent,G_conv
1,301,-7.98223780795381,0,0,1.8308812708425,3,20,3,0,0.001,6728.34220247181,-2.31083560775043,1.33,4.5,Conv-CD40,G_convCD40
2,301,-7.70645381755806,0,0,1.91732369971729,3,20,3,0,0.001,6728.34220247181,-2.31083560775043,1.33,4.5,Conv-CD40,G_convCD40
3,301,-7.93453640963207,0,0,1.37136835737579,3,20,3,0,0.001,6728.34220247181,-2.31083560775043,1.33,4.5,Conv-CD40,G_convCD40
4,301,-7.78689528755254,0,0,1.60624000904823,3,20,3,0,0.001,6728.34220247181,-2.31083560775043,1.33,4.5,Conv-CD40,G_convCD40
5,301,-7.76496660462026,0,0,2.03346715617163,3,20,3,0,0.001,6728.34220247181,-2.31083560775043,1.33,4.5,Conv-CD40,G_convCD40
6,301,-8.01354947355897,0,0,1.08025981892036,3,20,3,0,0.001,6728.34220247181,-2.31083560775043,1.33,4.5,Conv-CD40,G_convCD40
7,301,-8.10546727810043,0,0,0.993858174870282,3,20,3,0,0.001,6728.34220247181,-2.31083560775043,1.33,4.5,Conv-CD40,G_convCD40
8,301,-7.73138302814717,0,0,1.6898047349804,3,20,3,0,0.001,6728.34220247181,-2.31083560775043,1.33,4.5,Conv-CD40,G_convCD40
9,301,-7.90695871800821,0,0,1.84731425928416,3,20,3,0,0.001,6728.34220247181,-2.31083560775043,1.33,4.5,Conv-CD40,G_convCD40
10,301,-8.32515828179419,0,0,1.4463796417208,3,20,3,0,0.001,6728.34220247181,-2.31083560775043,1.33,4.5,Conv-CD40,G_convCD40
1,302,-8.36452827855093,0,0,1.83606719107239,3,20,3,0,0.001,6728.34220247181,-2.31083560775043,1.33,4.5,Conv-CD40,G_convCD40
2,302,-8.4088444561631,0,0,1.68648042401377,3,20,3,0,0.001,6728.34220247181,-2.31083560775043,1.33,4.5,Conv-CD40,G_convCD40
3,302,-8.40042157068126,0,0,1.21442950410708,3,20,3,0,0.001,6728.34220247181,-2.31083560775043,1.33,4.5,Conv-CD40,G_convCD40
4,302,-7.90882592150985,0,0,1.79125201917404,3,20,3,0,0.001,6728.34220247181,-2.31083560775043,1.33,4.5,Conv-CD40,G_convCD40
5,302,-7.69332088298573,0,0,1.85279293133753,3,20,3,0,0.001,6728.34220247181,-2.31083560775043,1.33,4.5,Conv-CD40,G_convCD40
6,302,-8.22374487268181,0,0,1.50635145501802,3,20,3,0,0.001,6728.34220247181,-2.31083560775043,1.33,4.5,Conv-CD40,G_convCD40
7,302,-8.17144920228971,0,0,2.39039798534124,3,20,3,0,0.001,6728.34220247181,-2.31083560775043,1.33,4.5,Conv-CD40,G_convCD40
8,302,-8.26959687096239,0,0,1.73617456183413,3,20,3,0,0.001,6728.34220247181,-2.31083560775043,1.33,4.5,Conv-CD40,G_convCD40
9,302,-8.29884219568373,0,0,1.63510060063926,3,20,3,0,0.001,6728.34220247181,-2.31083560775043,1.33,4.5,Conv-CD40,G_convCD40
10,302,-8.01890302896281,0,0,2.77165649328817,3,20,3,0,0.001,6728.34220247181,-2.31083560775043,1.33,4.5,Conv-CD40,G_convCD40
1,303,-8.18727546067763,0,0,1.86654651711773,3,20,3,0,0.001,6728.34220247181,-2.31083560775043,1.33,4.5,Conv-CD40,G_convCD40
2,303,-7.80490323680164,0,0,1.52122024907753,3,20,3,0,0.001,6728.34220247181,-2.31083560775043,1.33,4.5,Conv-CD40,G_convCD40
3,303,-8.03211017003726,0,0,1.90442990386001,3,20,3,0,0.001,6728.34220247181,-2.31083560775043,1.33,4.5,Conv-CD40,G_convCD40
4,303,-7.69914237931567,0,0,1.58642118797536,3,20,3,0,0.001,6728.34220247181,-2.31083560775043,1.33,4.5,Conv-CD40,G_convCD40
5,303,-7.88638052078038,0,0,2.60954016290965,3,20,3,0,0.001,6728.34220247181,-2.31083560775043,1.33,4.5,Conv-CD40,G_convCD40
6,303,-7.94871219609872,0,0,2.06498147211023,3,20,3,0,0.001,6728.34220247181,-2.31083560775043,1.33,4.5,Conv-CD40,G_convCD40
7,303,-8.09324713146582,0,0,1.87956202447778,3,20,3,0,0.001,6728.34220247181,-2.31083560775043,1.33,4.5,Conv-CD40,G_convCD40
8,303,-8.44234459665078,0,0,1.64992159284621,3,20,3,0,0.001,6728.34220247181,-2.31083560775043,1.33,4.5,Conv-CD40,G_convCD40
9,303,-7.77826608636396,0,0,1.97147680169851,3,20,3,0,0.001,6728.34220247181,-2.31083560775043,1.33,4.5,Conv-CD40,G_convCD40
10,303,-8.52562251738112,0,0,1.74680666877117,3,20,3,0,0.001,6728.34220247181,-2.31083560775043,1.33,4.5,Conv-CD40,G_convCD40
1,304,-7.58483208765873,0,0,1.74301069365082,3,20,3,0,0.001,6728.34220247181,-2.31083560775043,1.33,4.5,Conv-CD40,G_convCD40
2,304,-8.08091896962954,0,0,1.19004900913596,3,20,3,0,0.001,6728.34220247181,-2.31083560775043,1.33,4.5,Conv-CD40,G_convCD40
3,304,-7.72790277370777,0,0,1.97422072922459,3,20,3,0,0.001,6728.34220247181,-2.31083560775043,1.33,4.5,Conv-CD40,G_convCD40
4,304,-7.71252660847922,0,0,1.02481927185408,3,20,3,0,0.001,6728.34220247181,-2.31083560775043,1.33,4.5,Conv-CD40,G_convCD40
5,304,-7.97650259730504,0,0,1.30025553053616,3,20,3,0,0.001,6728.34220247181,-2.31083560775043,1.33,4.5,Conv-CD40,G_convCD40
6,304,-8.01248234304594,0,0,1.22418481034473,3,20,3,0,0.001,6728.34220247181,-2.31083560775043,1.33,4.5,Conv-CD40,G_convCD40
7,304,-8.05907166835519,0,0,1.42837514624371,3,20,3,0,0.001,6728.34220247181,-2.31083560775043,1.33,4.5,Conv-CD40,G_convCD40
8,304,-7.91300243355335,0,0,1.20557106223508,3,20,3,0,0.001,6728.34220247181,-2.31083560775043,1.33,4.5,Conv-CD40,G_convCD40
9,304,-7.89085350242678,0,0,1.71343553642973,3,20,3,0,0.001,6728.34220247181,-2.31083560775043,1.33,4.5,Conv-CD40,G_convCD40
10,304,-7.89782899225494,0,0,1.8604750275598,3,20,3,0,0.001,6728.34220247181,-2.31083560775043,1.33,4.5,Conv-CD40,G_convCD40
1,305,-7.90727332926506,0,0,1.57487746420537,3,20,3,0,0.001,6728.34220247181,-2.31083560775043,1.33,4.5,Conv-CD40,G_convCD40
2,305,-8.32602924220478,0,0,1.63703913406131,3,20,3,0,0.001,6728.34220247181,-2.31083560775043,1.33,4.5,Conv-CD40,G_convCD40
3,305,-7.63103204975622,0,0,1.92375191337813,3,20,3,0,0.001,6728.34220247181,-2.31083560775043,1.33,4.5,Conv-CD40,G_convCD40
4,305,-8.00722651278965,0,0,1.95422486998314,3,20,3,0,0.001,6728.34220247181,-2.31083560775043,1.33,4.5,Conv-CD40,G_convCD40
5,305,-7.70245710465742,0,0,1.93576756349452,3,20,3,0,0.001,6728.34220247181,-2.31083560775043,1.33,4.5,Conv-CD40,G_convCD40
6,305,-8.16274792022957,0,0,1.99563385399159,3,20,3,0,0.001,6728.34220247181,-2.31083560775043,1.33,4.5,Conv-CD40,G_convCD40
7,305,-7.5338218531681,0,0,1.66052988895019,3,20,3,0,0.001,6728.34220247181,-2.31083560775043,1.33,4.5,Conv-CD40,G_convCD40
8,305,-7.87111990832379,0,0,2.26497020850468,3,20,3,0,0.001,6728.34220247181,-2.31083560775043,1.33,4.5,Conv-CD40,G_convCD40
9,305,-8.08587289507334,0,0,1.78531482528905,3,20,3,0,0.001,6728.34220247181,-2.31083560775043,1.33,4.5,Conv-CD40,G_convCD40
10,305,-7.85777147398361,0,0,1.75640625621208,3,20,3,0,0.001,6728.34220247181,-2.31083560775043,1.33,4.5,Conv-CD40,G_convCD40
1,306,-7.86820478287253,0,0,1.75015985365506,3,20,3,0,0.001,6728.34220247181,-2.31083560775043,1.33,4.5,Conv-CD40,G_convCD40
2,306,-8.14733843510493,0,0,1.83070530904281,3,20,3,0,0.001,6728.34220247181,-2.31083560775043,1.33,4.5,Conv-CD40,G_convCD40
3,306,-7.63604411287294,0,0,1.70935828194149,3,20,3,0,0.001,6728.34220247181,-2.31083560775043,1.33,4.5,Conv-CD40,G_convCD40
4,306,-8.59409156948567,0,0,1.26569045942927,3,20,3,0,0.001,6728.34220247181,-2.31083560775043,1.33,4.5,Conv-CD40,G_convCD40
5,306,-7.94625105650325,0,0,1.58453684143098,3,20,3,0,0.001,6728.34220247181,-2.31083560775043,1.33,4.5,Conv-CD40,G_convCD40
6,306,-7.86038470713527,0,0,1.54065748358444,3,20,3,0,0.001,6728.34220247181,-2.31083560775043,1.33,4.5,Conv-CD40,G_convCD40
7,306,-8.02875734654807,0,0,1.70670136586835,3,20,3,0,0.001,6728.34220247181,-2.31083560775043,1.33,4.5,Conv-CD40,G_convCD40
8,306,-8.119386354612,0,0,1.50017365692852,3,20,3,0,0.001,6728.34220247181,-2.31083560775043,1.33,4.5,Conv-CD40,G_convCD40
9,306,-7.76357922304013,0,0,1.73165802970094,3,20,3,0,0.001,6728.34220247181,-2.31083560775043,1.33,4.5,Conv-CD40,G_convCD40
10,306,-8.25784221191969,0,0,1.51851968465286,3,20,3,0,0.001,6728.34220247181,-2.31083560775043,1.33,4.5,Conv-CD40,G_convCD40
