id,eta_beta_N_pow_SAEM,eta_fact_beta_T_SAEM,eta_fact_delta_T_SAEM,eta_delta_N_SAEM,eta_c_SAEM,eta_cI_SAEM,eta_k_SAEM,eta_g_SAEM,eta_mu_SAEM,eta_P_N_SAEM,eta_fact_P_T_SAEM,eta_alpha_VLSG_SAEM,eta_thresh_Weight_SAEM,eta_beta_immuno_SAEM,eta_beta_N_pow_mean,eta_fact_beta_T_mean,eta_fact_delta_T_mean,eta_delta_N_mean,eta_c_mean,eta_cI_mean,eta_k_mean,eta_g_mean,eta_mu_mean,eta_P_N_mean,eta_fact_P_T_mean,eta_alpha_VLSG_mean,eta_thresh_Weight_mean,eta_beta_immuno_mean,eta_beta_N_pow_mode,eta_fact_beta_T_mode,eta_fact_delta_T_mode,eta_delta_N_mode,eta_c_mode,eta_cI_mode,eta_k_mode,eta_g_mode,eta_mu_mode,eta_P_N_mode,eta_fact_P_T_mode,eta_alpha_VLSG_mode,eta_thresh_Weight_mode,eta_beta_immuno_mode,eta_beta_N_pow_sd,eta_fact_beta_T_sd,eta_fact_delta_T_sd,eta_delta_N_sd,eta_c_sd,eta_cI_sd,eta_k_sd,eta_g_sd,eta_mu_sd,eta_P_N_sd,eta_fact_P_T_sd,eta_alpha_VLSG_sd,eta_thresh_Weight_sd,eta_beta_immuno_sd,Group
101,2.09942,0,0,0.047331,0,0,0,0,0,0,0,0,0,0,2.09734,0,0,0.0578333,0,0,0,0,0,0,0,0,0,0,2.07308,0,0,0.0762489,0,0,0,0,0,0,0,0,0,0,0.204575,0,0,0.10036,0,0,0,0,0,0,0,0,0,0,Naive
102,1.82131,0,0,0.0486734,0,0,0,0,0,0,0,0,0,0,1.79982,0,0,0.0315287,0,0,0,0,0,0,0,0,0,0,1.63482,0,0,0.0751566,0,0,0,0,0,0,0,0,0,0,0.29763,0,0,0.116615,0,0,0,0,0,0,0,0,0,0,Naive
103,0.853999,0,0,0.0478517,0,0,0,0,0,0,0,0,0,0,0.890869,0,0,0.0598116,0,0,0,0,0,0,0,0,0,0,0.840802,0,0,0.0377183,0,0,0,0,0,0,0,0,0,0,0.34045,0,0,0.149504,0,0,0,0,0,0,0,0,0,0,Naive
104,1.11071,0,0,-0.277765,0,0,0,0,0,0,0,0,0,0,1.10811,0,0,-0.285805,0,0,0,0,0,0,0,0,0,0,1.13222,0,0,-0.269377,0,0,0,0,0,0,0,0,0,0,0.239389,0,0,0.098775,0,0,0,0,0,0,0,0,0,0,Naive
105,0.564501,0,0,-0.0572579,0,0,0,0,0,0,0,0,0,0,0.591531,0,0,-0.0365989,0,0,0,0,0,0,0,0,0,0,0.576943,0,0,-0.044918,0,0,0,0,0,0,0,0,0,0,0.324735,0,0,0.14987,0,0,0,0,0,0,0,0,0,0,Naive
106,1.19865,0,0,-0.0545208,0,0,0,0,0,0,0,0,0,0,1.19639,0,0,-0.0303725,0,0,0,0,0,0,0,0,0,0,1.17095,0,0,-0.0396076,0,0,0,0,0,0,0,0,0,0,0.350674,0,0,0.129769,0,0,0,0,0,0,0,0,0,0,Naive
201,0.280643,0,0,-0.058341,0,0,0,0,0,0,0,0,0,0,0.273829,0,0,-0.0491909,0,0,0,0,0,0,0,0,0,0,0.306334,0,0,-0.0440207,0,0,0,0,0,0,0,0,0,0,0.302398,0,0,0.139597,0,0,0,0,0,0,0,0,0,0,Convalescent
202,-0.353352,0,0,0.0311359,0,0,0,0,0,0,0,0,0,0,-0.345078,0,0,0.0231918,0,0,0,0,0,0,0,0,0,0,-0.345178,0,0,0.0259795,0,0,0,0,0,0,0,0,0,0,0.314616,0,0,0.156774,0,0,0,0,0,0,0,0,0,0,Convalescent
203,-0.209883,0,0,0.0231862,0,0,0,0,0,0,0,0,0,0,-0.234904,0,0,-0.00111073,0,0,0,0,0,0,0,0,0,0,-0.214352,0,0,0.0138869,0,0,0,0,0,0,0,0,0,0,0.322006,0,0,0.14946,0,0,0,0,0,0,0,0,0,0,Convalescent
204,-0.182307,0,0,-0.0291169,0,0,0,0,0,0,0,0,0,0,-0.150289,0,0,-0.0315883,0,0,0,0,0,0,0,0,0,0,-0.158283,0,0,-0.0335918,0,0,0,0,0,0,0,0,0,0,0.313662,0,0,0.135006,0,0,0,0,0,0,0,0,0,0,Convalescent
205,-0.26389,0,0,-0.0618424,0,0,0,0,0,0,0,0,0,0,-0.305813,0,0,-0.0767892,0,0,0,0,0,0,0,0,0,0,-0.273044,0,0,-0.0703665,0,0,0,0,0,0,0,0,0,0,0.306943,0,0,0.138163,0,0,0,0,0,0,0,0,0,0,Convalescent
206,-0.515393,0,0,0.0856593,0,0,0,0,0,0,0,0,0,0,-0.510194,0,0,0.0891776,0,0,0,0,0,0,0,0,0,0,-0.50103,0,0,0.0852229,0,0,0,0,0,0,0,0,0,0,0.370833,0,0,0.170756,0,0,0,0,0,0,0,0,0,0,Convalescent
301,-0.866647,0,0,0.0498477,0,0,0,0,0,0,0,0,0,0,-0.900202,0,0,0.0153563,0,0,0,0,0,0,0,0,0,0,-0.882419,0,0,0.0429179,0,0,0,0,0,0,0,0,0,0,0.393302,0,0,0.157821,0,0,0,0,0,0,0,0,0,0,Conv-CD40
302,-1.48191,0,0,0.0745003,0,0,0,0,0,0,0,0,0,0,-1.50702,0,0,0.0396346,0,0,0,0,0,0,0,0,0,0,-1.44225,0,0,0.0571015,0,0,0,0,0,0,0,0,0,0,0.437295,0,0,0.172371,0,0,0,0,0,0,0,0,0,0,Conv-CD40
303,-1.12302,0,0,0.0448316,0,0,0,0,0,0,0,0,0,0,-1.13572,0,0,0.0346995,0,0,0,0,0,0,0,0,0,0,-1.11242,0,0,0.0478788,0,0,0,0,0,0,0,0,0,0,0.380756,0,0,0.155792,0,0,0,0,0,0,0,0,0,0,Conv-CD40
304,-0.627435,0,0,-0.0361722,0,0,0,0,0,0,0,0,0,0,-0.671076,0,0,-0.0469417,0,0,0,0,0,0,0,0,0,0,-0.63696,0,0,-0.0502893,0,0,0,0,0,0,0,0,0,0,0.337172,0,0,0.168334,0,0,0,0,0,0,0,0,0,0,Conv-CD40
305,-1.09826,0,0,0.055585,0,0,0,0,0,0,0,0,0,0,-1.1019,0,0,0.0485038,0,0,0,0,0,0,0,0,0,0,-1.07456,0,0,0.0562277,0,0,0,0,0,0,0,0,0,0,0.411351,0,0,0.161666,0,0,0,0,0,0,0,0,0,0,Conv-CD40
306,-1.21177,0,0,0.0112186,0,0,0,0,0,0,0,0,0,0,-1.22338,0,0,0.0332243,0,0,0,0,0,0,0,0,0,0,-1.20511,0,0,0.00895965,0,0,0,0,0,0,0,0,0,0,0.382069,0,0,0.158435,0,0,0,0,0,0,0,0,0,0,Conv-CD40
