rep,id,eta_beta_N_pow,eta_fact_beta_T,eta_fact_delta_T,eta_delta_N,eta_c,eta_cI,eta_k,eta_g,eta_mu,eta_P_N,eta_fact_P_T,eta_alpha_VLSG,eta_thresh_Weight,eta_beta_immuno,Group
1,101,2.18923418852459,0,0,0.0490654796312475,0,0,0,0,0,0,0,0,0,0,Naive
2,101,2.14436438157535,0,0,0.139474218488924,0,0,0,0,0,0,0,0,0,0,Naive
3,101,1.98188398018769,0,0,0.0263170597921107,0,0,0,0,0,0,0,0,0,0,Naive
4,101,1.94646225758376,0,0,0.188662443951425,0,0,0,0,0,0,0,0,0,0,Naive
5,101,2.22961823356693,0,0,0.0445911046403952,0,0,0,0,0,0,0,0,0,0,Naive
6,101,2.48089650979725,0,0,0.138500440355329,0,0,0,0,0,0,0,0,0,0,Naive
7,101,2.05350679176579,0,0,0.264614462121664,0,0,0,0,0,0,0,0,0,0,Naive
8,101,2.13900123844554,0,0,0.00903956011211086,0,0,0,0,0,0,0,0,0,0,Naive
9,101,2.42739952175772,0,0,0.0696675520103773,0,0,0,0,0,0,0,0,0,0,Naive
10,101,2.04076776864709,0,0,0.177036221531614,0,0,0,0,0,0,0,0,0,0,Naive
1,102,2.09450215106807,0,0,-0.0987462461800013,0,0,0,0,0,0,0,0,0,0,Naive
2,102,1.90843733684592,0,0,-0.0491600739664053,0,0,0,0,0,0,0,0,0,0,Naive
3,102,1.9406107325106,0,0,0.118247985421973,0,0,0,0,0,0,0,0,0,0,Naive
4,102,2.14596745668733,0,0,-0.0266501585003615,0,0,0,0,0,0,0,0,0,0,Naive
5,102,1.49989641502456,0,0,-0.0537688698313039,0,0,0,0,0,0,0,0,0,0,Naive
6,102,1.62906651502932,0,0,-0.0474376991298294,0,0,0,0,0,0,0,0,0,0,Naive
7,102,2.22738623862724,0,0,-0.148411910870057,0,0,0,0,0,0,0,0,0,0,Naive
8,102,1.51807411513049,0,0,-0.119664252744004,0,0,0,0,0,0,0,0,0,0,Naive
9,102,1.5637859992795,0,0,0.000302232083260526,0,0,0,0,0,0,0,0,0,0,Naive
10,102,1.52871556206262,0,0,0.22670564058766,0,0,0,0,0,0,0,0,0,0,Naive
1,103,0.812289124605855,0,0,0.0326129502559935,0,0,0,0,0,0,0,0,0,0,Naive
2,103,1.01813488982574,0,0,0.199822605795736,0,0,0,0,0,0,0,0,0,0,Naive
3,103,1.53314118838728,0,0,0.274738667807847,0,0,0,0,0,0,0,0,0,0,Naive
4,103,0.46717828339566,0,0,0.0182275319328193,0,0,0,0,0,0,0,0,0,0,Naive
5,103,1.25667548780482,0,0,0.155915339281776,0,0,0,0,0,0,0,0,0,0,Naive
6,103,0.606317696132163,0,0,-0.0263249016489295,0,0,0,0,0,0,0,0,0,0,Naive
7,103,0.683920201872801,0,0,-0.0987519939954677,0,0,0,0,0,0,0,0,0,0,Naive
8,103,0.589877244733301,0,0,-0.107965373072886,0,0,0,0,0,0,0,0,0,0,Naive
9,103,0.801188707102344,0,0,-0.0637020220532363,0,0,0,0,0,0,0,0,0,0,Naive
10,103,1.07281709420481,0,0,0.00579547960743858,0,0,0,0,0,0,0,0,0,0,Naive
1,104,0.830022293297162,0,0,-0.482291644287901,0,0,0,0,0,0,0,0,0,0,Naive
2,104,1.02067902230055,0,0,-0.394449324004197,0,0,0,0,0,0,0,0,0,0,Naive
3,104,1.32975172397266,0,0,-0.181047047595665,0,0,0,0,0,0,0,0,0,0,Naive
4,104,1.00061429220363,0,0,-0.268822792646782,0,0,0,0,0,0,0,0,0,0,Naive
5,104,1.29200439465659,0,0,-0.282551565486338,0,0,0,0,0,0,0,0,0,0,Naive
6,104,0.76550991267103,0,0,-0.261460262011782,0,0,0,0,0,0,0,0,0,0,Naive
7,104,0.968619705984893,0,0,-0.307791066716758,0,0,0,0,0,0,0,0,0,0,Naive
8,104,1.16766994812157,0,0,-0.327569782018385,0,0,0,0,0,0,0,0,0,0,Naive
9,104,0.999572081428786,0,0,-0.255749411375392,0,0,0,0,0,0,0,0,0,0,Naive
10,104,1.30856065286592,0,0,-0.142302871537559,0,0,0,0,0,0,0,0,0,0,Naive
1,105,0.466297797246185,0,0,-0.0773294066079383,0,0,0,0,0,0,0,0,0,0,Naive
2,105,0.576964733033861,0,0,-0.0248788292332692,0,0,0,0,0,0,0,0,0,0,Naive
3,105,0.534449493867572,0,0,0.0205761379649053,0,0,0,0,0,0,0,0,0,0,Naive
4,105,0.730200728185748,0,0,-0.0121370263948208,0,0,0,0,0,0,0,0,0,0,Naive
5,105,0.780867425621223,0,0,-0.00414212021147423,0,0,0,0,0,0,0,0,0,0,Naive
6,105,0.51694770229605,0,0,0.0703574629056996,0,0,0,0,0,0,0,0,0,0,Naive
7,105,0.547033569487279,0,0,-0.0878431717088183,0,0,0,0,0,0,0,0,0,0,Naive
8,105,0.671850044816105,0,0,0.194441558632657,0,0,0,0,0,0,0,0,0,0,Naive
9,105,0.530899987788621,0,0,0.0212211302560179,0,0,0,0,0,0,0,0,0,0,Naive
10,105,0.482191573487664,0,0,-0.0148571804873593,0,0,0,0,0,0,0,0,0,0,Naive
1,106,1.13594718897934,0,0,-0.0730657736694379,0,0,0,0,0,0,0,0,0,0,Naive
2,106,0.924172897507466,0,0,-0.175248122560108,0,0,0,0,0,0,0,0,0,0,Naive
3,106,1.38426454879679,0,0,0.0192090821860269,0,0,0,0,0,0,0,0,0,0,Naive
4,106,0.650261496709241,0,0,-0.254779846126425,0,0,0,0,0,0,0,0,0,0,Naive
5,106,1.42446150612713,0,0,-0.126249396344394,0,0,0,0,0,0,0,0,0,0,Naive
6,106,0.805035482223007,0,0,-0.165528874026297,0,0,0,0,0,0,0,0,0,0,Naive
7,106,1.52226263059906,0,0,0.0486050948460242,0,0,0,0,0,0,0,0,0,0,Naive
8,106,1.40672744452982,0,0,0.206813936815557,0,0,0,0,0,0,0,0,0,0,Naive
9,106,1.34870176026115,0,0,-0.0625484499205573,0,0,0,0,0,0,0,0,0,0,Naive
10,106,1.13228180008005,0,0,-0.132311931059069,0,0,0,0,0,0,0,0,0,0,Naive
1,201,0.39548998841521,0,0,-0.145410125941998,0,0,0,0,0,0,0,0,0,0,Convalescent
2,201,0.747437004706323,0,0,0.0500132088159664,0,0,0,0,0,0,0,0,0,0,Convalescent
3,201,0.506853365804439,0,0,0.215404212251902,0,0,0,0,0,0,0,0,0,0,Convalescent
4,201,0.211439259096587,0,0,-0.0823773870569559,0,0,0,0,0,0,0,0,0,0,Convalescent
5,201,0.227418521179269,0,0,0.289330383670143,0,0,0,0,0,0,0,0,0,0,Convalescent
6,201,0.540995181172922,0,0,0.117209795888775,0,0,0,0,0,0,0,0,0,0,Convalescent
7,201,0.465071562702723,0,0,-0.16195150680588,0,0,0,0,0,0,0,0,0,0,Convalescent
8,201,0.449937973365286,0,0,-0.1334302911293,0,0,0,0,0,0,0,0,0,0,Convalescent
9,201,0.325922144949554,0,0,-0.209180794538458,0,0,0,0,0,0,0,0,0,0,Convalescent
10,201,0.127072220149434,0,0,-0.0902829352562293,0,0,0,0,0,0,0,0,0,0,Convalescent
1,202,-0.58830553069204,0,0,-0.0598334367437724,0,0,0,0,0,0,0,0,0,0,Convalescent
2,202,-0.381523719813522,0,0,-0.0892100957563482,0,0,0,0,0,0,0,0,0,0,Convalescent
3,202,-0.23261383324168,0,0,-0.0113889674159923,0,0,0,0,0,0,0,0,0,0,Convalescent
4,202,-0.722947111022458,0,0,-0.0736774861918297,0,0,0,0,0,0,0,0,0,0,Convalescent
5,202,-0.511714511837094,0,0,0.0820164245672175,0,0,0,0,0,0,0,0,0,0,Convalescent
6,202,-0.23224873903949,0,0,0.312349765440445,0,0,0,0,0,0,0,0,0,0,Convalescent
7,202,-0.550954417269461,0,0,-0.0598483133367811,0,0,0,0,0,0,0,0,0,0,Convalescent
8,202,-0.275659449276485,0,0,0.252955216621961,0,0,0,0,0,0,0,0,0,0,Convalescent
9,202,-0.252563175090495,0,0,0.133525586655312,0,0,0,0,0,0,0,0,0,0,Convalescent
10,202,-0.62750142910224,0,0,-0.00577435379681257,0,0,0,0,0,0,0,0,0,0,Convalescent
1,203,-0.311764739224773,0,0,-0.113093320330337,0,0,0,0,0,0,0,0,0,0,Convalescent
2,203,-0.674971371243332,0,0,-0.1451143894279,0,0,0,0,0,0,0,0,0,0,Convalescent
3,203,-0.0114953668638668,0,0,-0.031137680007804,0,0,0,0,0,0,0,0,0,0,Convalescent
4,203,-0.311159703543699,0,0,0.153883752623454,0,0,0,0,0,0,0,0,0,0,Convalescent
5,203,-0.681690700116057,0,0,-0.0427349399587521,0,0,0,0,0,0,0,0,0,0,Convalescent
6,203,-0.352683318376652,0,0,0.0477492783008186,0,0,0,0,0,0,0,0,0,0,Convalescent
7,203,-0.711806470229072,0,0,-0.12734530749952,0,0,0,0,0,0,0,0,0,0,Convalescent
8,203,0.223798225976184,0,0,0.530162886598281,0,0,0,0,0,0,0,0,0,0,Convalescent
9,203,-0.0908771472212418,0,0,0.0835528986041705,0,0,0,0,0,0,0,0,0,0,Convalescent
10,203,-0.56446353877064,0,0,-0.0635108130522571,0,0,0,0,0,0,0,0,0,0,Convalescent
1,204,-0.507731964426093,0,0,-0.110300945298532,0,0,0,0,0,0,0,0,0,0,Convalescent
2,204,-0.839168276097195,0,0,-0.261802840936091,0,0,0,0,0,0,0,0,0,0,Convalescent
3,204,-0.240161146000722,0,0,0.0857453092078776,0,0,0,0,0,0,0,0,0,0,Convalescent
4,204,-0.141002679801154,0,0,-0.154926049966517,0,0,0,0,0,0,0,0,0,0,Convalescent
5,204,-0.594556217018561,0,0,-0.12898318262185,0,0,0,0,0,0,0,0,0,0,Convalescent
6,204,-0.47325685572497,0,0,0.0884574529125182,0,0,0,0,0,0,0,0,0,0,Convalescent
7,204,-0.170906577737151,0,0,-0.150987260339283,0,0,0,0,0,0,0,0,0,0,Convalescent
8,204,-0.223408100508201,0,0,-0.0305080887430749,0,0,0,0,0,0,0,0,0,0,Convalescent
9,204,0.193441694823553,0,0,0.0157363572945717,0,0,0,0,0,0,0,0,0,0,Convalescent
10,204,0.0932896991442333,0,0,0.175893348731113,0,0,0,0,0,0,0,0,0,0,Convalescent
1,205,-0.195696470387653,0,0,-0.17030912831324,0,0,0,0,0,0,0,0,0,0,Convalescent
2,205,0.0103567368406536,0,0,0.0173912391152769,0,0,0,0,0,0,0,0,0,0,Convalescent
3,205,-0.109353897216969,0,0,0.222578664015463,0,0,0,0,0,0,0,0,0,0,Convalescent
4,205,-0.766806839320034,0,0,-0.274108162454936,0,0,0,0,0,0,0,0,0,0,Convalescent
5,205,0.155282984066732,0,0,-0.0158361940479963,0,0,0,0,0,0,0,0,0,0,Convalescent
6,205,0.12052523461448,0,0,-0.0312097136760593,0,0,0,0,0,0,0,0,0,0,Convalescent
7,205,-0.440742305905672,0,0,-0.0503030776482207,0,0,0,0,0,0,0,0,0,0,Convalescent
8,205,-0.896345324961675,0,0,-0.0265577711854587,0,0,0,0,0,0,0,0,0,0,Convalescent
9,205,-0.631807504858954,0,0,-0.0373865722867935,0,0,0,0,0,0,0,0,0,0,Convalescent
10,205,-0.489525800882173,0,0,0.0212128872980144,0,0,0,0,0,0,0,0,0,0,Convalescent
1,206,-0.921937039868222,0,0,-0.0450169897056226,0,0,0,0,0,0,0,0,0,0,Convalescent
2,206,0.0837504166943008,0,0,0.353051579578705,0,0,0,0,0,0,0,0,0,0,Convalescent
3,206,-0.442517186721745,0,0,0.135596636515232,0,0,0,0,0,0,0,0,0,0,Convalescent
4,206,-1.35760148841332,0,0,-0.228606866273767,0,0,0,0,0,0,0,0,0,0,Convalescent
5,206,-0.368843818710199,0,0,0.24781382964016,0,0,0,0,0,0,0,0,0,0,Convalescent
6,206,-1.00246387951508,0,0,-0.172072113945527,0,0,0,0,0,0,0,0,0,0,Convalescent
7,206,0.0203520970066962,0,0,0.219433737569451,0,0,0,0,0,0,0,0,0,0,Convalescent
8,206,-0.522287249371604,0,0,0.568756934776367,0,0,0,0,0,0,0,0,0,0,Convalescent
9,206,-0.40717694396778,0,0,0.107155176655094,0,0,0,0,0,0,0,0,0,0,Convalescent
10,206,-0.555361919883656,0,0,-0.259356861864367,0,0,0,0,0,0,0,0,0,0,Convalescent
1,301,-0.973950576792215,0,0,-0.31102858323361,0,0,0,0,0,0,0,0,0,0,Conv-CD40
2,301,-0.610169685407501,0,0,0.154132429007811,0,0,0,0,0,0,0,0,0,0,Conv-CD40
3,301,-0.789915869282869,0,0,-0.0143219913008335,0,0,0,0,0,0,0,0,0,0,Conv-CD40
4,301,-0.985225659921088,0,0,0.137437857829901,0,0,0,0,0,0,0,0,0,0,Conv-CD40
5,301,-0.915739598179062,0,0,0.114596883373989,0,0,0,0,0,0,0,0,0,0,Conv-CD40
6,301,-0.741038979152201,0,0,-0.285192013931917,0,0,0,0,0,0,0,0,0,0,Conv-CD40
7,301,-1.22932312352397,0,0,-0.285077248709973,0,0,0,0,0,0,0,0,0,0,Conv-CD40
8,301,-0.602397872320209,0,0,0.207506443750858,0,0,0,0,0,0,0,0,0,0,Conv-CD40
9,301,-0.357723783452213,0,0,0.341162811738282,0,0,0,0,0,0,0,0,0,0,Conv-CD40
10,301,-1.24337677392294,0,0,-0.305981902478449,0,0,0,0,0,0,0,0,0,0,Conv-CD40
1,302,-1.53229187848894,0,0,0.0460046741428796,0,0,0,0,0,0,0,0,0,0,Conv-CD40
2,302,-1.80162141519771,0,0,0.0815607889880098,0,0,0,0,0,0,0,0,0,0,Conv-CD40
3,302,-1.95364637732471,0,0,-0.170366268680676,0,0,0,0,0,0,0,0,0,0,Conv-CD40
4,302,-1.30339873521551,0,0,0.0315237581065728,0,0,0,0,0,0,0,0,0,0,Conv-CD40
5,302,-1.51264835972408,0,0,0.0139709944616768,0,0,0,0,0,0,0,0,0,0,Conv-CD40
6,302,-1.46822230897586,0,0,-0.154782731411752,0,0,0,0,0,0,0,0,0,0,Conv-CD40
7,302,-1.41423309342269,0,0,0.344401351765739,0,0,0,0,0,0,0,0,0,0,Conv-CD40
8,302,-1.86651462023899,0,0,-0.0369588280422829,0,0,0,0,0,0,0,0,0,0,Conv-CD40
9,302,-1.16709199385511,0,0,-0.0546647455557921,0,0,0,0,0,0,0,0,0,0,Conv-CD40
10,302,-0.621944032670906,0,0,0.310432927457015,0,0,0,0,0,0,0,0,0,0,Conv-CD40
1,303,-0.968984918843178,0,0,0.173926350615548,0,0,0,0,0,0,0,0,0,0,Conv-CD40
2,303,-0.384620229051402,0,0,-0.131583849367462,0,0,0,0,0,0,0,0,0,0,Conv-CD40
3,303,-1.00212202966774,0,0,-0.143657683898303,0,0,0,0,0,0,0,0,0,0,Conv-CD40
4,303,-1.64305388756712,0,0,-0.291762329248681,0,0,0,0,0,0,0,0,0,0,Conv-CD40
5,303,-1.22132601935713,0,0,-0.0233416622920067,0,0,0,0,0,0,0,0,0,0,Conv-CD40
6,303,-0.884785876324142,0,0,0.173757016335334,0,0,0,0,0,0,0,0,0,0,Conv-CD40
7,303,-1.3053615690813,0,0,0.0198373474423342,0,0,0,0,0,0,0,0,0,0,Conv-CD40
8,303,-1.86103037734299,0,0,-0.246901689164912,0,0,0,0,0,0,0,0,0,0,Conv-CD40
9,303,-0.230686685430694,0,0,0.0127750324547077,0,0,0,0,0,0,0,0,0,0,Conv-CD40
10,303,-1.52210214179555,0,0,-0.156920927088416,0,0,0,0,0,0,0,0,0,0,Conv-CD40
1,304,-0.012109240891041,0,0,-0.00573226010528211,0,0,0,0,0,0,0,0,0,0,Conv-CD40
2,304,-0.63263351717286,0,0,-0.188034323166775,0,0,0,0,0,0,0,0,0,0,Conv-CD40
3,304,-0.482552609025317,0,0,0.0945268025449207,0,0,0,0,0,0,0,0,0,0,Conv-CD40
4,304,-0.903498109675227,0,0,-0.124228504955881,0,0,0,0,0,0,0,0,0,0,Conv-CD40
5,304,-0.427288274457769,0,0,-0.0128632795450185,0,0,0,0,0,0,0,0,0,0,Conv-CD40
6,304,-0.53447078953534,0,0,-0.06621093289281,0,0,0,0,0,0,0,0,0,0,Conv-CD40
7,304,-1.23939006963469,0,0,-0.385686682935233,0,0,0,0,0,0,0,0,0,0,Conv-CD40
8,304,-0.730600107838682,0,0,-0.15797163176236,0,0,0,0,0,0,0,0,0,0,Conv-CD40
9,304,-0.483188118650678,0,0,0.345471657977674,0,0,0,0,0,0,0,0,0,0,Conv-CD40
10,304,-0.774331852008123,0,0,-0.0828681068592172,0,0,0,0,0,0,0,0,0,0,Conv-CD40
1,305,-0.990668584198112,0,0,0.201219137269927,0,0,0,0,0,0,0,0,0,0,Conv-CD40
2,305,-1.39447784324378,0,0,0.0247991325299321,0,0,0,0,0,0,0,0,0,0,Conv-CD40
3,305,-1.01333244055654,0,0,0.0222556425616707,0,0,0,0,0,0,0,0,0,0,Conv-CD40
4,305,-1.36735801486162,0,0,0.131023637670966,0,0,0,0,0,0,0,0,0,0,Conv-CD40
5,305,-0.638789952618064,0,0,0.241901872220729,0,0,0,0,0,0,0,0,0,0,Conv-CD40
6,305,-1.1675271129904,0,0,0.213634294345522,0,0,0,0,0,0,0,0,0,0,Conv-CD40
7,305,-0.427013656185343,0,0,0.118797173022794,0,0,0,0,0,0,0,0,0,0,Conv-CD40
8,305,-1.03156940925049,0,0,0.146934420909302,0,0,0,0,0,0,0,0,0,0,Conv-CD40
9,305,-1.43833310752156,0,0,-0.0270656653641669,0,0,0,0,0,0,0,0,0,0,Conv-CD40
10,305,-0.921941150350191,0,0,-0.0540396025582759,0,0,0,0,0,0,0,0,0,0,Conv-CD40
1,306,-1.25949276491273,0,0,-0.0205399298995461,0,0,0,0,0,0,0,0,0,0,Conv-CD40
2,306,-1.09340251524165,0,0,0.179597297994733,0,0,0,0,0,0,0,0,0,0,Conv-CD40
3,306,-1.72760737087525,0,0,0.0741363640664033,0,0,0,0,0,0,0,0,0,0,Conv-CD40
4,306,-1.71957979825854,0,0,-0.0234742837826056,0,0,0,0,0,0,0,0,0,0,Conv-CD40
5,306,-1.06061866286712,0,0,-0.129662671832756,0,0,0,0,0,0,0,0,0,0,Conv-CD40
6,306,-0.589733709159075,0,0,0.107128197449717,0,0,0,0,0,0,0,0,0,0,Conv-CD40
7,306,-0.123959890250097,0,0,-0.268605024676625,0,0,0,0,0,0,0,0,0,0,Conv-CD40
8,306,-0.94651271006748,0,0,0.143777915541285,0,0,0,0,0,0,0,0,0,0,Conv-CD40
9,306,-0.64859216493176,0,0,0.117875318480086,0,0,0,0,0,0,0,0,0,0,Conv-CD40
10,306,-1.23176973486527,0,0,0.0310359421876463,0,0,0,0,0,0,0,0,0,0,Conv-CD40
