id,time,y3,Weight_,ECL_Slope,ECL_Intercept,popPred_medianCOV,popPred,indivPred_SAEM,indivPred_mean,indivPred_mode,indWRes_SAEM,indWRes_mean,indWRes_mode
101,0,2.67761,5.00633,-227224,1.05997e+6,-5,-5,-5,-5,-5,6.3518,6.3518,6.3518
101,1,8.77434,5.00633,-227224,1.05997e+6,5.02937,5.02937,6.95448,6.96543,6.92926,1.50559,1.49654,1.52646
101,2,6.5144,5.00633,-227224,1.05997e+6,4.75794,4.75794,6.82683,6.83818,6.78468,-0.258479,-0.267865,-0.223606
101,3,6.38684,5.00633,-227224,1.05997e+6,4.25657,4.25657,6.55935,6.56891,6.498,-0.142718,-0.15063,-0.0919619
101,4,5.35364,5.00633,26405.3,45454.9,3.64205,3.64205,6.21168,6.21772,6.13121,-0.709872,-0.714867,-0.643293
101,6,5.9113,5.00633,26405.3,45454.9,2.23971,2.23971,5.41938,5.41583,5.30257,0.406973,0.409907,0.503612
101,9,3.86635,5.00633,2770.75,258166,0.164599,0.164599,4.27762,4.25898,4.11011,-0.340256,-0.324835,-0.201673
101,14,2.9995,5.00633,2770.75,258166,-3.1627,-3.1627,2.44406,2.40061,2.19393,0.459522,0.495465,0.666461
101,20,2.67761,5.00633,0,313581,-5,-5,0.269474,0.196438,-0.0792799,1.99229,2.05271,2.28081
102,0,2.67761,3.70972,121482,552049,-5,-5,-5,-5,-5,6.3518,6.3518,6.3518
102,1,9.29936,3.70972,121482,552049,5.2605,5.2605,7.0769,7.03596,7.00853,1.83867,1.87255,1.89523
102,2,8.29755,3.70972,121482,552049,4.98139,4.98139,6.98916,6.9429,6.89895,1.08245,1.12073,1.15708
102,3,7.92152,3.70972,121482,552049,4.55621,4.55621,6.84197,6.79082,6.73112,0.893135,0.935446,0.984838
102,4,5.97264,3.70972,-119446,1.51576e+6,4.1318,4.1318,6.69973,6.64664,6.57392,-0.601536,-0.55761,-0.497447
102,6,5.43196,3.70972,-119446,1.51576e+6,3.28585,3.28585,6.3762,6.32582,6.2314,-0.781185,-0.739507,-0.661394
102,9,7.35313,3.70972,12404.7,329105,1.7589,1.7589,5.65519,5.61836,5.49248,1.40473,1.4352,1.53934
102,14,2.67761,3.70972,12404.7,329105,-1.15583,-1.15583,4.21628,4.20795,4.03062,-1.27297,-1.26607,-1.11937
102,20,3.03231,3.70972,0,577199,-4.51485,-4.51485,2.58756,2.61302,2.37735,0.367946,0.346888,0.541859
103,0,2.67761,5.15609,-56696.2,387296,-5,-5,-5,-5,-5,6.3518,6.3518,6.3518
103,1,7.06045,5.15609,-56696.2,387296,4.94162,4.94162,5.83962,5.84041,5.81434,1.01001,1.00936,1.03093
103,2,4.40826,5.15609,-56696.2,387296,4.55969,4.55969,5.46124,5.45842,5.44027,-0.871148,-0.86882,-0.853802
103,3,4.66562,5.15609,-56696.2,387296,3.95781,3.95781,4.88973,4.88264,4.8723,-0.185412,-0.179547,-0.17099
103,4,2.69658,5.15609,-168.925,161187,3.28307,3.28307,4.26723,4.25557,4.25255,-1.29943,-1.28978,-1.28728
103,6,3.47487,5.15609,-168.925,161187,1.85484,1.85484,2.97818,2.95717,2.96777,0.410917,0.428301,0.419527
103,9,2.67761,5.15609,-5099.52,205562,-0.312225,-0.312225,1.04076,1.00582,1.03614,1.35419,1.38309,1.35801
103,14,2.67761,5.15609,-5099.52,205562,-3.94904,-3.94904,-2.20887,-2.26709,-2.20391,4.04266,4.09082,4.03855
103,20,2.67761,5.15609,0,103572,-5,-5,-5,-5,-5,6.3518,6.3518,6.3518
104,0,2.67761,3.50043,-6490.93,207751,-5,-5,-5,-5,-5,6.3518,6.3518,6.3518
104,1,6.50412,3.50043,-6490.93,207751,5.19009,5.19009,6.27784,6.29646,6.31824,0.187203,0.171795,0.153774
104,2,7.56065,3.50043,-6490.93,207751,4.77896,4.77896,6.00197,6.03275,6.04645,1.28952,1.26406,1.25273
104,3,3.69978,3.50043,-6490.93,207751,4.15587,4.15587,5.58362,5.6294,5.63559,-1.55853,-1.59641,-1.60152
104,4,5.19065,3.50043,54322.9,-35503.7,3.47554,3.47554,5.14712,5.20871,5.20778,0.0360153,-0.0149433,-0.0141738
104,6,3.90787,3.50043,54322.9,-35503.7,2.10122,2.10122,4.29152,4.38453,4.37,-0.317399,-0.394351,-0.382324
104,9,3.6183,3.50043,-28790,712512,0.192321,0.192321,3.12114,3.25872,3.22537,0.411307,0.29748,0.325077
104,14,2.67761,3.50043,-28790,712512,-2.88051,-2.88051,1.21794,1.4285,1.36371,1.20761,1.0334,1.08701
104,20,2.67761,3.50043,0,136712,-5,-5,-1.33029,-1.02617,-1.13237,3.31579,3.06419,3.15205
105,0,2.67761,3.66441,21652.4,149358,-5,-5,-5,-5,-5,6.3518,6.3518,6.3518
105,1,7.26764,3.66441,21652.4,149358,5.18168,5.18168,5.90835,5.94435,5.92165,1.12457,1.09478,1.11356
105,2,3.45785,3.66441,21652.4,149358,4.76496,4.76496,5.53915,5.56821,5.54968,-1.72189,-1.74593,-1.7306
105,3,4.89207,3.66441,21652.4,149358,4.14303,4.14303,4.9973,5.02029,5.0053,-0.0870591,-0.106076,-0.0936805
105,4,4.72472,3.66441,-25313.9,337223,3.4738,3.4738,4.43039,4.44816,4.43615,0.243509,0.228804,0.238742
105,6,3.60152,3.66441,-25313.9,337223,2.10378,2.10378,3.28681,3.29477,3.28828,0.260368,0.253784,0.259146
105,9,2.96487,3.66441,-2437.09,131332,-0.0356646,-0.0356646,1.50557,1.49866,1.50045,1.2073,1.21302,1.21153
105,14,2.67761,3.66441,-2437.09,131332,-3.73196,-3.73196,-1.55983,-1.59086,-1.57588,3.5057,3.53137,3.51898
105,20,2.67761,3.66441,0,82590,-5,-5,-5,-5,-5,6.3518,6.3518,6.3518
106,0,2.67761,3.39563,-25770.4,371857,-5,-5,-5,-5,-5,6.3518,6.3518,6.3518
106,1,7.08281,3.39563,-25770.4,371857,5.21829,5.21829,6.54639,6.58459,6.49346,0.443787,0.412182,0.487574
106,2,6.40295,3.39563,-25770.4,371857,4.84504,4.84504,6.31018,6.3536,6.24634,0.0767463,0.0408309,0.129568
106,3,4.27734,3.39563,-25770.4,371857,4.26471,4.26471,5.95238,6.00444,5.87194,-1.38579,-1.42885,-1.31924
106,4,4.3101,3.39563,-10868.5,312249,3.6266,3.6266,5.57852,5.63986,5.48007,-1.04939,-1.10013,-0.967941
106,6,5.88177,3.39563,-10868.5,312249,2.29728,2.29728,4.81453,4.8944,4.67964,0.882945,0.816871,0.994544
106,9,4.10988,3.39563,-9237.37,297569,0.257611,0.257611,3.64511,3.75275,3.45515,0.384514,0.295457,0.541671
106,14,2.67761,3.39563,-9237.37,297569,-3.2315,-3.2315,1.63968,1.79397,1.35667,0.858693,0.73105,1.09283
106,20,2.67761,3.39563,0,112821,-5,-5,-0.854492,-0.643656,-1.25116,2.92216,2.74773,3.25033
201,0,2.67761,4.29105,-12498.5,146812,-5,-5,-5,-5,-5,6.3518,6.3518,6.3518
201,1,5.71012,4.29105,-12498.5,146812,5.17768,5.17768,5.48437,5.50298,5.51365,0.186768,0.171368,0.162541
201,2,5.96937,4.29105,-12498.5,146812,4.74692,4.74692,5.09001,5.09985,5.11353,0.727508,0.719365,0.708049
201,3,4.27365,4.29105,-12498.5,146812,4.09716,4.09716,4.49173,4.49116,4.50885,-0.180419,-0.179949,-0.194584
201,4,2.67761,4.29105,-19339.4,174175,3.38413,3.38413,3.84159,3.82976,3.85214,-0.96298,-0.953197,-0.971705
201,6,2.67761,4.29105,-19339.4,174175,1.89747,1.89747,2.49699,2.46187,2.4944,0.149426,0.178483,0.151566
201,9,2.67761,4.29105,-9.1592,203.215,-0.411641,-0.411641,0.414458,0.343815,0.392181,1.87234,1.93078,1.89077
201,14,2.67761,4.29105,-9.1592,203.215,-4.35756,-4.35756,-3.13946,-3.26962,-3.19427,4.81255,4.92023,4.85789
201,20,2.67761,4.29105,0,20.0305,-5,-5,-5,-5,-5,6.3518,6.3518,6.3518
202,0,2.67761,3.50765,-469.321,172538,-5,-5,-5,-5,-5,6.3518,6.3518,6.3518
202,1,3.75428,3.50765,-469.321,172538,5.18393,5.18393,4.70279,4.70302,4.71138,-0.78472,-0.78491,-0.791823
202,2,3.74809,3.50765,-469.321,172538,4.7652,4.7652,4.25509,4.25502,4.26762,-0.419454,-0.419394,-0.429819
202,3,4.44246,3.50765,-469.321,172538,4.13424,4.13424,3.58317,3.58272,3.60074,0.710902,0.711276,0.696369
202,4,2.90268,3.50765,-34124.9,307160,3.44701,3.44701,2.84494,2.84404,2.8684,0.0477742,0.0485135,0.0283595
202,6,2.67761,3.50765,-34124.9,307160,2.01781,2.01781,1.29721,1.29529,1.33387,1.14203,1.14361,1.11169
202,9,2.67761,3.50765,-1.25476,46.9056,-0.246854,-0.246854,-1.16421,-1.168,-1.10646,3.1784,3.18153,3.13061
202,14,2.67761,3.50765,-1.25476,46.9056,-4.19015,-4.19015,-5,-5,-5,6.3518,6.3518,6.3518
202,20,2.67761,3.50765,0,21.8104,-5,-5,-5,-5,-5,6.3518,6.3518,6.3518
203,0,2.67761,3.0958,14939.5,88608.1,-5,-5,-5,-5,-5,6.3518,6.3518,6.3518
203,1,5.01915,3.0958,14939.5,88608.1,5.16896,5.16896,4.99005,4.96897,4.98284,0.0240762,0.0415193,0.0300425
203,2,4.2304,3.0958,14939.5,88608.1,4.7323,4.7323,4.5358,4.5279,4.53368,-0.252662,-0.246123,-0.25091
203,3,4.37239,3.0958,14939.5,88608.1,4.08331,4.08331,3.86255,3.87095,3.86674,0.421804,0.414853,0.418339
203,4,2.91145,3.0958,-29653.6,266981,3.38084,3.38084,3.13035,3.15732,3.14173,-0.181103,-0.203413,-0.190518
203,6,2.67761,3.0958,-29653.6,266981,1.93216,1.93216,1.61387,1.68117,1.6409,0.880045,0.82437,0.857686
203,9,2.67761,3.0958,-4.86805,141.903,-0.345781,-0.345781,-0.774027,-0.643465,-0.722578,2.85559,2.74757,2.81302
203,14,2.67761,3.0958,-4.86805,141.903,-4.28981,-4.28981,-4.91323,-4.67485,-4.82042,6.28001,6.0828,6.20323
203,20,2.67761,3.0958,0,44.5424,-5,-5,-5,-5,-5,6.3518,6.3518,6.3518
204,0,2.67761,3.2607,-11241.5,134505,-5,-5,-5,-5,-5,6.3518,6.3518,6.3518
204,1,5.98207,3.2607,-11241.5,134505,5.17539,5.17539,4.91473,4.9052,4.9282,0.883026,0.890909,0.871888
204,2,3.03215,3.2607,-11241.5,134505,4.74158,4.74158,4.48311,4.4657,4.49564,-1.2004,-1.186,-1.21077
204,3,4.79571,3.2607,-11241.5,134505,4.08835,4.08835,3.82973,3.80226,3.84118,0.799172,0.821898,0.789695
204,4,4.26972,3.2607,-17890.3,161101,3.37178,3.37178,3.11042,3.07123,3.12072,0.959106,0.991527,0.950582
204,6,2.67761,3.2607,-17890.3,161101,1.87908,1.87908,1.6071,1.54184,1.61501,0.885648,0.939641,0.879103
204,9,2.67761,3.2607,-5.11755,133.92,-0.434504,-0.434504,-0.727858,-0.834619,-0.723649,2.81739,2.90572,2.81391
204,14,2.67761,3.2607,-5.11755,133.92,-4.38076,-4.38076,-4.71641,-4.8944,-4.71846,6.11719,6.26444,6.11888
204,20,2.67761,3.2607,0,31.5692,-5,-5,-5,-5,-5,6.3518,6.3518,6.3518
205,0,2.67761,3.68253,11472.9,257207,-5,-5,-5,-5,-5,6.3518,6.3518,6.3518
205,1,5.17297,3.68253,11472.9,257207,5.20114,5.20114,4.83546,4.8125,4.83156,0.279234,0.298227,0.282456
205,2,3.65692,3.68253,11472.9,257207,4.81053,4.81053,4.44954,4.4394,4.45052,-0.655749,-0.647362,-0.656559
205,3,2.67761,3.68253,11472.9,257207,4.21867,4.21867,3.86034,3.86641,3.86751,-0.978495,-0.983513,-0.984424
205,4,5.15298,3.68253,-60603.4,545512,3.58008,3.58008,3.22229,3.24672,3.2365,1.59728,1.57707,1.58553
205,6,2.67761,3.68253,-60603.4,545512,2.25106,2.25106,1.89128,1.95526,1.92067,0.650541,0.597609,0.626225
205,9,2.67761,3.68253,-3.005,108.781,0.0635589,0.0635589,-0.303715,-0.175699,-0.249961,2.46649,2.36058,2.42202
205,14,2.67761,3.68253,-3.005,108.781,-3.87469,-3.87469,-4.27244,-4.02974,-4.17533,5.74988,5.54909,5.66954
205,20,2.67761,3.68253,0,48.6805,-5,-5,-5,-5,-5,6.3518,6.3518,6.3518
206,0,2.67761,5.95447,-45694.8,267024,-5,-5,-5,-5,-5,6.3518,6.3518,6.3518
206,1,6.93289,5.95447,-45694.8,267024,4.92087,4.92087,4.35027,4.33166,4.36101,2.13665,2.15204,2.12775
206,2,4.51516,5.95447,-45694.8,267024,4.5098,4.5098,3.89075,3.87594,3.90269,0.516586,0.528841,0.506706
206,3,2.90499,5.95447,-45694.8,267024,3.87356,3.87356,3.18905,3.17899,3.20252,-0.235008,-0.226682,-0.246156
206,4,2.67761,5.95447,-16836.9,151592,3.16287,3.16287,2.39863,2.39404,2.41391,0.230803,0.234596,0.218163
206,6,2.67761,5.95447,-16836.9,151592,1.65485,1.65485,0.703411,0.711101,0.722826,1.63328,1.62692,1.61722
206,9,2.67761,5.95447,0.546994,55.3736,-0.689357,-0.689357,-1.95198,-1.92461,-1.92576,3.83013,3.80749,3.80844
206,14,2.67761,5.95447,0.546994,55.3736,-4.68582,-4.68582,-5,-5,-5,6.3518,6.3518,6.3518
206,20,2.67761,5.95447,0,66.3135,-5,-5,-5,-5,-5,6.3518,6.3518,6.3518
301,0,2.67761,4.55825,-3.14855,55.617,-5,-5,-5,-5,-5,6.3518,6.3518,6.3518
301,1,3.88199,4.55825,-3.14855,55.617,4.87259,4.87259,4.00173,3.96976,3.9824,-0.0990607,-0.0726121,-0.0830739
301,2,4.15844,4.55825,-3.14855,55.617,4.40246,4.40246,3.4996,3.47506,3.48543,0.545069,0.565366,0.556792
301,3,2.67761,4.55825,-3.14855,55.617,3.70506,3.70506,2.7575,2.74219,2.74972,-0.0660948,-0.0534309,-0.0596621
301,4,2.67761,4.55825,-1.66233,49.6722,2.93989,2.93989,1.93534,1.93083,1.93505,0.614087,0.617818,0.614325
301,6,2.67761,4.55825,-1.66233,49.6722,1.3549,1.3549,0.210615,0.230956,0.227579,2.04098,2.02415,2.02695
301,9,2.67761,4.55825,-0.549727,39.6587,-1.04403,-1.04403,-2.42354,-2.36244,-2.37824,4.22025,4.16971,4.18278
301,14,2.67761,4.55825,-0.549727,39.6587,-5,-5,-5,-5,-5,6.3518,6.3518,6.3518
301,20,2.67761,4.55825,0,28.6642,-5,-5,-5,-5,-5,6.3518,6.3518,6.3518
302,0,2.67761,3.59307,2.90129,27.9761,-5,-5,-5,-5,-5,6.3518,6.3518,6.3518
302,1,4.72186,3.59307,2.90129,27.9761,5.14911,5.14911,3.64757,3.63811,3.67884,0.888778,0.8966,0.862906
302,2,2.67761,3.59307,2.90129,27.9761,4.68058,4.68058,3.13371,3.13861,3.17477,-0.377344,-0.381393,-0.41131
302,3,2.79956,3.59307,2.90129,27.9761,3.98711,3.98711,2.37656,2.39932,2.42979,0.349949,0.331125,0.30591
302,4,2.67761,3.59307,1.97312,31.6888,3.22828,3.22828,1.53606,1.57987,1.60367,0.944419,0.908176,0.888486
302,6,2.67761,3.59307,1.97312,31.6888,1.66069,1.66069,-0.233055,-0.140073,-0.131767,2.40804,2.33111,2.32424
302,9,2.67761,3.59307,-0.837744,56.9866,-0.708359,-0.708359,-2.94344,-2.76833,-2.78569,4.65038,4.50551,4.51987
302,14,2.67761,3.59307,-0.837744,56.9866,-4.6581,-4.6581,-5,-5,-5,6.3518,6.3518,6.3518
302,20,2.67761,3.59307,0,40.2317,-5,-5,-5,-5,-5,6.3518,6.3518,6.3518
303,0,2.67761,3.92373,-2.51322,36.9082,-5,-5,-5,-5,-5,6.3518,6.3518,6.3518
303,1,6.2682,3.92373,-2.51322,36.9082,5.14911,5.14911,4.10176,4.09483,4.1182,1.79233,1.79806,1.77873
303,2,4.68282,3.92373,-2.51322,36.9082,4.68058,4.68058,3.61023,3.60209,3.62297,0.887368,0.894103,0.876832
303,3,3.98164,3.92373,-2.51322,36.9082,3.98712,3.98712,2.88131,2.87164,2.88943,0.910323,0.918323,0.903602
303,4,2.67761,3.92373,2.9694,14.9778,3.22827,3.22827,2.07459,2.06311,2.07732,0.498881,0.508379,0.496627
303,6,2.67761,3.92373,2.9694,14.9778,1.66068,1.66068,0.385421,0.36973,0.375743,1.89636,1.90934,1.90437
303,9,2.67761,3.92373,1.17259,31.149,-0.708387,-0.708387,-2.19046,-2.21309,-2.2204,4.02742,4.04615,4.0522
303,14,2.67761,3.92373,1.17259,31.149,-4.65814,-4.65814,-5,-5,-5,6.3518,6.3518,6.3518
303,20,2.67761,3.92373,0,54.6009,-5,-5,-5,-5,-5,6.3518,6.3518,6.3518
304,0,2.67761,3.04282,-1.55133,51.3073,-5,-5,-5,-5,-5,6.3518,6.3518,6.3518
304,1,2.67761,3.04282,-1.55133,51.3073,5.14912,5.14912,4.58478,4.54158,4.57395,-1.57784,-1.5421,-1.56888
304,2,4.77962,3.04282,-1.55133,51.3073,4.68059,4.68059,4.13091,4.08999,4.1276,0.536687,0.570544,0.539429
304,3,5.14114,3.04282,-1.55133,51.3073,3.98713,3.98713,3.45075,3.41253,3.45691,1.39848,1.4301,1.39338
304,4,2.67761,3.04282,0.316193,43.8372,3.22829,3.22829,2.70255,2.66733,2.71973,-0.0206385,0.0085014,-0.0348499
304,6,2.67761,3.04282,0.316193,43.8372,1.66072,1.66072,1.14941,1.12057,1.19115,1.2643,1.28816,1.22977
304,9,2.67761,3.04282,2.50195,24.1653,-0.708334,-0.708334,-1.20472,-1.22375,-1.12428,3.21191,3.22765,3.14536
304,14,2.67761,3.04282,2.50195,24.1653,-4.65807,-4.65807,-5,-5,-4.98608,6.3518,6.3518,6.34029
304,20,2.67761,3.04282,0,74.2044,-5,-5,-5,-5,-5,6.3518,6.3518,6.3518
305,0,2.67761,3.84913,5.77973,76.4137,-5,-5,-5,-5,-5,6.3518,6.3518,6.3518
305,1,6.05993,3.84913,5.77973,76.4137,5.14912,5.14912,4.08246,4.07982,4.09007,1.63599,1.63817,1.62969
305,2,2.67761,3.84913,5.77973,76.4137,4.6806,4.6806,3.57733,3.57754,3.58714,-0.744357,-0.744525,-0.752475
305,3,2.67761,3.84913,5.77973,76.4137,3.98716,3.98716,2.83141,2.83514,2.84397,-0.127245,-0.130333,-0.137635
305,4,2.67761,3.84913,-8.47701,133.441,3.22835,3.22835,2.00465,2.01253,2.02046,0.556746,0.550226,0.543672
305,6,2.67761,3.84913,-8.47701,133.441,1.66082,1.66082,0.268958,0.286465,0.292335,1.99271,1.97823,1.97337
305,9,2.67761,3.84913,-0.342433,60.2294,-0.708194,-0.708194,-2.38373,-2.35033,-2.34779,4.18732,4.15969,4.15759
305,14,2.67761,3.84913,-0.342433,60.2294,-4.65791,-4.65791,-5,-5,-5,6.3518,6.3518,6.3518
305,20,2.67761,3.84913,0,53.3808,-5,-5,-5,-5,-5,6.3518,6.3518,6.3518
306,0,2.67761,4.90005,-15.6001,100.171,-5,-5,-5,-5,-5,6.3518,6.3518,6.3518
306,1,2.67761,4.90005,-15.6001,100.171,4.8726,4.8726,3.73912,3.77283,3.76322,-0.878209,-0.906091,-0.89814
306,2,2.76924,4.90005,-15.6001,100.171,4.40247,4.40247,3.2616,3.29724,3.28821,-0.407341,-0.436829,-0.429359
306,3,2.67761,4.90005,-15.6001,100.171,3.70508,3.70508,2.55004,2.58815,2.57985,0.105542,0.074007,0.0808753
306,4,2.67761,4.90005,6.61932,11.2935,2.93991,2.93991,1.76347,1.80453,1.79708,0.756284,0.722309,0.728477
306,6,2.67761,4.90005,6.61932,11.2935,1.35493,1.35493,0.119989,0.167898,0.162363,2.11596,2.07632,2.0809
306,9,2.67761,4.90005,-0.551241,75.8286,-1.04398,-1.04398,-2.38207,-2.32296,-2.32541,4.18595,4.13705,4.13907
306,14,2.67761,4.90005,-0.551241,75.8286,-5,-5,-5,-5,-5,6.3518,6.3518,6.3518
306,20,2.67761,4.90005,0,64.8038,-5,-5,-5,-5,-5,6.3518,6.3518,6.3518