id,time,y3,Inoc,Weight,popPred_medianCOV,popPred,indivPred_SAEM,indivPred_mean,indivPred_mode,indWRes_SAEM,indWRes_mean,indWRes_mode
NHP1,0,2.67761,277226880.484,5.55,-3,-3,-3,-3,-3,4.35166,4.35166,4.35166
NHP1,1,2.67761,277226880.484,5.55,6.42154,2.27932,1.73064,1.61877,1.98643,0.72581,0.811554,0.529756
NHP1,2,3.30102,277226880.484,5.55,7.08286,1.89803,1.51464,1.3996,1.77204,1.36919,1.45736,1.1719
NHP1,3,2.67761,277226880.484,5.55,7.46425,1.30547,1.13333,1.01429,1.39281,1.18363,1.27486,0.984744
NHP1,4,2.67761,277226880.484,5.55,7.35622,0.657559,0.722566,0.599136,0.984378,1.49846,1.59306,1.29779
NHP1,5,2.67761,277226880.484,5.55,6.91832,-0.00663051,0.306505,0.178552,0.570735,1.81735,1.91542,1.61483
NHP1,7,2.67761,277226880.484,5.55,5.7197,-1.34561,-0.527515,-0.664596,-0.258374,2.4566,2.56166,2.25031
NHP1,9,2.67761,277226880.484,5.55,4.41622,-2.68636,-1.36167,-1.5079,-1.08755,3.09594,3.20802,2.88584
NHP1,14,2.67761,277226880.484,5.55,1.08732,-3,-3,-3,-3,4.35166,4.35166,4.35166
NHP1,23,2.67761,277226880.484,5.55,-3,-3,-3,-3,-3,4.35166,4.35166,4.35166
NHP10,0,2.67761,279716051.749,4.56,-3,-3,-3,-3,-3,4.35166,4.35166,4.35166
NHP10,1,6.8392,279716051.749,4.56,6.42529,5.89905,6.10631,6.12058,6.1517,0.561731,0.550794,0.526945
NHP10,2,7.74548,279716051.749,4.56,7.08592,6.25428,6.58677,6.60721,6.65907,0.888102,0.872436,0.832694
NHP10,3,7.23162,279716051.749,4.56,7.46506,6.52194,6.95722,6.9817,7.04664,0.210313,0.191557,0.141777
NHP10,4,6.42813,279716051.749,4.56,7.35457,6.6505,7.13512,7.15743,7.21712,-0.541882,-0.558984,-0.604728
NHP10,5,7.12416,279716051.749,4.56,6.91549,6.62394,7.09462,7.10701,7.14308,0.022642,0.0131502,-0.0144992
NHP10,7,8.15064,279716051.749,4.56,5.71618,6.2329,6.57693,6.55748,6.53159,1.20619,1.22109,1.24094
NHP10,10,4.71547,279716051.749,4.56,3.75073,5.22433,5.34948,5.27682,5.17066,-0.485943,-0.43025,-0.348879
NHP10,14,3.06268,279716051.749,4.56,1.08344,3.55065,3.42198,3.2757,3.08412,-0.275391,-0.163276,-0.0164393
NHP10,23,2.67761,279716051.749,4.56,-3,-0.752932,-1.36229,-1.68401,-2.02284,3.09642,3.343,3.60271
NHP10,29,2.67761,279716051.749,4.56,-3,-3,-3,-3,-3,4.35166,4.35166,4.35166
NHP11,0,2.67761,279716051.749,5.26,-3,-3,-3,-3,-3,4.35166,4.35166,4.35166
NHP11,1,2.75897,279716051.749,5.26,6.42529,3.37505,1.93303,2.01214,2.36728,0.633053,0.572417,0.300218
NHP11,2,2.67761,279716051.749,5.26,7.08592,3.00183,1.37092,1.46252,1.85538,1.00153,0.931312,0.630206
NHP11,3,2.67761,279716051.749,5.26,7.46506,2.42765,0.551142,0.657805,1.09752,1.62985,1.5481,1.21107
NHP11,4,2.67761,279716051.749,5.26,7.35457,1.80689,-0.36321,-0.238917,0.25666,2.33066,2.2354,1.85556
NHP11,5,2.67761,279716051.749,5.26,6.91549,1.17501,-1.32274,-1.17841,-0.619064,3.0661,2.95548,2.52676
NHP11,7,2.67761,279716051.749,5.26,5.71618,-0.093624,-3,-3,-2.40834,4.35166,4.35166,3.89817
NHP11,10,2.67761,279716051.749,5.26,3.75073,-1.99616,-3,-3,-3,4.35166,4.35166,4.35166
NHP11,14,2.67761,279716051.749,5.26,1.08344,-3,-3,-3,-3,4.35166,4.35166,4.35166
NHP11,23,2.67761,279716051.749,5.26,-3,-3,-3,-3,-3,4.35166,4.35166,4.35166
NHP11,29,2.67761,279716051.749,5.26,-3,-3,-3,-3,-3,4.35166,4.35166,4.35166
NHP12,0,2.67761,277226880.484,5.92,-3,-3,-3,-3,-3,4.35166,4.35166,4.35166
NHP12,1,2.67761,277226880.484,5.92,6.42154,1.72055,0.927426,0.97106,1.44762,1.34144,1.308,0.942733
NHP12,2,2.67761,277226880.484,5.92,7.08286,1.33868,0.451273,0.485589,1.00971,1.7064,1.68009,1.27837
NHP12,3,2.67761,277226880.484,5.92,7.46425,0.744879,-0.262619,-0.240119,0.343965,2.25356,2.23632,1.78864
NHP12,4,2.67761,277226880.484,5.92,7.35622,0.0950604,-1.05328,-1.04473,-0.389848,2.85957,2.85302,2.35108
NHP12,5,2.67761,277226880.484,5.92,6.91832,-0.571492,-1.87423,-1.88128,-1.14775,3.4888,3.4942,2.93198
NHP12,7,2.67761,277226880.484,5.92,5.7197,-1.91585,-3,-3,-2.68407,4.35166,4.35166,4.10951
NHP12,9,2.67761,277226880.484,5.92,4.41622,-3,-3,-3,-3,4.35166,4.35166,4.35166
NHP12,14,2.67761,277226880.484,5.92,1.08732,-3,-3,-3,-3,4.35166,4.35166,4.35166
NHP12,23,2.67761,277226880.484,5.92,-3,-3,-3,-3,-3,4.35166,4.35166,4.35166
NHP13,0,2.67761,279716051.749,5.92,-3,-3,-3,-3,-3,4.35166,4.35166,4.35166
NHP13,1,7.62778,279716051.749,5.92,6.42529,6.42529,6.45684,6.46376,6.4871,0.897482,0.892179,0.87429
NHP13,2,8.97024,279716051.749,5.92,7.08592,7.08592,7.17283,7.18693,7.22044,1.37764,1.36683,1.34115
NHP13,3,8.84562,279716051.749,5.92,7.46506,7.46506,7.57642,7.59128,7.60798,0.972791,0.961406,0.948604
NHP13,4,8.43436,279716051.749,5.92,7.35457,7.35457,7.48941,7.4981,7.48429,0.724265,0.717609,0.728195
NHP13,5,7.87223,279716051.749,5.92,6.91549,6.91549,7.13501,7.13812,7.10926,0.565048,0.562672,0.584791
NHP13,7,7.32351,279716051.749,5.92,5.71618,5.71618,6.23155,6.22634,6.19142,0.836945,0.84094,0.867703
NHP13,10,2.72226,279716051.749,5.92,3.75073,3.75073,4.81549,4.79953,4.76784,-1.60438,-1.59215,-1.56785
NHP13,14,3.93295,279716051.749,5.92,1.08344,1.08344,2.92076,2.89089,2.86575,0.775806,0.798693,0.817963
NHP13,23,2.67761,279716051.749,5.92,-3,-3,-1.34511,-1.40598,-1.41537,3.08325,3.1299,3.1371
NHP13,29,2.67761,279716051.749,5.92,-3,-3,-3,-3,-3,4.35166,4.35166,4.35166
NHP14,0,2.67761,277226880.484,4.63,-3,-3,-3,-3,-3,4.35166,4.35166,4.35166
NHP14,1,2.67761,277226880.484,4.63,6.42154,2.27932,0.678264,0.808594,1.34442,1.53242,1.43252,1.02184
NHP14,2,2.67761,277226880.484,4.63,7.08286,1.89803,0.193022,0.343403,0.913189,1.90433,1.78907,1.35236
NHP14,3,2.67761,277226880.484,4.63,7.46425,1.30547,-0.531724,-0.356381,0.256019,2.45982,2.32543,1.85605
NHP14,4,2.67761,277226880.484,4.63,7.35622,0.657559,-1.33523,-1.13039,-0.467758,3.07568,2.91868,2.4108
NHP14,5,2.67761,277226880.484,4.63,6.91832,-0.00663051,-2.17056,-1.93281,-1.21467,3.71592,3.5337,2.98327
NHP14,7,2.67761,277226880.484,4.63,5.7197,-1.34561,-3,-3,-2.72766,4.35166,4.35166,4.14292
NHP14,9,2.67761,277226880.484,4.63,4.41622,-2.68636,-3,-3,-3,4.35166,4.35166,4.35166
NHP14,14,2.67761,277226880.484,4.63,1.08732,-3,-3,-3,-3,4.35166,4.35166,4.35166
NHP14,23,2.67761,277226880.484,4.63,-3,-3,-3,-3,-3,4.35166,4.35166,4.35166
NHP15,0,2.67761,279716051.749,4.18,-3,-3,-3,-3,-3,4.35166,4.35166,4.35166
NHP15,1,5.93676,279716051.749,4.18,6.77068,6.28961,5.48597,5.56269,5.66697,0.345512,0.286715,0.206786
NHP15,2,3.0749,279716051.749,4.18,7.48578,6.6073,5.19252,5.31277,5.51442,-1.62307,-1.71524,-1.86979
NHP15,3,6.0778,279716051.749,4.18,7.65116,6.81078,4.80564,4.97317,5.27107,0.975057,0.846653,0.618323
NHP15,4,4.64356,279716051.749,4.18,7.28023,6.82808,4.2878,4.50442,4.88687,0.272678,0.106642,-0.186488
NHP15,5,5.4031,279716051.749,4.18,6.70616,6.60706,3.60049,3.86168,4.31253,1.38162,1.18143,0.835875
NHP15,7,2.67761,279716051.749,4.18,5.40361,5.54261,1.80903,2.13284,2.67719,0.665729,0.417543,0.000322197
NHP15,10,2.67761,279716051.749,4.18,3.38852,3.10964,-1.37843,-0.999671,-0.371031,3.10879,2.81848,2.33666
NHP15,14,2.67761,279716051.749,4.18,0.693011,-0.679696,-3,-3,-3,4.35166,4.35166,4.35166
NHP15,23,2.67761,279716051.749,4.18,-3,-3,-3,-3,-3,4.35166,4.35166,4.35166
NHP15,29,2.67761,279716051.749,4.18,-3,-3,-3,-3,-3,4.35166,4.35166,4.35166
NHP16,0,2.67761,277226880.484,5.03,-3,-3,-3,-3,-3,4.35166,4.35166,4.35166
NHP16,1,3.83733,277226880.484,5.03,6.42154,2.27932,2.35251,2.32182,2.72966,1.13806,1.16157,0.848986
NHP16,2,3.85701,277226880.484,5.03,7.08286,1.89803,1.89156,1.85976,2.2985,1.50644,1.53081,1.19453
NHP16,3,2.67761,277226880.484,5.03,7.46425,1.30547,1.1974,1.1641,1.64369,1.13452,1.16004,0.792452
NHP16,4,2.67761,277226880.484,5.03,7.35622,0.657559,0.431288,0.396141,0.925017,1.72171,1.74865,1.34329
NHP16,5,2.67761,277226880.484,5.03,6.91832,-0.00663051,-0.361355,-0.398627,0.185372,2.32924,2.35781,1.9102
NHP16,7,2.67761,277226880.484,5.03,5.7197,-1.34561,-1.97029,-2.01229,-1.30955,3.56243,3.59461,3.05599
NHP16,9,2.67761,277226880.484,5.03,4.41622,-2.68636,-3,-3,-2.80762,4.35166,4.35166,4.2042
NHP16,14,2.67761,277226880.484,5.03,1.08732,-3,-3,-3,-3,4.35166,4.35166,4.35166
NHP16,23,2.67761,277226880.484,5.03,-3,-3,-3,-3,-3,4.35166,4.35166,4.35166
NHP17,0,2.67761,279716051.749,5.78,-3,-3,-3,-3,-3,4.35166,4.35166,4.35166
NHP17,1,6.89671,279716051.749,5.78,6.42529,6.42529,6.20145,6.1955,6.20988,0.532887,0.537445,0.526425
NHP17,2,7.85278,279716051.749,5.78,7.08592,7.08592,6.66071,6.65054,6.70401,0.913675,0.921474,0.880491
NHP17,3,8.7727,279716051.749,5.78,7.46506,7.46506,6.99299,6.98186,7.06312,1.36407,1.3726,1.31032
NHP17,4,7.69381,279716051.749,5.78,7.35457,7.35457,7.08467,7.0783,7.16374,0.466888,0.471769,0.406281
NHP17,5,7.74525,279716051.749,5.78,6.91549,6.91549,6.88425,6.88528,6.96414,0.659924,0.659136,0.59869
NHP17,7,8.12032,279716051.749,5.78,5.71618,5.71618,5.86389,5.87189,5.9644,1.72947,1.72333,1.65242
NHP17,10,3.45013,279716051.749,5.78,3.75073,3.75073,3.59131,3.58933,3.78665,-0.108208,-0.106693,-0.257928
NHP17,14,2.67761,279716051.749,5.78,1.08344,1.08344,0.0871298,0.0544758,0.484115,1.9855,2.01052,1.68122
NHP17,23,2.67761,279716051.749,5.78,-3,-3,-3,-3,-3,4.35166,4.35166,4.35166
NHP17,29,2.67761,279716051.749,5.78,-3,-3,-3,-3,-3,4.35166,4.35166,4.35166
NHP18,0,2.67761,279716051.749,4.84,-3,-3,-3,-3,-3,4.35166,4.35166,4.35166
NHP18,1,7.08537,279716051.749,4.84,6.42529,5.94798,6.14565,6.13512,6.15906,0.720255,0.728322,0.709979
NHP18,2,8.14613,279716051.749,4.84,7.08592,6.15724,6.55741,6.53835,6.58099,1.21769,1.2323,1.19962
NHP18,3,8.61799,279716051.749,4.84,7.46506,6.29658,6.86006,6.83628,6.89167,1.34739,1.36561,1.32315
NHP18,4,7.89177,279716051.749,4.84,7.35457,6.32103,6.96308,6.94183,6.99624,0.711806,0.728094,0.686387
NHP18,5,7.11438,279716051.749,4.84,6.91549,6.16401,6.80849,6.79485,6.83554,0.234452,0.244909,0.213722
NHP18,7,6.00138,279716051.749,4.84,5.71618,5.25001,5.88691,5.88274,5.89207,0.0877329,0.0909316,0.0837821
NHP18,10,2.67761,279716051.749,4.84,3.75073,2.9879,3.74271,3.73127,3.70372,-0.816358,-0.807587,-0.786473
NHP18,14,2.67761,279716051.749,4.84,1.08344,-0.620603,0.383523,0.346106,0.278784,1.75832,1.787,1.8386
NHP18,23,2.67761,279716051.749,4.84,-3,-3,-3,-3,-3,4.35166,4.35166,4.35166
NHP18,29,2.67761,279716051.749,4.84,-3,-3,-3,-3,-3,4.35166,4.35166,4.35166
NHP19,0,2.67761,277226880.484,4.23,-3,-3,-3,-3,-3,4.35166,4.35166,4.35166
NHP19,1,7.18946,277226880.484,4.23,6.76702,6.76702,6.78966,6.77888,6.82083,0.306434,0.314698,0.282542
NHP19,2,8.68555,277226880.484,4.23,7.48346,7.48346,7.5785,7.56922,7.61841,0.848508,0.855621,0.817916
NHP19,3,7.94453,277226880.484,4.23,7.65187,7.65187,7.8174,7.82316,7.82554,0.09744,0.0930278,0.0912042
NHP19,4,7.265,277226880.484,4.23,7.28248,7.28248,7.58832,7.59756,7.57442,-0.24781,-0.254891,-0.237157
NHP19,5,6.57357,277226880.484,4.23,6.70891,6.70891,7.22626,7.22888,7.20179,-0.500262,-0.502273,-0.481506
NHP19,7,7.59228,277226880.484,4.23,5.4066,5.4066,6.4411,6.42312,6.40201,0.882328,0.896113,0.912297
NHP19,9,4.12359,277226880.484,4.23,4.06474,4.06474,5.64871,5.60882,5.59586,-1.16894,-1.13836,-1.12843
NHP19,23,2.67761,277226880.484,4.23,-3,-3,0.100087,-0.0938352,-0.0485586,1.97556,2.1242,2.0895
NHP2,0,2.67761,277226880.484,5.41,-3,-3,-3,-3,-3,4.35166,4.35166,4.35166
NHP2,1,6.96965,277226880.484,5.41,6.42154,6.42154,6.4766,6.46259,6.48407,0.377905,0.388643,0.372181
NHP2,2,8.30412,277226880.484,5.41,7.08286,7.08286,7.19755,7.17883,7.21224,0.848138,0.862486,0.83688
NHP2,3,8.29819,277226880.484,5.41,7.46425,7.46425,7.58007,7.5736,7.59423,0.550415,0.555369,0.539564
NHP2,4,7.84035,277226880.484,5.41,7.35622,7.35622,7.45295,7.46305,7.45955,0.296928,0.28919,0.291874
NHP2,5,6.83209,277226880.484,5.41,6.91832,6.91832,7.06649,7.07739,7.06658,-0.179657,-0.188009,-0.179729
NHP2,7,6.19738,277226880.484,5.41,5.7197,5.7197,6.11268,6.10071,6.10249,0.0649177,0.0740901,0.0727295
NHP2,9,3.18773,277226880.484,5.41,4.41622,4.41622,5.12398,5.0805,5.10441,-1.48406,-1.45073,-1.46906
NHP2,14,3.92954,277226880.484,5.41,1.08732,1.08732,2.64373,2.51699,2.60125,0.985526,1.08267,1.01809
NHP2,23,2.67761,277226880.484,5.41,-3,-3,-1.82393,-2.10269,-1.90741,3.45025,3.66391,3.51423
NHP20,0,2.67761,279716051.749,5.08,-3,-3,-3,-3,-3,4.35166,4.35166,4.35166
NHP20,1,3.40819,279716051.749,5.08,6.42529,3.37505,3.93219,3.89472,4.13905,-0.40162,-0.372902,-0.560176
NHP20,2,2.67761,279716051.749,5.08,7.08592,3.00183,3.64438,3.60278,3.8811,-0.740996,-0.709108,-0.922429
NHP20,3,2.67761,279716051.749,5.08,7.46506,2.42765,3.19236,3.14412,3.47509,-0.394535,-0.357567,-0.611237
NHP20,4,2.67761,279716051.749,5.08,7.35457,1.80689,2.7147,2.65858,3.05036,-0.0284304,0.0145836,-0.285701
NHP20,5,2.67761,279716051.749,5.08,6.91549,1.17501,2.23376,2.16937,2.62385,0.340189,0.389543,0.0412054
NHP20,7,2.67761,279716051.749,5.08,5.71618,-0.093624,1.27164,1.19049,1.77041,1.07761,1.13982,0.69533
NHP20,10,2.67761,279716051.749,5.08,3.75073,-1.99616,-0.170616,-0.277088,0.489601,2.18305,2.26465,1.67702
NHP20,14,2.67761,279716051.749,5.08,1.08344,-3,-2.09216,-2.23266,-1.21921,3.65583,3.76352,2.98675
NHP20,23,2.67761,279716051.749,5.08,-3,-3,-3,-3,-3,4.35166,4.35166,4.35166
NHP20,29,2.67761,279716051.749,5.08,-3,-3,-3,-3,-3,4.35166,4.35166,4.35166
NHP21,0,2.67761,279716051.749,5.29,-3,-3,-3,-3,-3,4.35166,4.35166,4.35166
NHP21,1,2.67761,279716051.749,5.29,6.42529,3.37505,2.76724,2.7595,3.10037,-0.0687022,-0.0627661,-0.324033
NHP21,2,2.73112,279716051.749,5.29,7.08592,3.00183,2.22751,2.24515,2.61359,0.385999,0.37248,0.090084
NHP21,3,2.67761,279716051.749,5.29,7.46506,2.42765,1.43849,1.48677,1.89344,0.949736,0.912728,0.601032
NHP21,4,2.67761,279716051.749,5.29,7.35457,1.80689,0.564691,0.648233,1.10362,1.61947,1.55543,1.2064
NHP21,5,2.67761,279716051.749,5.29,6.91549,1.17501,-0.344405,-0.222077,0.29037,2.31625,2.22249,1.82972
NHP21,7,2.67761,279716051.749,5.29,5.71618,-0.093624,-2.19862,-1.99277,-1.35205,3.73743,3.57966,3.08857
NHP21,10,2.67761,279716051.749,5.29,3.75073,-1.99616,-3,-3,-3,4.35166,4.35166,4.35166
NHP21,14,2.67761,279716051.749,5.29,1.08344,-3,-3,-3,-3,4.35166,4.35166,4.35166
NHP21,23,2.67761,279716051.749,5.29,-3,-3,-3,-3,-3,4.35166,4.35166,4.35166
NHP21,29,2.67761,279716051.749,5.29,-3,-3,-3,-3,-3,4.35166,4.35166,4.35166
NHP22,0,2.67761,279716051.749,4.45,-3,-3,-3,-3,-3,4.35166,4.35166,4.35166
NHP22,1,3.16332,279716051.749,4.45,6.77068,3.65212,2.3984,2.31596,2.66158,0.586276,0.649464,0.384564
NHP22,2,2.67761,279716051.749,4.45,7.48578,3.28216,1.84916,1.74049,2.13362,0.634969,0.718266,0.416942
NHP22,3,2.67761,279716051.749,4.45,7.65116,2.71525,1.04552,0.905504,1.35687,1.25093,1.35824,1.01229
NHP22,4,2.67761,279716051.749,4.45,7.28023,2.10486,0.150911,-0.0255309,0.494885,1.93661,2.07185,1.67297
NHP22,5,2.67761,279716051.749,4.45,6.70616,1.48497,-0.785309,-1.00287,-0.403445,2.65419,2.82094,2.3615
NHP22,7,2.67761,279716051.749,4.45,5.40361,0.241834,-2.70938,-3,-2.2399,4.12891,4.35166,3.76907
NHP22,10,2.67761,279716051.749,4.45,3.38852,-1.62166,-3,-3,-3,4.35166,4.35166,4.35166
NHP22,14,2.67761,279716051.749,4.45,0.693011,-3,-3,-3,-3,4.35166,4.35166,4.35166
NHP22,23,2.67761,279716051.749,4.45,-3,-3,-3,-3,-3,4.35166,4.35166,4.35166
NHP22,29,2.67761,279716051.749,4.45,-3,-3,-3,-3,-3,4.35166,4.35166,4.35166
NHP23,0,2.67761,277226880.484,4.2,-3,-3,-3,-3,-3,4.35166,4.35166,4.35166
NHP23,1,2.70121,277226880.484,4.2,6.76702,1.99714,2.04827,1.99003,2.33129,0.500452,0.545091,0.283529
NHP23,3,2.68858,277226880.484,4.2,7.65187,1.02176,1.21285,1.18763,1.53861,1.13108,1.15042,0.881402
NHP23,4,2.67761,277226880.484,4.2,7.28248,0.372232,0.65351,0.64922,1.00667,1.55139,1.55468,1.28071
NHP23,5,2.67761,277226880.484,4.2,6.70891,-0.293953,0.0831828,0.10086,0.465201,1.98852,1.97497,1.69572
NHP23,7,2.67761,277226880.484,4.2,5.4066,-1.63745,-1.06318,-1.00077,-0.622186,2.86716,2.81932,2.52916
NHP23,9,2.67761,277226880.484,4.2,4.06474,-2.98299,-2.2102,-2.10291,-1.70982,3.74631,3.66407,3.36278
NHP23,14,2.67761,277226880.484,4.2,0.696035,-3,-3,-3,-3,4.35166,4.35166,4.35166
NHP23,23,2.67761,277226880.484,4.2,-3,-3,-3,-3,-3,4.35166,4.35166,4.35166
NHP24,0,2.67761,279716051.749,4.29,-3,-3,-3,-3,-3,4.35166,4.35166,4.35166
NHP24,1,5.11703,279716051.749,4.29,6.77068,6.22808,5.74319,5.77232,5.84733,-0.479924,-0.502256,-0.559745
NHP24,2,7.38749,279716051.749,4.29,7.48578,6.69812,5.83013,5.87052,6.00591,1.19365,1.1627,1.05893
NHP24,3,6.63656,279716051.749,4.29,7.65116,7.04948,5.82448,5.87633,6.07063,0.622424,0.582683,0.43376
NHP24,4,7.07496,279716051.749,4.29,7.28023,7.2074,5.67791,5.74107,5.98932,1.07078,1.02237,0.832101
NHP24,5,4.42341,279716051.749,4.29,6.70616,7.16099,5.37307,5.44793,5.74362,-0.727874,-0.78525,-1.01188
NHP24,7,2.67761,279716051.749,4.29,5.40361,6.66824,4.41114,4.51,4.8861,-1.32868,-1.40446,-1.69272
NHP24,10,2.67761,279716051.749,4.29,3.38852,5.49694,2.51766,2.64779,3.13088,0.122595,0.0228529,-0.347412
NHP24,14,2.67761,279716051.749,4.29,0.693011,3.63757,-0.361933,-0.202668,0.4188,2.32968,2.20761,1.73128
NHP24,23,2.67761,279716051.749,4.29,-3,-1.0119,-3,-3,-3,4.35166,4.35166,4.35166
NHP24,29,3.15399,279716051.749,4.29,-3,-3,-3,-3,-3,4.71678,4.71678,4.71678
NHP25,0,2.67761,279716051.749,5.92,-3,-3,-3,-3,-3,4.35166,4.35166,4.35166
NHP25,1,6.28438,279716051.749,5.92,6.42529,5.89905,6.3889,6.39526,6.41268,-0.0801146,-0.0849844,-0.0983421
NHP25,2,8.35272,279716051.749,5.92,7.08592,6.25428,7.04753,7.06185,7.09102,1.00038,0.9894,0.967045
NHP25,3,6.53533,279716051.749,5.92,7.46506,6.52194,7.45993,7.47751,7.50215,-0.708667,-0.722137,-0.741028
NHP25,4,7.35765,279716051.749,5.92,7.35457,6.6505,7.42928,7.44253,7.44602,-0.0548985,-0.0650567,-0.0677337
NHP25,5,6.24408,279716051.749,5.92,6.91549,6.62394,7.07667,7.08504,7.0758,-0.638147,-0.644564,-0.637482
NHP25,7,6.08409,279716051.749,5.92,5.71618,6.2329,6.05084,6.0537,6.0463,0.0254874,0.0232899,0.0289668
NHP25,10,2.8913,279716051.749,5.92,3.75073,5.22433,4.36435,4.36297,4.38079,-1.12903,-1.12797,-1.14163
NHP25,14,2.67761,279716051.749,5.92,1.08344,3.55065,2.07874,2.07366,2.13493,0.459005,0.462904,0.415943
NHP25,23,2.67761,279716051.749,5.92,-3,-0.752932,-3,-3,-2.94407,4.35166,4.35166,4.30879
NHP25,29,2.67761,279716051.749,5.92,-3,-3,-3,-3,-3,4.35166,4.35166,4.35166
NHP26,0,2.67761,279716051.749,4.35,-3,-3,-3,-3,-3,4.35166,4.35166,4.35166
NHP26,1,7.05424,279716051.749,4.35,6.77068,6.28961,5.94207,5.94052,5.99741,0.852436,0.853625,0.810022
NHP26,2,7.58596,279716051.749,4.35,7.48578,6.6073,6.0016,5.98315,6.09647,1.21435,1.22849,1.14163
NHP26,3,5.72543,279716051.749,4.35,7.65116,6.81078,5.97257,5.94156,6.10811,-0.189428,-0.165658,-0.293312
NHP26,4,5.33618,279716051.749,4.35,7.28023,6.82808,5.79713,5.76183,5.97469,-0.3533,-0.326242,-0.489391
NHP26,5,6.77136,279716051.749,4.35,6.70616,6.60706,5.4125,5.37773,5.63044,1.04151,1.06816,0.874465
NHP26,7,2.67761,279716051.749,4.35,5.40361,5.54261,4.06224,4.02082,4.33955,-1.06126,-1.02952,-1.27381
NHP26,10,2.67761,279716051.749,4.35,3.38852,3.10964,1.2836,1.21226,1.60804,1.06845,1.12313,0.819782
NHP26,14,2.67761,279716051.749,4.35,0.693011,-0.679696,-2.88413,-3,-2.52136,4.26285,4.35166,3.9848
NHP26,23,2.67761,279716051.749,4.35,-3,-3,-3,-3,-3,4.35166,4.35166,4.35166
NHP26,29,2.67761,279716051.749,4.35,-3,-3,-3,-3,-3,4.35166,4.35166,4.35166
NHP27,0,2.67761,277226880.484,4.1,-3,-3,-3,-3,-3,4.35166,4.35166,4.35166
NHP27,1,2.70141,277226880.484,4.1,6.76702,2.55595,2.10566,2.07655,2.43392,0.456622,0.478928,0.205021
NHP27,2,2.67761,277226880.484,4.1,7.48346,2.17495,1.69827,1.64117,2.03642,0.75062,0.79439,0.491446
NHP27,3,2.67761,277226880.484,4.1,7.65187,1.58304,1.07179,0.978795,1.42305,1.23079,1.30207,0.961566
NHP27,4,2.67761,277226880.484,4.1,7.28248,0.936123,0.384205,0.249248,0.751108,1.7578,1.86124,1.47658
NHP27,5,2.67761,277226880.484,4.1,6.70891,0.273172,-0.323017,-0.503741,0.0610889,2.29986,2.43837,2.00546
NHP27,9,2.67761,277226880.484,4.1,4.06474,-2.40066,-3,-3,-2.72651,4.35166,4.35166,4.14204
NHP27,14,2.67761,277226880.484,4.1,0.696035,-3,-3,-3,-3,4.35166,4.35166,4.35166
NHP27,23,2.67761,277226880.484,4.1,-3,-3,-3,-3,-3,4.35166,4.35166,4.35166
NHP28,0,2.67761,279716051.749,4.31,-3,-3,-3,-3,-3,4.35166,4.35166,4.35166
NHP28,1,5.91865,279716051.749,4.31,6.77068,6.22808,6.30656,6.28088,6.34518,-0.297318,-0.277633,-0.32692
NHP28,2,8.21047,279716051.749,4.31,7.48578,6.69812,6.72632,6.68913,6.79253,1.13754,1.16605,1.08679
NHP28,3,8.01332,279716051.749,4.31,7.65116,7.04948,7.01181,6.9696,7.09326,0.767614,0.799965,0.705189
NHP28,4,6.99625,279716051.749,4.31,7.28023,7.2074,7.0777,7.04191,7.14915,-0.0624298,-0.0349964,-0.117194
NHP28,5,7.01106,279716051.749,4.31,6.70616,7.16099,6.90911,6.88905,6.94938,0.0781407,0.0935193,0.0472734
NHP28,7,6.6433,279716051.749,4.31,5.40361,6.66824,6.1208,6.13618,6.08449,0.40047,0.388681,0.428304
NHP28,10,3.01377,279716051.749,4.31,3.38852,5.49694,4.4455,4.50129,4.30568,-1.09737,-1.14012,-0.990199
NHP28,14,2.67761,279716051.749,4.31,0.693011,3.63757,1.83352,1.9289,1.57241,0.64696,0.573856,0.847092
NHP28,23,2.67761,279716051.749,4.31,-3,-1.0119,-3,-3,-3,4.35166,4.35166,4.35166
NHP28,29,2.67761,279716051.749,4.31,-3,-3,-3,-3,-3,4.35166,4.35166,4.35166
NHP29,0,2.67761,277226880.484,4.62,-3,-3,-3,-3,-3,4.35166,4.35166,4.35166
NHP29,1,2.67761,277226880.484,4.62,6.42154,1.72055,1.67011,1.71623,2.03639,0.772208,0.736858,0.491465
NHP29,3,2.67761,277226880.484,4.62,7.46425,0.744879,1.12719,1.19951,1.5164,1.18833,1.1329,0.890015
NHP29,5,2.67761,277226880.484,4.62,6.91832,-0.571492,0.367397,0.471763,0.784863,1.77068,1.69069,1.45071
NHP29,9,2.67761,277226880.484,4.62,4.41622,-3,-1.16411,-0.994563,-0.688918,2.94452,2.81457,2.58031
NHP29,14,2.67761,277226880.484,4.62,1.08732,-3,-3,-2.82717,-2.53042,4.35166,4.21919,3.99174
NHP29,23,2.67761,277226880.484,4.62,-3,-3,-3,-3,-3,4.35166,4.35166,4.35166
NHP3,0,2.67761,279716051.749,5.61,-3,-3,-3,-3,-3,4.35166,4.35166,4.35166
NHP3,1,6.96669,279716051.749,5.61,6.42529,6.42529,6.39156,6.40945,6.38933,0.440813,0.427102,0.442523
NHP3,2,7.08098,279716051.749,5.61,7.08592,7.08592,7.05191,7.08635,7.05668,0.0222815,-0.00411902,0.0186223
NHP3,3,8.18391,279716051.749,5.61,7.46506,7.46506,7.4627,7.49847,7.47758,0.552779,0.525358,0.541371
NHP3,4,7.27784,279716051.749,5.61,7.35457,7.35457,7.42835,7.44735,7.45601,-0.115358,-0.129918,-0.136557
NHP3,5,7.5435,279716051.749,5.61,6.91549,6.91549,7.07522,7.08275,7.11562,0.358919,0.353149,0.327956
NHP3,7,7.02342,279716051.749,5.61,5.71618,5.71618,6.04889,6.05821,6.11498,0.746941,0.739797,0.696285
NHP3,10,3.46489,279716051.749,5.61,3.75073,3.75073,4.34787,4.38489,4.45439,-0.676769,-0.705138,-0.758407
NHP3,14,2.67761,279716051.749,5.61,1.08344,1.08344,2.03968,2.12394,2.20157,0.488946,0.424362,0.364866
NHP3,23,2.67761,279716051.749,5.61,-3,-3,-3,-2.98133,-2.89166,4.35166,4.33735,4.26862
NHP3,29,2.67761,279716051.749,5.61,-3,-3,-3,-3,-3,4.35166,4.35166,4.35166
NHP30,0,2.67761,277226880.484,4.99,-3,-3,-3,-3,-3,4.35166,4.35166,4.35166
NHP30,1,3.96155,277226880.484,4.99,6.42154,2.27932,3.31052,3.28365,3.56816,0.498994,0.519583,0.30152
NHP30,2,4.15055,277226880.484,4.99,7.08286,1.89803,2.88532,2.85858,3.16199,0.969744,0.990243,0.757687
NHP30,3,2.67761,277226880.484,4.99,7.46425,1.30547,2.24524,2.21805,2.55244,0.331389,0.352228,0.0959381
NHP30,4,2.67761,277226880.484,4.99,7.35622,0.657559,1.54982,1.52161,1.89649,0.864405,0.886023,0.598694
NHP30,7,2.67761,277226880.484,4.99,5.7197,-1.34561,-0.588683,-0.62172,-0.105004,2.50348,2.5288,2.13276
NHP30,9,2.67761,277226880.484,4.99,4.41622,-2.68636,-2.01589,-2.05269,-1.43886,3.59737,3.62558,3.15511
NHP30,14,2.67761,277226880.484,4.99,1.08732,-3,-3,-3,-3,4.35166,4.35166,4.35166
NHP30,23,2.67761,277226880.484,4.99,-3,-3,-3,-3,-3,4.35166,4.35166,4.35166
NHP31,0,2.67761,279716051.749,4.16,-3,-3,-3,-3,-3,4.35166,4.35166,4.35166
NHP31,1,4.97787,279716051.749,4.16,6.77068,6.22808,5.68303,5.68642,5.80609,-0.540475,-0.543076,-0.634795
NHP31,2,6.66574,279716051.749,4.16,7.48578,6.69812,5.76246,5.76293,5.98136,0.692327,0.691965,0.52455
NHP31,3,4.87345,279716051.749,4.16,7.65116,7.04948,5.7563,5.75283,6.06909,-0.676668,-0.674008,-0.916415
NHP31,4,6.31727,279716051.749,4.16,7.28023,7.2074,5.63164,5.62053,6.02948,0.525507,0.534021,0.220579
NHP31,5,6.66777,279716051.749,4.16,6.70616,7.16099,5.38138,5.35772,5.85395,0.985964,1.0041,0.623761
NHP31,7,5.88474,279716051.749,4.16,5.40361,6.66824,4.60697,4.54705,5.20851,0.979358,1.02528,0.5183
NHP31,10,2.67761,279716051.749,4.16,3.38852,5.49694,3.07794,2.95149,3.85471,-0.30684,-0.20992,-0.902199
NHP31,14,3.64111,279716051.749,4.16,0.693011,3.63757,0.722757,0.500819,1.72756,2.2368,2.40691,1.46666
NHP31,23,2.67761,279716051.749,4.16,-3,-1.0119,-3,-3,-3,4.35166,4.35166,4.35166
NHP31,29,2.67761,279716051.749,4.16,-3,-3,-3,-3,-3,4.35166,4.35166,4.35166
NHP32,0,2.67761,277226880.484,4.88,-3,-3,-3,-3,-3,4.35166,4.35166,4.35166
NHP32,1,2.67761,277226880.484,4.88,6.42154,1.72055,1.9901,1.8785,2.26474,0.526946,0.612481,0.316447
NHP32,2,2.67761,277226880.484,4.88,7.08286,1.33868,1.66537,1.54871,1.95744,0.775835,0.865254,0.551978
NHP32,3,3.69148,277226880.484,4.88,7.46425,0.744879,1.14525,1.02202,1.45995,1.95158,2.04604,1.71038
NHP32,4,2.67761,277226880.484,4.88,7.35622,0.0950604,0.579952,0.4492,0.920421,1.60777,1.70798,1.34681
NHP32,5,2.67761,277226880.484,4.88,6.91832,-0.571492,0.00336154,-0.135347,0.371017,2.0497,2.15602,1.76791
NHP32,7,2.67761,277226880.484,4.88,5.7197,-1.91585,-1.1558,-1.31082,-0.732556,2.93815,3.05697,2.61375
NHP32,9,2.67761,277226880.484,4.88,4.41622,-3,-2.31572,-2.48717,-1.83653,3.82718,3.95859,3.4599
NHP32,14,2.67761,277226880.484,4.88,1.08732,-3,-3,-3,-3,4.35166,4.35166,4.35166
NHP32,23,2.67761,277226880.484,4.88,-3,-3,-3,-3,-3,4.35166,4.35166,4.35166
NHP33,0,2.67761,279716051.749,4.04,-3,-3,-3,-3,-3,4.35166,4.35166,4.35166
NHP33,1,2.97069,279716051.749,4.04,6.77068,6.28961,5.97783,5.98103,6.05302,-2.30485,-2.3073,-2.36248
NHP33,2,7.20311,279716051.749,4.04,7.48578,6.6073,6.06731,6.07027,6.20175,0.870549,0.868279,0.767504
NHP33,3,6.2884,279716051.749,4.04,7.65116,6.81078,6.06782,6.07195,6.26052,0.169064,0.165898,0.0213657
NHP33,4,6.48189,279716051.749,4.04,7.28023,6.82808,5.9218,5.92927,6.17083,0.429284,0.423561,0.238412
NHP33,5,6.21644,279716051.749,4.04,6.70616,6.60706,5.56859,5.58072,5.8708,0.496554,0.48725,0.264921
NHP33,7,3.46354,279716051.749,4.04,5.40361,5.54261,4.29265,4.31332,4.68327,-0.635478,-0.65132,-0.934872
NHP33,10,3.01914,279716051.749,4.04,3.38852,3.10964,1.6406,1.67129,2.12882,1.05659,1.03307,0.682391
NHP33,14,2.67761,279716051.749,4.04,0.693011,-0.679696,-2.36554,-2.32391,-1.77396,3.86537,3.83346,3.41195
NHP33,23,2.67761,279716051.749,4.04,-3,-3,-3,-3,-3,4.35166,4.35166,4.35166
NHP33,29,2.67761,279716051.749,4.04,-3,-3,-3,-3,-3,4.35166,4.35166,4.35166
NHP34,0,2.67761,279716051.749,4.99,-3,-3,-3,-3,-3,4.35166,4.35166,4.35166
NHP34,1,4.74554,279716051.749,4.99,6.42529,3.37505,4.93982,5.00241,5.10491,-0.148909,-0.196878,-0.275443
NHP34,2,5.62861,279716051.749,4.99,7.08592,3.00183,4.80045,4.87285,5.01411,0.634747,0.579255,0.470988
NHP34,3,4.15955,279716051.749,4.99,7.46506,2.42765,4.59657,4.6863,4.87722,-0.334958,-0.403737,-0.550071
NHP34,4,6.30936,279716051.749,4.99,7.35457,1.80689,4.38749,4.49432,4.73533,1.47303,1.39116,1.20643
NHP34,5,4.07643,279716051.749,4.99,6.91549,1.17501,4.17375,4.29709,4.5885,-0.0745936,-0.169126,-0.39248
NHP34,7,6.4626,279716051.749,4.99,5.71618,-0.093624,3.73329,3.8882,4.28131,2.0919,1.97318,1.67187
NHP34,10,2.67761,279716051.749,4.99,3.75073,-1.99616,3.04484,3.24404,3.7916,-0.281471,-0.434145,-0.853829
NHP34,14,2.67761,279716051.749,4.99,1.08344,-3,2.08574,2.33953,3.09562,0.45364,0.259124,-0.320389
NHP34,23,2.67761,279716051.749,4.99,-3,-3,-0.190475,0.173498,1.40517,2.19827,1.9193,0.97527
NHP34,29,2.67761,279716051.749,4.99,-3,-3,-1.76719,-1.33612,0.215253,3.40676,3.07636,1.8873
NHP4,0,2.67761,279716051.749,4.92,-3,-3,-3,-3,-3,4.35166,4.35166,4.35166
NHP4,1,4.57433,279716051.749,4.92,6.42529,3.37505,2.66589,2.55909,3.06785,1.46274,1.5446,1.15466
NHP4,2,2.67761,279716051.749,4.92,7.08592,3.00183,2.15859,2.04056,2.59807,0.397806,0.488272,0.0609593
NHP4,3,3.49475,279716051.749,4.92,7.46506,2.42765,1.40794,1.27545,1.89805,1.59945,1.701,1.22381
NHP4,4,2.67761,279716051.749,4.92,7.35457,1.80689,0.57722,0.427165,1.13019,1.60986,1.72487,1.18603
NHP4,5,2.67761,279716051.749,4.92,6.91549,1.17501,-0.285658,-0.455854,0.339516,2.27122,2.40167,1.79205
NHP4,7,2.67761,279716051.749,4.92,5.71618,-0.093624,-2.04354,-2.25883,-1.25877,3.61857,3.78358,3.01708
NHP4,10,2.67761,279716051.749,4.92,3.75073,-1.99616,-3,-3,-3,4.35166,4.35166,4.35166
NHP4,14,2.67761,279716051.749,4.92,1.08344,-3,-3,-3,-3,4.35166,4.35166,4.35166
NHP4,23,2.67761,279716051.749,4.92,-3,-3,-3,-3,-3,4.35166,4.35166,4.35166
NHP4,29,2.67761,279716051.749,4.92,-3,-3,-3,-3,-3,4.35166,4.35166,4.35166
NHP5,0,2.67761,279716051.749,5.01,-3,-3,-3,-3,-3,4.35166,4.35166,4.35166
NHP5,1,2.67761,279716051.749,5.01,6.42529,5.94798,5.48742,5.46609,5.59662,-2.15361,-2.13726,-2.23731
NHP5,2,6.91252,279716051.749,5.01,7.08592,6.15724,5.42231,5.40172,5.65439,1.14219,1.15797,0.964306
NHP5,3,4.02578,279716051.749,5.01,7.46506,6.29658,5.26593,5.24547,5.62095,-0.950526,-0.934846,-1.22264
NHP5,4,5.66152,279716051.749,5.01,7.35457,6.32103,4.95844,4.93768,5.43221,0.538883,0.554793,0.175758
NHP5,5,3.32008,279716051.749,5.01,6.91549,6.16401,4.45522,4.43647,5.04344,-0.870037,-0.855668,-1.32088
NHP5,7,4.74446,279716051.749,5.01,5.71618,5.25001,2.95168,2.94809,3.75774,1.37409,1.37684,0.756283
NHP5,10,2.67761,279716051.749,5.01,3.75073,2.9879,0.0545589,0.0865654,1.16476,2.01046,1.98593,1.15954
NHP5,14,2.67761,279716051.749,5.01,1.08344,-0.620603,-3,-3,-2.72555,4.35166,4.35166,4.1413
NHP5,23,2.67761,279716051.749,5.01,-3,-3,-3,-3,-3,4.35166,4.35166,4.35166
NHP5,29,2.67761,279716051.749,5.01,-3,-3,-3,-3,-3,4.35166,4.35166,4.35166
NHP6,0,2.67761,279716051.749,5.35,-3,-3,-3,-3,-3,4.35166,4.35166,4.35166
NHP6,1,5.01859,279716051.749,5.35,6.42529,5.94798,6.04037,6.06742,6.07447,-0.783159,-0.80389,-0.809291
NHP6,2,6.38035,279716051.749,5.35,7.08592,6.15724,6.367,6.38868,6.37085,0.010229,-0.00638957,0.00727392
NHP6,3,7.85941,279716051.749,5.35,7.46506,6.29658,6.60277,6.62536,6.59433,0.963166,0.945852,0.969632
NHP6,4,7.47254,279716051.749,5.35,7.35457,6.32103,6.67774,6.71625,6.70455,0.609184,0.579663,0.588637
NHP6,5,4.95226,279716051.749,5.35,6.91549,6.16401,6.52595,6.59407,6.64669,-1.20618,-1.25839,-1.29871
NHP6,7,4.92019,279716051.749,5.35,5.71618,5.25001,5.57653,5.70081,5.96095,-0.503056,-0.598311,-0.797705
NHP6,10,3.83762,279716051.749,5.35,3.75073,2.9879,3.24674,3.40043,3.96067,0.452886,0.335084,-0.0943181
NHP6,14,3.32198,279716051.749,5.35,1.08344,-0.620603,-0.440362,-0.293319,0.591955,2.88368,2.77098,2.09245
NHP6,23,2.67761,279716051.749,5.35,-3,-3,-3,-3,-3,4.35166,4.35166,4.35166
NHP6,29,2.67761,279716051.749,5.35,-3,-3,-3,-3,-3,4.35166,4.35166,4.35166
NHP7,0,2.67761,277226880.484,5.39,-3,-3,-3,-3,-3,4.35166,4.35166,4.35166
NHP7,1,2.67761,277226880.484,5.39,6.42154,1.72055,1.36461,1.27918,1.66615,1.00636,1.07184,0.77524
NHP7,2,3.52407,277226880.484,5.39,7.08286,1.33868,0.923055,0.848256,1.26783,1.99357,2.0509,1.72931
NHP7,3,2.67761,277226880.484,5.39,7.46425,0.744879,0.252677,0.191511,0.65284,1.85861,1.90549,1.5519
NHP7,4,2.67761,277226880.484,5.39,7.35622,0.0950604,-0.486601,-0.531785,-0.0215667,2.42524,2.45987,2.06881
NHP7,5,2.67761,277226880.484,5.39,6.91832,-0.571492,-1.25054,-1.27818,-0.714639,3.01076,3.03195,2.60002
NHP7,7,2.67761,277226880.484,5.39,5.7197,-1.91585,-2.7997,-2.7901,-2.11426,4.19813,4.19078,3.67277
NHP7,9,2.67761,277226880.484,5.39,4.41622,-3,-3,-3,-3,4.35166,4.35166,4.35166
NHP7,14,2.67761,277226880.484,5.39,1.08732,-3,-3,-3,-3,4.35166,4.35166,4.35166
NHP7,23,2.67761,277226880.484,5.39,-3,-3,-3,-3,-3,4.35166,4.35166,4.35166
NHP8,0,2.67761,277226880.484,4.74,-3,-3,-3,-3,-3,4.35166,4.35166,4.35166
NHP8,1,2.67761,277226880.484,4.74,6.42154,1.72055,0.721217,0.528638,1.09759,1.49949,1.6471,1.21102
NHP8,2,2.67761,277226880.484,4.74,7.08286,1.33868,0.29624,0.0693601,0.679826,1.82522,1.99912,1.53122
NHP8,3,2.67761,277226880.484,4.74,7.46425,0.744879,-0.352001,-0.621952,0.0401017,2.32207,2.52898,2.02154
NHP8,4,2.67761,277226880.484,4.74,7.35622,0.0950604,-1.06539,-1.38599,-0.663298,2.86886,3.11458,2.56067
NHP8,5,2.67761,277226880.484,4.74,6.91832,-0.571492,-1.80099,-2.17735,-1.38796,3.43267,3.72113,3.11609
NHP8,7,2.67761,277226880.484,4.74,5.7197,-1.91585,-3,-3,-2.854,4.35166,4.35166,4.23976
NHP8,9,2.67761,277226880.484,4.74,4.41622,-3,-3,-3,-3,4.35166,4.35166,4.35166
NHP8,14,2.67761,277226880.484,4.74,1.08732,-3,-3,-3,-3,4.35166,4.35166,4.35166
NHP8,23,2.67761,277226880.484,4.74,-3,-3,-3,-3,-3,4.35166,4.35166,4.35166
NHP9,0,2.67761,279716051.749,5.89,-3,-3,-3,-3,-3,4.35166,4.35166,4.35166
NHP9,1,5.7292,279716051.749,5.89,6.42529,5.89905,5.99607,5.98756,6.04256,-0.204541,-0.198021,-0.24018
NHP9,2,8.48053,279716051.749,5.89,7.08592,6.25428,6.44138,6.42776,6.51199,1.56293,1.57337,1.50881
NHP9,3,8.18743,279716051.749,5.89,7.46506,6.52194,6.79562,6.7779,6.88474,1.06677,1.08035,0.998461
NHP9,4,7.30279,279716051.749,5.89,7.35457,6.6505,7.00449,6.98449,7.09748,0.228635,0.243965,0.157366
NHP9,5,7.81369,279716051.749,5.89,6.91549,6.62394,7.05249,7.03242,7.13048,0.58343,0.598812,0.523655
NHP9,7,7.56005,279716051.749,5.89,5.71618,6.2329,6.80065,6.78421,6.81388,0.582052,0.594655,0.571916
NHP9,10,4.54947,279716051.749,5.89,3.75073,5.22433,6.01004,5.99853,5.90905,-1.11947,-1.11065,-1.04206
NHP9,14,3.82875,279716051.749,5.89,1.08344,3.55065,4.67053,4.65935,4.42235,-0.645189,-0.636616,-0.454966
NHP9,23,2.91848,279716051.749,5.89,-3,-0.752932,1.21881,1.19309,0.651146,1.30273,1.32244,1.73782
NHP9,29,2.67761,279716051.749,5.89,-3,-3,-1.23342,-1.27471,-2.01017,2.99765,3.02929,3.59299
