id,time,epsilon_mean,S_mean,BAb_mean,NAb_mean,epsilon_mode,S_mode,BAb_mode,NAb_mode,epsilon_popPred,S_popPred,BAb_popPred,NAb_popPred,epsilon_popPred_medianCOV,S_popPred_medianCOV,BAb_popPred_medianCOV,NAb_popPred_medianCOV,epsilon_SAEM,S_SAEM,BAb_SAEM,NAb_SAEM
NHP1,0,0.999973,853.153,194442,106.629,0.999937,853.153,170130,93.2964,0.999842,853.153,104103,57.0881,0.0338043,1,78.819,0.043223,0.999965,843.297,195832,107.128
NHP1,1,0.999972,724.489,188040,103.118,0.999935,724.485,164656,90.2947,0.999838,724.487,101702,55.7718,0.0353978,3.1357,82.671,0.0453353,0.999964,716.144,189159,103.478
NHP1,2,0.999971,691.167,181540,99.5531,0.999933,691.166,159079,87.2362,0.999834,691.167,99109.8,54.3501,0.0442043,9.87769,104.189,0.0571357,0.999962,683.23,182417,99.7898
NHP1,3,0.99997,681.318,175294,96.1284,0.99993,681.317,153716,84.295,0.99983,681.318,96578.6,52.962,0.0739339,30.4583,179.856,0.0986301,0.999961,673.507,175949,96.2517
NHP1,4,0.999969,678.28,169367,92.8777,0.999928,678.28,148624,81.5026,0.999825,678.28,94164,51.6379,0.155005,88.2444,413.253,0.226621,0.99996,670.509,169813,92.8948
NHP1,5,0.999968,677.33,163761,89.8038,0.999925,677.33,143808,78.8617,0.999821,677.33,91877,50.3837,0.315926,218.589,1040.42,0.570546,0.999958,669.573,164011,89.7209
NHP1,7,0.999966,676.939,153469,84.1599,0.99992,676.939,134966,74.0128,0.999812,676.939,87675.3,48.0796,0.661784,560.748,4408.05,2.4173,0.999955,669.187,153359,83.8939
NHP1,9,0.999963,676.9,144299,79.1309,0.999916,676.9,127087,69.6921,0.999804,676.9,83930.8,46.0262,0.805563,663.323,9333.54,5.11835,0.999952,669.149,143868,78.7017
NHP1,14,0.999958,676.896,125514,68.8294,0.999903,676.896,110947,60.8415,0.999784,676.896,76260.3,41.8198,0.900256,676.854,20333.1,11.1503,0.999945,669.145,124426,68.066
NHP1,23,0.999948,676.896,102770,56.3572,0.999883,676.896,91406.9,50.126,0.999755,676.896,66973.6,36.7271,0.937373,676.896,33718.9,18.4908,0.999932,669.145,100886,55.1891
NHP10,0,0.389553,10.0682,2670.5,1.46446,0.361753,9.1854,2495.21,1.36833,0.586464,11.1995,3194.86,1.75201,0.0338043,1,78.819,0.043223,0.412526,9.79872,2786.59,1.52438
NHP10,1,0.400615,30.6861,2797.02,1.53384,0.37254,28.0723,2613.79,1.43336,0.5976,34.0132,3345.62,1.83468,0.0353978,3.1357,82.671,0.0453353,0.423802,29.8956,2918.78,1.5967
NHP10,2,0.452973,88.8443,3465.27,1.9003,0.424204,81.9044,3243.32,1.77858,0.647422,97.5252,4136.73,2.26851,0.0442043,9.8777,104.189,0.0571357,0.476895,86.712,3617.8,1.97909
NHP10,3,0.56667,219.744,5472.5,3.00102,0.539582,206.164,5159.29,2.82926,0.741869,236.08,6474.59,3.55055,0.0739339,30.4584,179.857,0.0986302,0.590514,215.162,5722.7,3.13056
NHP10,4,0.701637,409.277,9841.05,5.39666,0.681662,394.081,9426.82,5.1695,0.835285,426.555,11424.2,6.26485,0.155005,88.2445,413.253,0.226621,0.722296,402.422,10321.5,5.64631
NHP10,5,0.798887,561.497,16623.4,9.11597,0.786523,552.313,16219.7,8.89461,0.893463,571.477,18893,10.3606,0.315926,218.589,1040.42,0.570546,0.815055,553.835,17488.6,9.56701
NHP10,7,0.887499,663.427,33013.2,18.1039,0.882201,662.141,32969.5,18.0799,0.94194,664.782,36548.9,20.0428,0.661784,560.748,4408.05,2.4173,0.897791,655.675,34857.5,19.0685
NHP10,9,0.921093,675.541,48849.5,26.7882,0.91797,675.41,49265.4,27.0163,0.959581,675.68,53483.5,29.3294,0.805564,663.323,9333.55,5.11835,0.928657,667.792,51655,28.2574
NHP10,10,0.930667,676.47,56172.8,30.8042,0.928078,676.428,56807.3,31.1521,0.964557,676.514,61307.9,33.6202,0.83933,672.571,11768.5,6.45364,0.9374,668.719,59423.4,32.5071
NHP10,13,0.947678,676.883,75796.3,41.5654,0.945932,676.882,77019.4,42.2361,0.973347,676.884,82271.3,45.1161,0.890762,676.761,18370.1,10.0738,0.952875,669.132,80240.2,43.8948
NHP10,14,0.951228,676.892,81618.9,44.7584,0.949641,676.892,83016.8,45.525,0.975174,676.893,88491.3,48.5271,0.900256,676.854,20333.1,11.1503,0.956095,669.141,86416.9,47.2737
NHP10,22,0.965709,676.896,117854,64.629,0.964708,676.896,120340,65.9922,0.982597,676.896,127199,69.7539,0.935272,676.896,32551.4,17.8506,0.969195,669.145,124855,68.3012
NHP10,23,0.966655,676.896,121316,66.5276,0.965689,676.896,123906,67.9478,0.983081,676.896,130898,71.7821,0.937373,676.896,33718.9,18.4908,0.970049,669.145,128528,70.3103
NHP10,29,0.970644,676.896,138370,75.8796,0.969821,676.896,141471,77.5805,0.985117,676.896,149115,81.7723,0.946005,676.896,39469.4,21.6443,0.973647,669.145,146619,80.2067
NHP11,0,0.999889,822.462,61996,33.9975,0.999764,762.38,55363.6,30.3604,0.998052,769.259,60632.3,33.2497,0.0338043,1,78.819,0.043223,0.999905,830.123,62772.7,34.3393
NHP11,1,0.999888,717.261,61722.9,33.8477,0.999763,701.922,55214.4,30.2786,0.998046,703.767,60456.6,33.1534,0.0353978,3.1357,82.671,0.0453353,0.999905,713.092,62466.7,34.1719
NHP11,2,0.999887,689.085,61221,33.5725,0.999762,684.568,54933.7,30.1247,0.998035,685.118,60127,32.9726,0.0442043,9.8777,104.189,0.0571357,0.999904,682.355,61908.1,33.8663
NHP11,3,0.999886,680.681,60678.8,33.2752,0.99976,679.289,54627.8,29.9569,0.998023,679.459,59768.1,32.7758,0.0739339,30.4584,179.857,0.0986302,0.999903,673.239,61306.2,33.5371
NHP11,4,0.999885,678.081,60146.3,32.9832,0.999759,677.646,54326.4,29.7916,0.998012,677.7,59414.7,32.582,0.155005,88.2445,413.253,0.226621,0.999902,670.426,60715.5,33.214
NHP11,5,0.999884,677.268,59637.2,32.704,0.999758,677.132,54038,29.6335,0.998,677.149,59076.5,32.3965,0.315926,218.589,1040.42,0.570546,0.999901,669.547,60151,32.9051
NHP11,7,0.999882,676.933,58698.6,32.1893,0.999755,676.919,53506.1,29.3418,0.997979,676.921,58452.8,32.0545,0.661784,560.748,4408.05,2.4173,0.999899,669.185,59110.2,32.3358
NHP11,9,0.999881,676.9,57861.4,31.7302,0.999753,676.898,53031.5,29.0815,0.99796,676.899,57896.4,31.7494,0.805564,663.323,9333.55,5.11835,0.999898,669.149,58181.8,31.8279
NHP11,10,0.99988,676.897,57477.6,31.5197,0.999752,676.897,52814,28.9623,0.997951,676.897,57641.4,31.6095,0.83933,672.571,11768.5,6.45364,0.999897,669.146,57756.3,31.5951
NHP11,13,0.999878,676.896,56450.7,30.9566,0.999749,676.896,52231.9,28.6431,0.997926,676.896,56959,31.2353,0.890762,676.761,18370.1,10.0738,0.999895,669.145,56617.7,30.9722
NHP11,14,0.999877,676.896,56146.2,30.7896,0.999749,676.896,52059.4,28.5485,0.997919,676.896,56756.6,31.1243,0.900256,676.854,20333.1,11.1503,0.999894,669.145,56280,30.7875
NHP11,22,0.999873,676.896,54250.7,29.7501,0.999743,676.896,50985,27.9593,0.997872,676.896,55496.9,30.4335,0.935272,676.896,32551.4,17.8506,0.99989,669.145,54177.9,29.6376
NHP11,23,0.999872,676.896,54069.7,29.6509,0.999743,676.896,50882.4,27.903,0.997867,676.896,55376.6,30.3676,0.937373,676.896,33718.9,18.4908,0.99989,669.145,53977.1,29.5278
NHP11,29,0.99987,676.896,53177.5,29.1616,0.99974,676.896,50376.5,27.6256,0.997844,676.896,54783.5,30.0423,0.946005,676.896,39469.4,21.6443,0.999888,669.145,52987.9,28.9866
NHP12,0,0.999991,853.153,111522,61.1567,0.999975,853.153,99213.2,54.4068,0.999956,853.153,201362,110.423,0.0338043,1,78.819,0.043223,0.999992,843.297,111346,60.911
NHP12,1,0.999991,724.488,107575,58.9921,0.999974,724.491,95908.5,52.5946,0.999955,724.489,193556,106.143,0.0353978,3.1357,82.671,0.0453353,0.999992,716.146,107466,58.7882
NHP12,2,0.99999,691.167,103609,56.8172,0.999973,691.168,92558.8,50.7576,0.999953,691.167,185808,101.894,0.0442043,9.87769,104.189,0.0571357,0.999991,683.231,103558,56.6506
NHP12,3,0.99999,681.318,99809.2,54.7336,0.999972,681.318,89342.2,48.9937,0.999951,681.318,178411,97.8375,0.0739339,30.4583,179.856,0.0986301,0.999991,673.507,99812.4,54.6016
NHP12,4,0.999989,678.28,96206,52.7577,0.999971,678.28,86289.5,47.3196,0.999949,678.28,171404,93.9947,0.155005,88.2444,413.253,0.226621,0.999991,670.509,96259.7,52.6581
NHP12,5,0.999989,677.33,92799.9,50.8898,0.99997,677.33,83402.9,45.7367,0.999947,677.33,164781,90.3633,0.315926,218.589,1040.42,0.570546,0.99999,669.573,92901,50.8208
NHP12,7,0.999988,676.939,86546.6,47.4606,0.999968,676.939,78103.1,42.8304,0.999942,676.939,152626,83.6973,0.661784,560.748,4408.05,2.4173,0.99999,669.187,86734.8,47.4476
NHP12,9,0.999987,676.9,80974.7,44.4051,0.999966,676.9,73380.7,40.2407,0.999938,676.9,141795,77.758,0.805563,663.323,9333.54,5.11835,0.999989,669.149,81240.5,44.4419
NHP12,14,0.999985,676.896,69561.3,38.1462,0.999961,676.896,63707.4,34.936,0.999927,676.896,119610,65.5918,0.900256,676.854,20333.1,11.1503,0.999987,669.145,69985.8,38.2852
NHP12,23,0.999982,676.896,55743,30.5685,0.999952,676.896,51995.8,28.5136,0.999905,676.896,92749.6,50.8623,0.937373,676.896,33718.9,18.4908,0.999984,669.145,56360,30.8313
NHP13,0,0.0885533,0.784716,104.2,0.0571417,0.056073,0.742407,96.7997,0.0530833,0.0338043,1,78.819,0.043223,0.0338043,1,78.819,0.043223,0.0971003,0.828907,110.921,0.0606785
NHP13,1,0.0924839,2.46247,109.297,0.0599365,0.0586551,2.33005,101.535,0.05568,0.0353978,3.1357,82.671,0.0453353,0.0353978,3.1357,82.671,0.0453353,0.10137,2.60213,116.349,0.0636479
NHP13,2,0.113863,7.77393,137.809,0.0755719,0.0728479,7.35909,128.034,0.0702115,0.0442043,9.8777,104.189,0.0571357,0.0442043,9.8777,104.189,0.0571357,0.124533,8.215,146.716,0.0802599
NHP13,3,0.181933,24.1302,238.517,0.130799,0.119766,22.8725,221.715,0.121585,0.0739339,30.4584,179.857,0.0986302,0.0739339,30.4584,179.857,0.0986302,0.197542,25.4704,253.905,0.138897
NHP13,4,0.340305,71.2337,553.249,0.303392,0.240236,67.7758,515.252,0.282555,0.155005,88.2445,413.253,0.226621,0.155005,88.2445,413.253,0.226621,0.363063,74.8624,587.92,0.321617
NHP13,5,0.570931,184.32,1427.09,0.782592,0.450467,176.977,1335.76,0.732505,0.315926,218.589,1040.42,0.570546,0.315926,218.589,1040.42,0.570546,0.593787,191.532,1507.68,0.824765
NHP13,7,0.860402,535.516,6610.28,3.62496,0.794828,529.213,6312.67,3.46176,0.661784,560.748,4408.05,2.4173,0.661784,560.748,4408.05,2.4173,0.868532,537.007,6813.96,3.72752
NHP13,9,0.932552,659.691,14828.5,8.13171,0.898084,658.736,14359.3,7.87437,0.805564,663.323,9333.55,5.11835,0.805564,663.323,9333.55,5.11835,0.935777,653.283,15028.5,8.22124
NHP13,10,0.946475,671.393,18964.8,10.4,0.918757,671.081,18427.8,10.1055,0.83933,672.571,11768.5,6.45364,0.83933,672.571,11768.5,6.45364,0.948867,664.08,19139.9,10.4703
NHP13,13,0.965723,676.724,30217,16.5705,0.947663,676.714,29505.7,16.1804,0.890762,676.761,18370.1,10.0738,0.890762,676.761,18370.1,10.0738,0.967093,668.987,30312.3,16.5821
NHP13,14,0.969037,676.842,33565,18.4065,0.952674,676.839,32802.4,17.9883,0.900256,676.854,20333.1,11.1503,0.900256,676.854,20333.1,11.1503,0.970248,669.095,33635.9,18.4003
NHP13,22,0.980668,676.896,54404.8,29.8346,0.970347,676.896,53322.9,29.2414,0.935272,676.896,32551.4,17.8506,0.935272,676.896,32551.4,17.8506,0.981367,669.145,54323.3,29.7171
NHP13,23,0.981338,676.896,56396,30.9266,0.971368,676.896,55283.7,30.3166,0.937373,676.896,33718.9,18.4908,0.937373,676.896,33718.9,18.4908,0.98201,669.145,56300,30.7985
NHP13,29,0.984058,676.896,66204.2,36.3052,0.975522,676.896,64941.7,35.6129,0.946005,676.896,39469.4,21.6443,0.946005,676.896,39469.4,21.6443,0.984621,669.145,66036.5,36.1248
NHP14,0,0.999994,853.153,302558,165.917,0.99998,853.153,269874,147.994,0.999842,853.153,104103,57.0881,0.0338043,1,78.819,0.043223,0.999995,843.297,287998,157.547
NHP14,1,0.999994,724.499,290587,159.353,0.999979,724.489,259631,142.377,0.999838,724.487,101702,55.7718,0.0353978,3.1357,82.671,0.0453353,0.999995,716.143,276918,151.486
NHP14,2,0.999993,691.17,278737,152.854,0.999979,691.167,249436,136.786,0.999834,691.167,99109.8,54.3501,0.0442043,9.87769,104.189,0.0571357,0.999995,683.23,265910,145.464
NHP14,3,0.999993,681.319,267431,146.654,0.999978,681.318,239695,131.445,0.99983,681.318,96578.6,52.962,0.0739339,30.4583,179.856,0.0986301,0.999995,673.507,255397,139.713
NHP14,4,0.999993,678.28,256723,140.782,0.999977,678.28,230465,126.383,0.999825,678.28,94164,51.6379,0.155005,88.2444,413.253,0.226621,0.999995,670.509,245437,134.264
NHP14,5,0.999993,677.331,246605,135.234,0.999976,677.33,221742,121.6,0.999821,677.33,91877,50.3837,0.315926,218.589,1040.42,0.570546,0.999994,669.573,236024,129.115
NHP14,7,0.999992,676.939,228033,125.049,0.999974,676.939,205729,112.818,0.999812,676.939,87675.3,48.0796,0.661784,560.748,4408.05,2.4173,0.999994,669.187,218747,119.664
NHP14,9,0.999991,676.9,211485,115.974,0.999972,676.9,191462,104.994,0.999804,676.9,83930.8,46.0262,0.805563,663.323,9333.54,5.11835,0.999993,669.149,203352,111.242
NHP14,14,0.99999,676.896,177588,97.3861,0.999967,676.896,162237,88.9677,0.999784,676.896,76260.3,41.8198,0.900256,676.854,20333.1,11.1503,0.999992,669.145,171818,93.9917
NHP14,23,0.999987,676.896,136548,74.8808,0.999958,676.896,126853,69.5642,0.999755,676.896,66973.6,36.7271,0.937373,676.896,33718.9,18.4908,0.99999,669.145,133639,73.1064
NHP15,0,0.528433,1.22928,470.624,0.258082,0.539608,1.20876,455.375,0.249719,0.186513,1,516.515,0.283248,0.0338043,1,78.819,0.043223,0.58897,1.27778,482.763,0.264092
NHP15,1,0.540295,3.85159,493.603,0.270683,0.551428,3.78759,477.612,0.261914,0.193861,3.13573,541.758,0.29709,0.0353979,3.13585,82.6712,0.0453354,0.600466,4.00499,506.347,0.276993
NHP15,2,0.596856,12.1044,621.78,0.340973,0.607625,11.9058,601.662,0.329941,0.232585,9.87763,682.772,0.37442,0.044205,9.87839,104.191,0.0571367,0.65438,12.5856,637.889,0.348952
NHP15,3,0.7182,37.0655,1070.36,0.586968,0.727258,36.4798,1035.99,0.568117,0.34348,30.458,1178.63,0.64634,0.0739367,30.4606,179.864,0.0986343,0.765181,38.485,1097.85,0.600572
NHP15,4,0.852918,105.343,2435.42,1.33554,0.858603,103.853,2359.24,1.29376,0.545888,88.243,2708.1,1.48507,0.155012,88.2503,413.277,0.226634,0.880943,108.845,2492.91,1.36373
NHP15,5,0.934452,250.208,5987.16,3.28325,0.937338,247.557,5811.79,3.18708,0.75164,218.584,6817.93,3.73883,0.315939,218.601,1040.48,0.570579,0.947596,255.689,6092.2,3.33269
NHP15,7,0.982434,579.3,23489.2,12.8811,0.983349,577.885,22944.8,12.5825,0.927653,560.745,28886.4,15.8408,0.661791,560.755,4408.2,2.41738,0.985834,577.066,23446.2,12.8261
NHP15,9,0.991242,665.815,47532.4,26.0659,0.991731,665.63,46596.6,25.5528,0.964476,663.323,61163.9,33.5412,0.805566,663.324,9333.71,5.11844,0.992871,658.773,46923.7,25.6693
NHP15,10,0.992964,673.374,59268.3,32.5017,0.993363,673.314,58152.5,31.8898,0.971618,672.57,77120.6,42.2916,0.839331,672.571,11768.7,6.45372,0.994259,665.852,58349.1,31.9194
NHP15,13,0.995407,676.786,91012.1,49.9095,0.995674,676.784,89415,49.0336,0.98163,676.761,120382,66.0154,0.890762,676.761,18370.2,10.0739,0.996239,669.043,89235.8,48.8157
NHP15,14,0.995836,676.862,100447,55.0836,0.996079,676.861,98707.5,54.1295,0.983374,676.854,133246,73.0699,0.900257,676.854,20333.3,11.1504,0.996588,669.113,98415.4,53.8373
NHP15,22,0.997368,676.896,159172,87.2871,0.997524,676.896,156543,85.8454,0.989549,676.896,213315,116.978,0.935272,676.896,32551.5,17.8507,0.997839,669.145,155547,85.0908
NHP15,23,0.997458,676.896,164783,90.364,0.997608,676.896,162069,88.8758,0.989908,676.896,220965,121.173,0.937373,676.896,33719,18.4909,0.997912,669.145,161006,88.0771
NHP15,29,0.997822,676.896,192422,105.521,0.997952,676.896,189290,103.803,0.991365,676.896,258650,141.839,0.946005,676.896,39469.4,21.6443,0.99821,669.145,187896,102.787
NHP16,0,0.999802,853.153,46440,25.4669,0.999518,853.153,41161.3,22.5721,0.999842,853.153,104103,57.0881,0.0338043,1,78.819,0.043223,0.999788,843.297,47128.7,25.7814
NHP16,1,0.9998,724.488,45964.3,25.206,0.999515,724.463,40918.3,22.4389,0.999838,724.487,101702,55.7718,0.0353978,3.1357,82.671,0.0453353,0.999786,716.147,46554,25.467
NHP16,2,0.999797,691.167,45321.8,24.8537,0.99951,691.16,40503.4,22.2113,0.999834,691.167,99109.8,54.3501,0.0442043,9.87769,104.189,0.0571357,0.999782,683.231,45822.7,25.0669
NHP16,3,0.999794,681.318,44663,24.4924,0.999504,681.316,40060.9,21.9687,0.99983,681.318,96578.6,52.962,0.0739339,30.4583,179.856,0.0986301,0.999779,673.507,45081.6,24.6615
NHP16,4,0.999791,678.28,44025.4,24.1428,0.999499,678.279,39627.9,21.7313,0.999825,678.28,94164,51.6379,0.155005,88.2444,413.253,0.226621,0.999775,670.509,44366.8,24.2705
NHP16,5,0.999788,677.33,43418.7,23.8101,0.999494,677.33,39214.5,21.5045,0.999821,677.33,91877,50.3837,0.315926,218.589,1040.42,0.570546,0.999771,669.573,43687.3,23.8988
NHP16,7,0.999783,676.939,42302,23.1977,0.999484,676.939,38452.5,21.0867,0.999812,676.939,87675.3,48.0796,0.661784,560.748,4408.05,2.4173,0.999765,669.187,42437.4,23.215
NHP16,9,0.999778,676.9,41306.4,22.6517,0.999474,676.9,37772.9,20.714,0.999804,676.9,83930.8,46.0262,0.805563,663.323,9333.54,5.11835,0.999758,669.149,41323,22.6054
NHP16,14,0.999766,676.896,39266.8,21.5332,0.999454,676.896,36380.7,19.9505,0.999784,676.896,76260.3,41.8198,0.900256,676.854,20333.1,11.1503,0.999744,669.145,39040.1,21.3566
NHP16,23,0.99975,676.896,36797.6,20.1791,0.999428,676.896,34695.1,19.0262,0.999755,676.896,66973.6,36.7271,0.937373,676.896,33718.9,18.4908,0.999725,669.145,36276.5,19.8448
NHP17,0,0.134969,0.692104,75.7015,0.0415134,0.194819,0.680248,72.4035,0.0397048,0.0338043,1,78.819,0.043223,0.0338043,1,78.819,0.043223,0.139415,0.689311,77.3109,0.0422923
NHP17,1,0.140644,2.17251,79.4053,0.0435445,0.202421,2.1354,75.9461,0.0416475,0.0353978,3.1357,82.671,0.0453353,0.0353978,3.1357,82.671,0.0453353,0.14525,2.16495,81.0962,0.044363
NHP17,2,0.171085,6.86484,100.138,0.0549142,0.242465,6.74838,95.7786,0.0525233,0.0442043,9.8777,104.189,0.0571357,0.0442043,9.8777,104.189,0.0571357,0.176513,6.84447,102.292,0.0559582
NHP17,3,0.263421,21.3693,173.513,0.0951514,0.35678,21.0146,165.983,0.0910222,0.0739339,30.4584,179.857,0.0986302,0.0739339,30.4584,179.857,0.0986302,0.270918,21.3139,177.332,0.0970078
NHP17,4,0.45444,63.6086,404.142,0.221624,0.563822,62.6197,386.813,0.212122,0.155005,88.2445,413.253,0.226621,0.155005,88.2445,413.253,0.226621,0.464058,63.4401,413.217,0.226047
NHP17,5,0.684799,167.946,1054.08,0.578041,0.7715,165.774,1010.35,0.554058,0.315926,218.589,1040.42,0.570546,0.315926,218.589,1040.42,0.570546,0.693058,167.32,1077.55,0.589466
NHP17,7,0.913267,520.938,5108.71,2.80153,0.942743,518.855,4927.02,2.70189,0.661784,560.748,4408.05,2.4173,0.661784,560.748,4408.05,2.4173,0.91604,516.335,5206.74,2.84831
NHP17,9,0.960609,657.452,11831.9,6.48838,0.974558,657.123,11462.4,6.28581,0.805564,663.323,9333.55,5.11835,0.805564,663.323,9333.55,5.11835,0.961835,650.158,12027,6.57925
NHP17,10,0.96917,670.662,15252.2,8.36403,0.980172,670.554,14792.5,8.11193,0.83933,672.571,11768.5,6.45364,0.83933,672.571,11768.5,6.45364,0.970118,663.062,15493,8.47533
NHP17,13,0.98064,676.701,24576.1,13.4771,0.98762,676.697,23873,13.0915,0.890762,676.761,18370.1,10.0738,0.890762,676.761,18370.1,10.0738,0.981224,668.955,24939.5,13.6429
NHP17,14,0.982571,676.835,27351.5,14.9991,0.988866,676.834,26576.1,14.5738,0.900256,676.854,20333.1,11.1503,0.900256,676.854,20333.1,11.1503,0.983094,669.085,27751.2,15.1811
NHP17,22,0.989245,676.896,44627.1,24.4727,0.993153,676.896,43401.8,23.8008,0.935272,676.896,32551.4,17.8506,0.935272,676.896,32551.4,17.8506,0.989564,669.145,45253.1,24.7553
NHP17,23,0.989625,676.896,46277.8,25.3779,0.993395,676.896,45009.4,24.6824,0.937373,676.896,33718.9,18.4908,0.937373,676.896,33718.9,18.4908,0.989932,669.145,46925.3,25.6701
NHP17,29,0.991162,676.896,54408.6,29.8367,0.994378,676.896,52928.4,29.025,0.946005,676.896,39469.4,21.6443,0.946005,676.896,39469.4,21.6443,0.991423,669.145,55162.9,30.1764
NHP18,0,0.170934,1.10788,1020.15,0.559435,0.151717,1.00306,907.782,0.497812,0.186513,1,516.515,0.283248,0.0338043,1,78.819,0.043223,0.17341,1.1199,1050.57,0.574706
NHP18,1,0.1778,3.47268,1069.99,0.586764,0.15796,3.14525,952.146,0.52214,0.193861,3.13562,541.757,0.29709,0.0353978,3.1357,82.671,0.0453353,0.180358,3.51207,1101.92,0.602799
NHP18,2,0.214129,10.9271,1348.19,0.739322,0.191212,9.90728,1199.97,0.658041,0.232583,9.87712,682.763,0.374415,0.0442043,9.8777,104.189,0.0571357,0.2171,11.0545,1388.66,0.759655
NHP18,3,0.31961,33.5844,2324.28,1.27459,0.289822,30.5465,2071.34,1.13589,0.343472,30.4562,1178.59,0.646319,0.0739339,30.4584,179.857,0.0986302,0.323492,33.967,2394.6,1.30995
NHP18,4,0.517919,96.4164,5315.8,2.91509,0.483885,88.477,4758.64,2.60956,0.545876,88.2381,2707.97,1.48501,0.155005,88.2445,413.253,0.226621,0.522252,97.3432,5474.23,2.99463
NHP18,5,0.727816,234.033,13230.7,7.25551,0.702346,219.037,11976.4,6.56766,0.751631,218.575,6817.6,3.73865,0.315926,218.589,1040.42,0.570546,0.730798,235.183,13594.4,7.43672
NHP18,7,0.916005,570.285,53959.6,29.5905,0.908975,561.039,50684.7,27.7946,0.927652,560.738,28885.5,15.8403,0.661784,560.748,4408.05,2.4173,0.916491,566.074,54958.4,30.0646
NHP18,9,0.957569,664.622,111664,61.2346,0.954811,663.363,107245,58.8113,0.964476,663.322,61163,33.5407,0.805564,663.323,9333.55,5.11835,0.957605,657.335,113112,61.8773
NHP18,10,0.965865,672.99,140004,76.7756,0.963817,672.584,135200,74.1415,0.971617,672.57,77119.8,42.2911,0.83933,672.571,11768.5,6.45364,0.965849,665.39,141627,77.4757
NHP18,13,0.977681,676.774,216744,118.859,0.976509,676.761,210989,115.703,0.98163,676.761,120381,66.015,0.890762,676.761,18370.1,10.0738,0.977626,669.028,218816,119.701
NHP18,14,0.979763,676.858,239558,131.37,0.978728,676.854,233526,128.062,0.983374,676.854,133246,73.0695,0.900256,676.854,20333.1,11.1503,0.979707,669.108,241762,132.254
NHP18,22,0.987198,676.896,381556,209.238,0.986603,676.896,373796,204.983,0.989549,676.896,213315,116.978,0.935272,676.896,32551.4,17.8506,0.987146,669.145,384581,210.382
NHP18,23,0.987632,676.896,395123,216.678,0.987061,676.896,387198,212.333,0.989908,676.896,220965,121.173,0.937373,676.896,33718.9,18.4908,0.987581,669.145,398227,217.847
NHP18,29,0.989403,676.896,461954,253.328,0.988925,676.896,453217,248.536,0.991365,676.896,258650,141.839,0.946005,676.896,39469.4,21.6443,0.989355,669.145,465445,254.618
NHP19,0,0.160521,2.125,166.507,0.0913094,0.107127,1.91814,147.734,0.0810149,0.0338043,1,78.819,0.043223,0.0338043,1,78.819,0.043223,0.148408,1.93582,158.194,0.0865388
NHP19,1,0.16703,6.63912,174.612,0.095754,0.111762,5.99685,154.931,0.0849614,0.0353979,3.13583,82.6712,0.0453354,0.0353979,3.13583,82.6712,0.0453354,0.154524,6.05475,165.905,0.0907568
NHP19,2,0.201368,20.6816,219.56,0.120403,0.136651,18.719,194.894,0.106877,0.0442049,9.87833,104.191,0.0571366,0.0442049,9.87833,104.191,0.0571366,0.186952,18.9026,208.727,0.114182
NHP19,3,0.300491,61.6899,374.066,0.205131,0.212785,56.1688,332.827,0.182517,0.0739365,30.4604,179.863,0.098634,0.0739365,30.4604,179.863,0.098634,0.281969,56.6804,356.469,0.195004
NHP19,4,0.485481,163.721,821.639,0.450573,0.374358,151.315,736.771,0.404032,0.155012,88.2498,413.275,0.226633,0.155012,88.2498,413.275,0.226633,0.464799,152.275,788.339,0.431255
NHP19,5,0.682193,340.974,1869.19,1.02503,0.580411,323.605,1703.27,0.934041,0.315938,218.6,1040.47,0.570577,0.315938,218.6,1040.47,0.570577,0.666855,323.846,1817.04,0.993996
NHP19,7,0.873129,616.859,5992.76,3.28632,0.821508,610.999,5667.16,3.10777,0.661791,560.755,4408.19,2.41737,0.661791,560.755,4408.19,2.41737,0.868539,605.444,5997.34,3.28079
NHP19,9,0.926156,670.45,10921.4,5.98911,0.895179,669.76,10515.6,5.76656,0.805566,663.324,9333.69,5.11843,0.805566,663.324,9333.69,5.11843,0.924292,662.27,11082.4,6.06252
NHP19,14,0.961017,676.876,21466.6,11.7719,0.944448,676.874,20933.8,11.4797,0.900257,676.854,20333.2,11.1504,0.900257,676.854,20333.2,11.1504,0.960369,669.124,21997.1,12.0333
NHP19,23,0.975217,676.896,34265.9,18.7908,0.964631,676.896,33582.3,18.4159,0.937373,676.896,33719,18.4909,0.937373,676.896,33719,18.4909,0.974893,669.145,35247.5,19.2818
NHP2,0,0.0644197,1.35711,85.4047,0.0468344,0.0402112,1.21928,75.5209,0.0414143,0.0338043,1,78.819,0.043223,0.0338043,1,78.819,0.043223,0.0503979,1.23795,83.9179,0.0459066
NHP2,1,0.0673521,4.25047,89.5731,0.0491203,0.0420921,3.82051,79.2087,0.0434367,0.0353978,3.1357,82.671,0.0453353,0.0353978,3.1357,82.671,0.0453353,0.0527305,3.8808,88.0183,0.0481497
NHP2,2,0.0833645,13.3415,112.805,0.0618603,0.0524509,12.0085,99.7808,0.0547181,0.0442043,9.87769,104.189,0.0571357,0.0442043,9.87769,104.189,0.0571357,0.0655375,12.2008,110.895,0.0606643
NHP2,3,0.135193,40.6985,193.901,0.106332,0.0870118,36.7837,171.794,0.0942089,0.0739339,30.4583,179.856,0.0986301,0.0739339,30.4583,179.856,0.0986301,0.107754,37.3544,190.957,0.104461
NHP2,4,0.261352,114.472,438.866,0.240666,0.17827,104.628,391.062,0.214452,0.155005,88.2444,413.253,0.226621,0.155005,88.2444,413.253,0.226621,0.215501,105.996,434.35,0.237608
NHP2,5,0.462092,266.047,1065.53,0.584317,0.348053,248.938,962.34,0.527731,0.315926,218.589,1040.42,0.570546,0.315926,218.589,1040.42,0.570546,0.402621,250.716,1065.69,0.582978
NHP2,7,0.764597,587.298,4028.7,2.20927,0.677505,578.626,3786.91,2.07667,0.661784,560.748,4408.05,2.4173,0.661784,560.748,4408.05,2.4173,0.724109,574.529,4150.02,2.27023
NHP2,9,0.865573,666.846,7986.56,4.37969,0.80983,665.727,7676.21,4.2095,0.805563,663.323,9333.54,5.11835,0.805563,663.323,9333.54,5.11835,0.840952,658.445,8360.38,4.57348
NHP2,14,0.930645,676.865,16643.7,9.12712,0.900095,676.861,16240.4,8.90594,0.900256,676.854,20333.1,11.1503,0.900256,676.854,20333.1,11.1503,0.917621,669.112,17612.9,9.63501
NHP2,23,0.956335,676.896,27165.4,14.897,0.936653,676.896,26653.3,14.6162,0.937373,676.896,33718.9,18.4908,0.937373,676.896,33718.9,18.4908,0.94806,669.145,28861.4,15.7884
NHP20,0,0.994182,702.373,50804.6,27.8603,0.99011,660.607,45765,25.0967,0.998052,769.259,60632.3,33.2497,0.0338043,1,78.819,0.043223,0.993683,698.376,50303.9,27.5184
NHP20,1,0.994178,684.779,50761.9,27.8369,0.990116,671.618,45790.2,25.1105,0.998046,703.767,60456.6,33.1534,0.0353978,3.1357,82.671,0.0453353,0.993676,678.17,50255.2,27.4917
NHP20,2,0.994168,679.354,50679.7,27.7918,0.990126,675.228,45840,25.1378,0.998035,685.118,60127,32.9726,0.0442043,9.8777,104.189,0.0571357,0.993665,671.954,50161.2,27.4403
NHP20,3,0.994158,677.667,50589.1,27.7422,0.990138,676.371,45895.3,25.1682,0.998023,679.459,59768.1,32.7758,0.0739339,30.4584,179.857,0.0986302,0.993652,670.025,50057.7,27.3837
NHP20,4,0.994148,677.138,50499.6,27.6931,0.99015,676.731,45950.1,25.1982,0.998012,677.7,59414.7,32.582,0.155005,88.2445,413.253,0.226621,0.993639,669.421,49955.4,27.3277
NHP20,5,0.994138,676.972,50413.9,27.6461,0.990161,676.844,46002.7,25.2271,0.998,677.149,59076.5,32.3965,0.315926,218.589,1040.42,0.570546,0.993626,669.232,49857.5,27.2741
NHP20,7,0.994119,676.904,50255.7,27.5593,0.990182,676.891,46099.7,25.2803,0.997979,676.921,58452.8,32.0545,0.661784,560.748,4408.05,2.4173,0.993603,669.154,49676.7,27.1753
NHP20,9,0.994103,676.897,50114.6,27.4819,0.9902,676.896,46186.3,25.3277,0.99796,676.899,57896.4,31.7494,0.805564,663.323,9333.55,5.11835,0.993583,669.146,49515.5,27.087
NHP20,10,0.994095,676.896,50049.9,27.4465,0.990208,676.896,46226,25.3495,0.997951,676.897,57641.4,31.6095,0.83933,672.571,11768.5,6.45364,0.993573,669.145,49441.6,27.0466
NHP20,13,0.994075,676.896,49876.7,27.3515,0.99023,676.896,46332.2,25.4077,0.997926,676.896,56959,31.2353,0.890762,676.761,18370.1,10.0738,0.993547,669.145,49243.8,26.9384
NHP20,14,0.994069,676.896,49825.4,27.3234,0.990237,676.896,46363.7,25.425,0.997919,676.896,56756.6,31.1243,0.900256,676.854,20333.1,11.1503,0.99354,669.145,49185.1,26.9063
NHP20,22,0.994031,676.896,49505.8,27.1481,0.990278,676.896,46559.7,25.5325,0.997872,676.896,55496.9,30.4335,0.935272,676.896,32551.4,17.8506,0.993492,669.145,48820,26.7066
NHP20,23,0.994027,676.896,49475.3,27.1314,0.990281,676.896,46578.4,25.5428,0.997867,676.896,55376.6,30.3676,0.937373,676.896,33718.9,18.4908,0.993487,669.145,48785.1,26.6875
NHP20,29,0.994009,676.896,49324.9,27.0489,0.990301,676.896,46670.7,25.5934,0.997844,676.896,54783.5,30.0423,0.946005,676.896,39469.4,21.6443,0.993464,669.145,48613.3,26.5935
NHP21,0,0.999413,853.153,133439,73.1757,0.998767,853.153,116777,64.0382,0.998052,769.259,60632.3,33.2497,0.0338043,1,78.819,0.043223,0.999376,843.297,126369,69.129
NHP21,1,0.999399,724.49,130247,71.4253,0.998741,724.496,114378,62.723,0.998046,703.767,60456.6,33.1534,0.0353978,3.1357,82.671,0.0453353,0.999363,716.137,123861,67.7574
NHP21,2,0.999383,691.167,126824,69.5482,0.998711,691.169,111724,61.2674,0.998035,685.118,60127,32.9726,0.0442043,9.8777,104.189,0.0571357,0.999349,683.228,121066,66.228
NHP21,3,0.999366,681.318,123488,67.7189,0.99868,681.318,109117,59.8378,0.998023,679.459,59768.1,32.7758,0.0739339,30.4584,179.857,0.0986302,0.999333,673.506,118315,64.7231
NHP21,4,0.999349,678.28,120308,65.9749,0.998649,678.28,106625,58.4715,0.998012,677.7,59414.7,32.582,0.155005,88.2445,413.253,0.226621,0.999318,670.509,115684,63.2841
NHP21,5,0.999333,677.33,117296,64.3233,0.998619,677.331,104264,57.1767,0.998,677.149,59076.5,32.3965,0.315926,218.589,1040.42,0.570546,0.999303,669.573,113191,61.9201
NHP21,7,0.9993,676.939,111764,61.2893,0.998559,676.939,99925.3,54.7973,0.997979,676.921,58452.8,32.0545,0.661784,560.748,4408.05,2.4173,0.999274,669.187,108609,59.4134
NHP21,9,0.999267,676.9,106833,58.5854,0.998501,676.9,96058.2,52.6766,0.99796,676.899,57896.4,31.7494,0.805564,663.323,9333.55,5.11835,0.999245,669.149,104525,57.1793
NHP21,10,0.999252,676.898,104573,57.3461,0.998473,676.898,94285.8,51.7047,0.997951,676.897,57641.4,31.6095,0.83933,672.571,11768.5,6.45364,0.999232,669.146,102653,56.1554
NHP21,13,0.999206,676.896,98526.5,54.0302,0.998392,676.896,89543.4,49.104,0.997926,676.896,56959,31.2353,0.890762,676.761,18370.1,10.0738,0.999192,669.145,97644.4,53.4156
NHP21,14,0.999191,676.896,96733,53.0467,0.998367,676.896,88136.7,48.3326,0.997919,676.896,56756.6,31.1243,0.900256,676.854,20333.1,11.1503,0.99918,669.145,96158.9,52.6029
NHP21,22,0.999086,676.896,85570.8,46.9255,0.998187,676.896,79382.8,43.5321,0.997872,676.896,55496.9,30.4335,0.935272,676.896,32551.4,17.8506,0.999093,669.145,86912.8,47.545
NHP21,23,0.999074,676.896,84504.5,46.3408,0.998168,676.896,78546.5,43.0735,0.997867,676.896,55376.6,30.3676,0.937373,676.896,33718.9,18.4908,0.999083,669.145,86029.7,47.0619
NHP21,29,0.999013,676.896,79250.3,43.4595,0.998066,676.896,74425.4,40.8136,0.997844,676.896,54783.5,30.0423,0.946005,676.896,39469.4,21.6443,0.999035,669.145,81677.8,44.6812
NHP22,0,0.999876,853.153,110063,60.3564,0.999747,853.153,103617,56.8218,0.998052,769.259,60632.3,33.2497,0.0338043,1,78.819,0.043223,0.999857,843.297,113247,61.9511
NHP22,1,0.999874,724.495,108418,59.4546,0.999743,724.497,102014,55.9426,0.998046,703.781,60456.8,33.1534,0.0353979,3.13585,82.6712,0.0453354,0.999855,716.151,111462,60.9746
NHP22,2,0.999872,691.169,106449,58.3746,0.999738,691.169,100112,54.8998,0.998035,685.122,60127.1,32.9727,0.044205,9.87839,104.191,0.0571367,0.999852,683.232,109356,59.8223
NHP22,3,0.999869,681.318,104479,57.2943,0.999733,681.318,98214,53.8588,0.998023,679.46,59768.3,32.7759,0.0739367,30.4606,179.864,0.0986343,0.999849,673.507,107256,58.6733
NHP22,4,0.999867,678.28,102586,56.2562,0.999728,678.28,96391.1,52.8592,0.998012,677.7,59414.8,32.5821,0.155012,88.2503,413.277,0.226634,0.999846,670.509,105239,57.5704
NHP22,5,0.999864,677.331,100788,55.2706,0.999723,677.331,94660.8,51.9103,0.998,677.149,59076.7,32.3966,0.315939,218.601,1040.48,0.570579,0.999843,669.573,103326,56.5235
NHP22,7,0.99986,676.939,97483.4,53.4582,0.999713,676.939,91479.2,50.1656,0.997979,676.921,58453,32.0546,0.661791,560.755,4408.2,2.41738,0.999838,669.187,99807.4,54.5988
NHP22,9,0.999856,676.9,94537.3,51.8426,0.999704,676.9,88643.1,48.6103,0.99796,676.899,57896.6,31.7495,0.805566,663.324,9333.71,5.11844,0.999832,669.149,96671.1,52.8832
NHP22,10,0.999853,676.898,93187,51.1021,0.9997,676.898,87343.3,47.8975,0.997951,676.897,57641.5,31.6096,0.839331,672.571,11768.7,6.45372,0.99983,669.146,95233.7,52.0968
NHP22,13,0.999848,676.896,89574,49.1208,0.999687,676.896,83865.2,45.9902,0.997926,676.896,56959.1,31.2354,0.890762,676.761,18370.2,10.0739,0.999823,669.145,91387.5,49.9928
NHP22,14,0.999846,676.896,88502.5,48.5332,0.999683,676.896,82833.6,45.4245,0.997919,676.896,56756.7,31.1244,0.900257,676.854,20333.3,11.1504,0.99982,669.145,90246.8,49.3688
NHP22,22,0.999833,676.896,81832.5,44.8755,0.999657,676.896,76413.3,41.9037,0.997872,676.896,55496.9,30.4335,0.935272,676.896,32551.5,17.8507,0.999805,669.145,83146.4,45.4846
NHP22,23,0.999832,676.896,81195.4,44.5261,0.999654,676.896,75800,41.5674,0.997867,676.896,55376.6,30.3676,0.937373,676.896,33719,18.4909,0.999803,669.145,82468.2,45.1136
NHP22,29,0.999825,676.896,78055.9,42.8045,0.99964,676.896,72777.7,39.91,0.997844,676.896,54783.5,30.0423,0.946005,676.896,39469.4,21.6443,0.999795,669.145,79126,43.2852
NHP23,0,0.999962,853.153,582258,319.3,0.999916,853.153,501097,274.793,0.999956,853.153,201362,110.423,0.0338043,1,78.819,0.043223,0.999955,843.297,569202,311.378
NHP23,1,0.99996,724.489,555131,304.424,0.999912,724.487,478395,262.344,0.999955,724.49,193556,106.143,0.0353979,3.13583,82.6712,0.0453354,0.999953,716.145,543383,297.253
NHP23,2,0.999958,691.167,528791,289.98,0.999908,691.167,456283,250.218,0.999953,691.167,185808,101.894,0.0442049,9.87833,104.191,0.0571366,0.999951,683.231,518238,283.498
NHP23,3,0.999956,681.318,503799,276.275,0.999904,681.318,435284,238.702,0.999951,681.318,178411,97.8375,0.0739365,30.4604,179.863,0.098634,0.999948,673.507,494360,270.436
NHP23,4,0.999954,678.28,480171,263.317,0.999899,678.28,415424,227.811,0.999949,678.28,171404,93.9947,0.155012,88.2498,413.275,0.226633,0.999946,670.509,471779,258.083
NHP23,5,0.999951,677.33,457856,251.08,0.999894,677.33,396668,217.526,0.999947,677.33,164781,90.3633,0.315938,218.6,1040.47,0.570577,0.999943,669.573,450451,246.416
NHP23,7,0.999946,676.939,416905,228.624,0.999884,676.939,362245,198.649,0.999942,676.939,152626,83.6973,0.661791,560.755,4408.19,2.41737,0.999938,669.187,411310,225.004
NHP23,9,0.999941,676.9,380420,208.616,0.999874,676.9,331576,181.83,0.999938,676.9,141795,77.758,0.805566,663.324,9333.69,5.11843,0.999932,669.149,376438,205.927
NHP23,14,0.999927,676.896,305686,167.633,0.999844,676.896,268754,147.38,0.999927,676.896,119610,65.5918,0.900257,676.854,20333.2,11.1504,0.999916,669.145,305005,166.851
NHP23,23,0.999896,676.896,215203,118.013,0.999783,676.896,192694,105.67,0.999905,676.896,92749.3,50.8621,0.937373,676.896,33719,18.4909,0.999883,669.145,218520,119.54
NHP24,0,0.749932,8.79438,3803.06,2.08553,0.727251,7.9917,3331.4,1.82688,0.586464,11.1995,3194.86,1.75201,0.0338043,1,78.819,0.043223,0.769702,7.76731,3665.02,2.00492
NHP24,1,0.758548,26.9086,3984.01,2.18476,0.736398,24.5137,3490.34,1.91404,0.597602,34.0163,3345.65,1.8347,0.0353979,3.13585,82.6712,0.0453354,0.777869,23.8481,3840.09,2.10069
NHP24,2,0.795958,78.7801,4946.97,2.71283,0.776479,72.282,4340.25,2.38012,0.647428,97.5333,4136.84,2.26857,0.044205,9.87839,104.191,0.0571367,0.813309,70.4377,4777.24,2.61335
NHP24,3,0.861607,199.892,7895.23,4.3296,0.848086,186.518,6975.05,3.82499,0.741878,236.095,6474.88,3.55071,0.0739367,30.4606,179.864,0.0986343,0.875189,182.326,7689.41,4.20643
NHP24,4,0.919743,386.789,14533,7.96964,0.912597,370.626,13045.4,7.15389,0.835292,426.571,11424.8,6.26515,0.155012,88.2503,413.277,0.226634,0.929353,363.915,14425.4,7.89131
NHP24,5,0.952135,547.763,25225.9,13.8334,0.94866,537.333,23086.7,12.6603,0.893467,571.488,18893.8,10.361,0.315939,218.601,1040.48,0.570579,0.958948,529.608,25615.8,14.0129
NHP24,7,0.976129,661.49,51856,28.4369,0.974972,659.962,48670.2,26.6899,0.941942,664.783,36549.7,20.0432,0.661791,560.755,4408.2,2.41738,0.98018,652.189,54229.7,29.6659
NHP24,9,0.983972,675.342,77854.3,42.6939,0.983363,675.185,73848.1,40.497,0.959581,675.68,53484.2,29.3298,0.805566,663.324,9333.71,5.11844,0.98687,667.433,82423.8,45.0893
NHP24,10,0.986089,676.407,89891.4,49.2949,0.9856,676.357,85516.6,46.8958,0.964557,676.514,61308.6,33.6206,0.839331,672.571,11768.7,6.45372,0.988647,668.606,95492,52.2381
NHP24,13,0.989725,676.881,122153,66.9865,0.989416,676.879,116795,64.0484,0.973347,676.884,82271.9,45.1165,0.890762,676.761,18370.2,10.0739,0.991668,669.128,130523,71.4016
NHP24,14,0.990465,676.891,131726,72.2361,0.990187,676.891,126077,69.1382,0.975174,676.893,88491.9,48.5274,0.900257,676.854,20333.3,11.1504,0.992278,669.14,140918,77.0881
NHP24,22,0.993415,676.896,191299,104.905,0.99325,676.896,183837,100.813,0.982597,676.896,127200,69.7541,0.935272,676.896,32551.5,17.8507,0.994695,669.145,205608,112.476
NHP24,23,0.993604,676.896,196991,108.026,0.993445,676.896,189356,103.839,0.983081,676.896,130898,71.7823,0.937373,676.896,33719,18.4909,0.994849,669.145,211789,115.857
NHP24,29,0.994396,676.896,225028,123.402,0.994263,676.896,216539,118.746,0.985117,676.896,149116,81.7724,0.946005,676.896,39469.4,21.6443,0.995493,669.145,242235,132.513
NHP25,0,0.124764,9.6883,2621.16,1.4374,0.108914,9.35829,2432.02,1.33368,0.586464,11.1995,3194.86,1.75201,0.0338043,1,78.819,0.043223,0.13037,10.0988,2663.89,1.45726
NHP25,1,0.129914,29.5633,2745.51,1.50559,0.113499,28.5836,2547.52,1.39701,0.5976,34.0132,3345.62,1.83468,0.0353978,3.1357,82.671,0.0453353,0.135709,30.7808,2790.11,1.52631
NHP25,2,0.156195,85.8763,3403.74,1.86655,0.137051,83.2707,3160.08,1.73293,0.647422,97.5252,4136.73,2.26851,0.0442043,9.8777,104.189,0.0571357,0.162841,89.0453,3456.43,1.89081
NHP25,3,0.226746,213.995,5391.98,2.95687,0.20145,208.876,5019.58,2.75265,0.741869,236.08,6474.59,3.55055,0.0739339,30.4584,179.857,0.0986302,0.234849,219.649,5453.98,2.98356
NHP25,4,0.346781,402.94,9761.72,5.35315,0.314815,397.179,9142.2,5.01342,0.835285,426.555,11424.2,6.26485,0.155005,88.2445,413.253,0.226621,0.355111,407.31,9784.78,5.35268
NHP25,5,0.474705,557.714,16616.9,9.11241,0.440587,554.217,15671.2,8.59379,0.893463,571.477,18893,10.3606,0.315926,218.589,1040.42,0.570546,0.481169,556.724,16479.5,9.01495
NHP25,7,0.644397,662.902,33321.1,18.2727,0.614392,662.411,31703,17.3854,0.94194,664.782,36548.9,20.0428,0.661784,560.748,4408.05,2.4173,0.647216,656.072,32599.5,17.8333
NHP25,9,0.729171,675.488,49506.8,27.1487,0.703797,675.437,47278.2,25.9265,0.959581,675.68,53483.5,29.3294,0.805564,663.323,9333.55,5.11835,0.73046,667.832,48155.4,26.343
NHP25,10,0.756071,676.453,56994.1,31.2546,0.732497,676.437,54485.2,29.8787,0.964557,676.514,61307.9,33.6202,0.83933,672.571,11768.5,6.45364,0.756975,668.732,55347.9,30.2776
NHP25,13,0.807349,676.882,77058.2,42.2574,0.787638,676.882,73799.5,40.4703,0.973347,676.884,82271.3,45.1161,0.890762,676.761,18370.1,10.0738,0.80767,669.132,74620.3,40.8204
NHP25,14,0.81866,676.892,83011.7,45.5222,0.799879,676.892,79530.4,43.6131,0.975174,676.893,88491.3,48.5271,0.900256,676.854,20333.1,11.1503,0.81888,669.141,80338.7,43.9487
NHP25,22,0.867187,676.896,120061,65.8392,0.852711,676.896,115195,63.171,0.982597,676.896,127199,69.7539,0.935272,676.896,32551.4,17.8506,0.86709,669.145,115925,63.416
NHP25,23,0.870498,676.896,123601,67.7805,0.856335,676.896,118603,65.0397,0.983081,676.896,130898,71.7821,0.937373,676.896,33718.9,18.4908,0.870387,669.145,119326,65.2761
NHP25,29,0.884662,676.896,141038,77.3425,0.871864,676.896,135388,74.2445,0.985117,676.896,149115,81.7723,0.946005,676.896,39469.4,21.6443,0.884497,669.145,136074,74.4382
NHP26,0,0.385056,0.892799,813.469,0.446092,0.384218,0.93326,777.058,0.426125,0.186513,1,516.515,0.283248,0.0338043,1,78.819,0.043223,0.43075,1.01471,858.301,0.469527
NHP26,1,0.396419,2.80054,853.24,0.467902,0.39557,2.92706,815.042,0.446955,0.193861,3.13573,541.758,0.29709,0.0353979,3.13585,82.6712,0.0453354,0.442494,3.18333,900.273,0.492487
NHP26,2,0.452927,8.83114,1075.56,0.58982,0.452027,9.22637,1027.33,0.563368,0.232585,9.87763,682.772,0.37442,0.044205,9.87839,104.191,0.0571367,0.500113,10.0304,1134.78,0.620774
NHP26,3,0.588648,27.3202,1859.06,1.01948,0.587649,28.5076,1774.82,0.97328,0.34348,30.458,1178.63,0.64634,0.0739367,30.4606,179.864,0.0986343,0.633347,30.9197,1959.31,1.07183
NHP26,4,0.767621,79.8875,4291.44,2.35335,0.76657,83.0678,4089.76,2.24275,0.545888,88.243,2708.1,1.48507,0.155012,88.2503,413.277,0.226634,0.798667,89.41,4499.54,2.46144
NHP26,5,0.893792,202.127,10932.8,5.99535,0.8928,208.474,10372,5.6878,0.75164,218.584,6817.93,3.73883,0.315939,218.601,1040.48,0.570579,0.908778,220.345,11299.9,6.1815
NHP26,7,0.97381,549.408,48305.5,26.4899,0.973119,553.936,45083.9,24.7232,0.927653,560.745,28886.4,15.8408,0.661791,560.755,4408.2,2.41738,0.976626,557.163,47393,25.9259
NHP26,9,0.987781,661.727,105019,57.5903,0.987323,662.371,96995.9,53.1908,0.964476,663.323,61163.9,33.5412,0.805566,663.324,9333.71,5.11844,0.988751,656.132,99697.4,54.5387
NHP26,10,0.990347,672.054,133279,73.088,0.989959,672.263,122782,67.3312,0.971618,672.57,77120.6,42.2916,0.839331,672.571,11768.7,6.45372,0.991043,665.002,125503,68.6552
NHP26,13,0.993852,676.745,210013,115.167,0.99358,676.751,192753,105.702,0.98163,676.761,120382,66.0154,0.890762,676.761,18370.2,10.0739,0.99423,669.016,195438,106.913
NHP26,14,0.994451,676.849,232837,127.684,0.994202,676.851,213563,117.114,0.983374,676.854,133246,73.0699,0.900257,676.854,20333.3,11.1504,0.994782,669.105,216233,118.288
NHP26,22,0.996547,676.896,374899,205.588,0.996383,676.896,343090,188.145,0.989549,676.896,213315,116.978,0.935272,676.896,32551.5,17.8507,0.996729,669.145,345660,189.09
NHP26,23,0.996667,676.896,388472,213.031,0.996509,676.896,355466,194.931,0.989908,676.896,220965,121.173,0.937373,676.896,33719,18.4909,0.996842,669.145,358026,195.855
NHP26,29,0.997155,676.896,455334,249.697,0.997018,676.896,416428,228.362,0.991365,676.896,258650,141.839,0.946005,676.896,39469.4,21.6443,0.9973,669.145,418941,229.179
NHP27,0,0.999943,853.153,92955.2,50.975,0.999878,853.153,81158.3,44.5058,0.999842,853.153,104103,57.0881,0.0338043,1,78.819,0.043223,0.999942,843.297,92937.9,50.8409
NHP27,1,0.999942,724.49,90872.2,49.8327,0.999875,724.494,79598.2,43.6502,0.999838,724.492,101702,55.7718,0.0353979,3.13583,82.6712,0.0453354,0.99994,716.141,90800.5,49.6717
NHP27,2,0.99994,691.167,88609.3,48.5918,0.999873,691.168,77845.8,42.6893,0.999834,691.168,99109.9,54.3501,0.0442049,9.87833,104.191,0.0571366,0.999939,683.229,88490.8,48.4082
NHP27,3,0.999939,681.318,86396.7,47.3784,0.99987,681.318,76118.4,41.742,0.99983,681.318,96578.7,52.962,0.0739365,30.4604,179.863,0.098634,0.999937,673.506,86235.5,47.1744
NHP27,4,0.999937,678.28,84285.1,46.2205,0.999867,678.28,74465.7,40.8357,0.999825,678.28,94164.1,51.6379,0.155012,88.2498,413.275,0.226633,0.999936,670.509,84084.1,45.9975
NHP27,5,0.999936,677.33,82284.9,45.1236,0.999864,677.331,72899,39.9765,0.999821,677.33,91877.1,50.3838,0.315938,218.6,1040.47,0.570577,0.999934,669.573,82046.4,44.8828
NHP27,7,0.999933,676.939,78609.8,43.1082,0.999858,676.939,70019.5,38.3975,0.999812,676.939,87675.4,48.0796,0.661791,560.755,4408.19,2.41737,0.999931,669.187,78302.6,42.8348
NHP27,9,0.99993,676.9,75334.4,41.3121,0.999853,676.9,67453,36.9901,0.999804,676.9,83930.8,46.0262,0.805566,663.324,9333.69,5.11843,0.999928,669.149,74966.2,41.0097
NHP27,14,0.999923,676.896,68625.1,37.6328,0.99984,676.896,62195.7,34.107,0.999784,676.896,76260.3,41.8198,0.900257,676.854,20333.2,11.1504,0.999921,669.145,68131.7,37.2709
NHP27,23,0.999913,676.896,60502.3,33.1784,0.999822,676.896,55830.6,30.6165,0.999755,676.896,66973.5,36.7271,0.937373,676.896,33719,18.4909,0.99991,669.145,59857.1,32.7444
NHP28,0,0.405679,9.71773,1979.53,1.08554,0.348276,9.58331,1792.04,0.982723,0.586464,11.1995,3194.86,1.75201,0.0338043,1,78.819,0.043223,0.382291,9.92923,1988.52,1.0878
NHP28,1,0.416901,29.6515,2073.44,1.13704,0.358872,29.2513,1877.08,1.02936,0.597602,34.0163,3345.65,1.8347,0.0353979,3.13585,82.6712,0.0453354,0.393288,30.2807,2082.8,1.13938
NHP28,2,0.469875,86.1102,2570.42,1.40958,0.409707,85.048,2327.51,1.27637,0.647428,97.5333,4136.84,2.26857,0.044205,9.87839,104.191,0.0571367,0.445456,87.7286,2581,1.41191
NHP28,3,0.583986,214.451,4070.95,2.23244,0.523911,212.375,3690.25,2.02367,0.741878,236.095,6474.88,3.55071,0.0739367,30.4606,179.864,0.0986343,0.559332,217.124,4078.28,2.23099
NHP28,4,0.717518,403.447,7366.2,4.03949,0.666225,401.128,6693.52,3.67061,0.835292,426.571,11424.8,6.26515,0.155012,88.2503,413.277,0.226634,0.695491,404.569,7338.55,4.01449
NHP28,5,0.812071,558.02,12531.4,6.87202,0.772996,556.621,11419.1,6.26201,0.893467,571.488,18893.8,10.361,0.315939,218.601,1040.48,0.570579,0.794226,555.109,12401.4,6.7841
NHP28,7,0.896462,662.944,25109.3,13.7695,0.872566,662.749,22961.6,12.5917,0.941942,664.783,36549.7,20.0432,0.661791,560.755,4408.2,2.41738,0.884627,655.851,24636.2,13.4771
NHP28,9,0.927849,675.492,37294,20.4514,0.910596,675.472,34155,18.73,0.959581,675.68,53484.2,29.3298,0.805566,663.324,9333.71,5.11844,0.919006,667.81,36457.2,19.9436
NHP28,10,0.936723,676.454,42930.3,23.5422,0.921442,676.448,39333.4,21.5698,0.964557,676.514,61308.6,33.6206,0.839331,672.571,11768.7,6.45372,0.928815,668.725,41923.5,22.9339
NHP28,13,0.952407,676.883,58034.2,31.8249,0.940715,676.882,53210.6,29.1798,0.973347,676.884,82271.9,45.1165,0.890762,676.761,18370.2,10.0739,0.946256,669.132,56571.1,30.9468
NHP28,14,0.955668,676.892,62515.8,34.2826,0.944738,676.892,57328.2,31.4378,0.975174,676.893,88491.9,48.5274,0.900257,676.854,20333.3,11.1504,0.949898,669.141,60917.3,33.3243
NHP28,22,0.968919,676.896,90405.6,49.5769,0.961145,676.896,82952.9,45.4899,0.982597,676.896,127200,69.7541,0.935272,676.896,32551.5,17.8507,0.96476,669.145,87964.1,48.1201
NHP28,23,0.969782,676.896,93070.5,51.0382,0.962217,676.896,85401.3,46.8326,0.983081,676.896,130898,71.7823,0.937373,676.896,33719,18.4909,0.965732,669.145,90548.4,49.5338
NHP28,29,0.973418,676.896,106197,58.2363,0.966737,676.896,97461.3,53.4461,0.985117,676.896,149116,81.7724,0.946005,676.896,39469.4,21.6443,0.969828,669.145,103278,56.4973
NHP29,0,0.999968,853.153,278332,152.632,0.999932,853.153,250400,137.315,0.999956,853.153,201362,110.423,0.0338043,1,78.819,0.043223,0.999971,843.297,282606,154.597
NHP29,1,0.999966,724.489,266557,146.175,0.999929,724.489,240112,131.673,0.999955,724.489,193556,106.143,0.0353978,3.1357,82.671,0.0453353,0.999969,716.144,270902,148.195
NHP29,2,0.999965,691.167,254997,139.836,0.999926,691.167,229975,126.114,0.999953,691.167,185808,101.894,0.0442043,9.87769,104.189,0.0571357,0.999968,683.23,259381,141.892
NHP29,3,0.999963,681.318,243993,133.802,0.999923,681.318,220317,120.818,0.999951,681.318,178411,97.8375,0.0739339,30.4583,179.856,0.0986301,0.999966,673.507,248408,135.889
NHP29,4,0.999962,678.28,233579,128.091,0.99992,678.28,211174,115.804,0.999949,678.28,171404,93.9947,0.155005,88.2444,413.253,0.226621,0.999965,670.509,238020,130.207
NHP29,5,0.99996,677.33,223742,122.696,0.999916,677.33,202536,111.067,0.999947,677.33,164781,90.3633,0.315926,218.589,1040.42,0.570546,0.999963,669.573,228206,124.838
NHP29,7,0.999956,676.939,205685,112.794,0.999909,676.939,186680,102.372,0.999942,676.939,152626,83.6973,0.661784,560.748,4408.05,2.4173,0.99996,669.187,210193,114.984
NHP29,9,0.999953,676.9,189597,103.972,0.999902,676.9,172553,94.6252,0.999938,676.9,141795,77.758,0.805563,663.323,9333.54,5.11835,0.999957,669.149,194144,106.205
NHP29,14,0.999943,676.896,156644,85.9006,0.999882,676.896,143616,78.7562,0.999927,676.896,119610,65.5918,0.900256,676.854,20333.1,11.1503,0.999948,669.145,161269,88.2208
NHP29,23,0.999923,676.896,116746,64.0213,0.999844,676.896,108580,59.5434,0.999905,676.896,92749.6,50.8623,0.937373,676.896,33718.9,18.4908,0.999931,669.145,121466,66.4472
NHP3,0,0.113991,1.47398,126.549,0.0693973,0.141567,1.48737,120.899,0.0662987,0.0338043,1,78.819,0.043223,0.0338043,1,78.819,0.043223,0.128281,1.49876,126.853,0.0693938
NHP3,1,0.118891,4.61472,132.723,0.072783,0.147455,4.65642,126.797,0.0695331,0.0353978,3.1357,82.671,0.0453353,0.0353978,3.1357,82.671,0.0453353,0.133706,4.69439,133.045,0.0727814
NHP3,2,0.145219,14.4679,167.106,0.0916381,0.178819,14.5967,159.64,0.0875439,0.0442043,9.8777,104.189,0.0571357,0.0442043,9.8777,104.189,0.0571357,0.162727,14.7197,167.535,0.0916485
NHP3,3,0.225779,43.9814,286.843,0.1573,0.272055,44.3553,273.984,0.150248,0.0739339,30.4584,179.857,0.0986302,0.0739339,30.4584,179.857,0.0986302,0.250164,44.7127,287.589,0.157323
NHP3,4,0.396464,122.559,646.14,0.354332,0.456937,123.47,616.84,0.338264,0.155005,88.2445,413.253,0.226621,0.155005,88.2445,413.253,0.226621,0.428797,124.217,647.104,0.353993
NHP3,5,0.612034,279.521,1551.7,0.850925,0.668672,281.008,1479.52,0.811343,0.315926,218.589,1040.42,0.570546,0.315926,218.589,1040.42,0.570546,0.642389,281.385,1548.46,0.847073
NHP3,7,0.852594,593.538,5689.2,3.11985,0.880591,594.197,5406.36,2.96475,0.661784,560.748,4408.05,2.4173,0.661784,560.748,4408.05,2.4173,0.866919,589.046,5615.36,3.07184
NHP3,9,0.918552,667.633,11093,6.08319,0.934869,667.716,10522.7,5.77047,0.805564,663.323,9333.55,5.11835,0.805564,663.323,9333.55,5.11835,0.926606,660.285,10883,5.95348
NHP3,10,0.933039,673.957,13705.7,7.51596,0.9466,673.984,12995.4,7.12644,0.83933,672.571,11768.5,6.45364,0.83933,672.571,11768.5,6.45364,0.939669,666.337,13426,7.34459
NHP3,13,0.954764,676.805,20760.6,11.3848,0.964072,676.805,19671.6,10.7876,0.890762,676.761,18370.1,10.0738,0.890762,676.761,18370.1,10.0738,0.959248,669.058,20290.6,11.0998
NHP3,14,0.958742,676.867,22856.9,12.5343,0.967255,676.868,21655.4,11.8754,0.900256,676.854,20333.1,11.1503,0.900256,676.854,20333.1,11.1503,0.962832,669.118,22330.2,12.2156
NHP3,22,0.973335,676.896,35903.7,19.689,0.978894,676.896,34001.7,18.6459,0.935272,676.896,32551.4,17.8506,0.935272,676.896,32551.4,17.8506,0.975979,669.145,35024.4,19.1598
NHP3,23,0.974206,676.896,37150.4,20.3726,0.979587,676.896,35181.4,19.2929,0.937373,676.896,33718.9,18.4908,0.937373,676.896,33718.9,18.4908,0.976765,669.145,36237.3,19.8233
NHP3,29,0.977784,676.896,43290.8,23.7399,0.98243,676.896,40992.1,22.4794,0.946005,676.896,39469.4,21.6443,0.946005,676.896,39469.4,21.6443,0.979988,669.145,42211.7,23.0916
NHP30,0,0.998276,853.153,49183.1,26.9712,0.99675,812.314,43523,23.8672,0.999842,853.153,104103,57.0881,0.0338043,1,78.819,0.043223,0.998165,843.297,49636.4,27.1532
NHP30,1,0.998262,724.485,48775.1,26.7474,0.996736,714.794,43343.4,23.7688,0.999838,724.487,101702,55.7718,0.0353978,3.1357,82.671,0.0453353,0.998148,716.152,49176.9,26.9018
NHP30,2,0.99824,691.166,48177.4,26.4197,0.996711,688.367,43012.2,23.5871,0.999834,691.167,99109.8,54.3501,0.0442043,9.87769,104.189,0.0571357,0.998123,683.233,48532.7,26.5494
NHP30,3,0.998217,681.317,47555.5,26.0786,0.996684,680.46,42653.8,23.3906,0.99983,681.318,96578.6,52.962,0.0739339,30.4583,179.856,0.0986301,0.998097,673.507,47867.5,26.1855
NHP30,4,0.998195,678.28,46951.1,25.7471,0.996656,678.012,42301.7,23.1975,0.999825,678.28,94164,51.6379,0.155005,88.2444,413.253,0.226621,0.998071,670.509,47222.3,25.8326
NHP30,5,0.998172,677.33,46375.1,25.4313,0.99663,677.247,41965,23.0129,0.999821,677.33,91877,50.3837,0.315926,218.589,1040.42,0.570546,0.998046,669.573,46608.1,25.4966
NHP30,7,0.998129,676.939,45314.5,24.8497,0.996579,676.931,41344.2,22.6724,0.999812,676.939,87675.3,48.0796,0.661784,560.748,4408.05,2.4173,0.997997,669.187,45477.2,24.878
NHP30,9,0.99809,676.9,44368.7,24.331,0.996533,676.9,40790.3,22.3687,0.999804,676.9,83930.8,46.0262,0.805563,663.323,9333.54,5.11835,0.997952,669.149,44468.9,24.3264
NHP30,14,0.998003,676.896,42431.2,23.2686,0.996434,676.896,39655.8,21.7465,0.999784,676.896,76260.3,41.8198,0.900256,676.854,20333.1,11.1503,0.997853,669.145,42403.3,23.1964
NHP30,23,0.997886,676.896,40085.5,21.9822,0.996307,676.896,38282.2,20.9933,0.999755,676.896,66973.6,36.7271,0.937373,676.896,33718.9,18.4908,0.997718,669.145,39902.4,21.8283
NHP31,0,0.807294,14.2503,3872.15,2.12342,0.778773,13.55,3580.22,1.96333,0.586464,11.1995,3194.86,1.75201,0.0338043,1,78.819,0.043223,0.812219,15.4237,4073.84,2.22856
NHP31,1,0.814298,42.8836,4053.05,2.22262,0.786557,40.8622,3747.86,2.05526,0.597602,34.0163,3345.65,1.8347,0.0353979,3.13585,82.6712,0.0453354,0.819058,46.2485,4263.42,2.33227
NHP31,2,0.843607,119.871,4985.86,2.73416,0.819444,114.878,4615.77,2.53121,0.647428,97.5333,4136.84,2.26857,0.044205,9.87839,104.191,0.0571367,0.847494,127.924,5233.96,2.8632
NHP31,3,0.891963,275.098,7631.13,4.18478,0.874696,266.735,7099.53,3.89326,0.741878,236.095,6474.88,3.55071,0.0739367,30.4606,179.864,0.0986343,0.893957,287.308,7939.96,4.34349
NHP31,4,0.933036,463.923,12878.8,7.06249,0.922438,456.337,12095.5,6.63297,0.835292,426.571,11424.8,6.26515,0.155012,88.2503,413.277,0.226634,0.933275,472.065,13173.5,7.20644
NHP31,5,0.956493,591.542,20320.9,11.1436,0.94987,587.628,19271,10.5679,0.893467,571.488,18893.8,10.361,0.315939,218.601,1040.48,0.570579,0.955929,591.565,20429.2,11.1756
NHP31,7,0.975721,667.383,37145.3,20.3699,0.972252,666.888,35635.5,19.5419,0.941942,664.783,36549.7,20.0432,0.661791,560.755,4408.2,2.41738,0.9749,660.597,36582,20.0119
NHP31,9,0.982876,675.944,53051.4,29.0925,0.980504,675.894,51149.7,28.0496,0.959581,675.68,53484.2,29.3298,0.805566,663.324,9333.71,5.11844,0.982135,668.292,51779,28.3253
NHP31,10,0.984925,676.597,60388.5,33.116,0.982857,676.581,58308.2,31.9752,0.964557,676.514,61308.6,33.6206,0.839331,672.571,11768.7,6.45372,0.984231,668.877,58785.2,32.1579
NHP31,13,0.988584,676.887,80040.8,43.893,0.987044,676.886,77483.4,42.4906,0.973347,676.884,82271.9,45.1165,0.890762,676.761,18370.2,10.0739,0.988001,669.137,77549.3,42.4227
NHP31,14,0.989351,676.893,85871.5,47.0904,0.98792,676.893,83172.7,45.6104,0.975174,676.893,88491.9,48.5274,0.900257,676.854,20333.3,11.1504,0.988795,669.143,83116.4,45.4682
NHP31,22,0.99249,676.896,122157,66.9886,0.991496,676.896,118577,65.0257,0.982597,676.896,127200,69.7541,0.935272,676.896,32551.5,17.8507,0.992065,669.145,117761,64.4203
NHP31,23,0.992696,676.896,125624,68.8899,0.99173,676.896,121960,66.8808,0.983081,676.896,130898,71.7823,0.937373,676.896,33719,18.4909,0.992281,669.145,121071,66.2311
NHP31,29,0.993564,676.896,142701,78.2547,0.992717,676.896,138623,76.0185,0.985117,676.896,149116,81.7724,0.946005,676.896,39469.4,21.6443,0.993191,669.145,137377,75.1508
NHP32,0,0.999942,853.153,104878,57.5135,0.999863,853.153,92503.7,50.7274,0.999956,853.153,201362,110.423,0.0338043,1,78.819,0.043223,0.999925,843.297,102755,56.2112
NHP32,1,0.99994,724.494,101421,55.6174,0.999859,724.49,89677.4,49.1775,0.999955,724.489,193556,106.143,0.0353978,3.1357,82.671,0.0453353,0.999923,716.145,99441.6,54.3987
NHP32,2,0.999938,691.169,97910.8,53.6925,0.999854,691.167,86774.4,47.5856,0.999953,691.167,185808,101.894,0.0442043,9.87769,104.189,0.0571357,0.99992,683.231,96066.8,52.5526
NHP32,3,0.999936,681.318,94538.7,51.8434,0.999849,681.318,83976.8,46.0514,0.999951,681.318,178411,97.8375,0.0739339,30.4583,179.856,0.0986301,0.999918,673.507,92821.9,50.7775
NHP32,4,0.999933,678.28,91338.1,50.0882,0.999844,678.28,81318.9,44.5938,0.999949,678.28,171404,93.9947,0.155005,88.2444,413.253,0.226621,0.999915,670.509,89741.2,49.0922
NHP32,5,0.999931,677.33,88311.6,48.4286,0.999839,677.33,78804.7,43.2151,0.999947,677.33,164781,90.3633,0.315926,218.589,1040.42,0.570546,0.999912,669.573,86827.7,47.4984
NHP32,7,0.999926,676.939,82754.8,45.3813,0.999829,676.939,74187.9,40.6834,0.999942,676.939,152626,83.6973,0.661784,560.748,4408.05,2.4173,0.999906,669.187,81478.3,44.572
NHP32,9,0.999922,676.9,77803.3,42.666,0.999819,676.9,70074,38.4273,0.999938,676.9,141795,77.758,0.805563,663.323,9333.54,5.11835,0.9999,669.149,76711.6,41.9645
NHP32,14,0.99991,676.896,67660.7,37.1039,0.999795,676.896,61646.9,33.8061,0.999927,676.896,119610,65.5918,0.900256,676.854,20333.1,11.1503,0.999886,669.145,66947.4,36.6231
NHP32,23,0.99989,676.896,55380.9,30.3699,0.999754,676.896,51444.1,28.2111,0.999905,676.896,92749.6,50.8623,0.937373,676.896,33718.9,18.4908,0.999861,669.145,55125.8,30.1561
NHP33,0,0.39973,1.39529,553.554,0.303559,0.36833,1.35274,503.205,0.275949,0.186513,1,516.515,0.283248,0.0338043,1,78.819,0.043223,0.417126,1.35664,512.795,0.28052
NHP33,1,0.411215,4.36946,580.567,0.318373,0.379485,4.2368,527.766,0.289417,0.193861,3.13573,541.758,0.29709,0.0353979,3.13585,82.6712,0.0453354,0.428764,4.25115,537.84,0.294221
NHP33,2,0.467939,13.7094,731.083,0.400913,0.435087,13.2989,664.651,0.364483,0.232585,9.87763,682.772,0.37442,0.044205,9.87839,104.191,0.0571367,0.485976,13.3487,677.458,0.370598
NHP33,3,0.601759,41.7727,1256.08,0.68881,0.569693,40.5734,1142.52,0.626535,0.34348,30.458,1178.63,0.64634,0.0739367,30.4606,179.864,0.0986343,0.619143,40.7216,1164.88,0.637236
NHP33,4,0.773481,117.134,2838.47,1.55656,0.749814,114.16,2586.36,1.41831,0.545888,88.243,2708.1,1.48507,0.155012,88.2503,413.277,0.226634,0.786293,114.429,2636.44,1.44224
NHP33,5,0.892013,270.538,6866.59,3.76552,0.87922,265.517,6282.03,3.44496,0.75164,218.584,6817.93,3.73883,0.315939,218.601,1040.48,0.570579,0.89922,265.24,6393.55,3.49754
NHP33,7,0.968663,589.432,25695.5,14.0909,0.964982,587.042,23780.9,13.041,0.927653,560.745,28886.4,15.8408,0.661791,560.755,4408.2,2.41738,0.971081,581.731,24061.9,13.1628
NHP33,9,0.983854,667.117,50654,27.7778,0.982036,666.813,47175.1,25.87,0.964476,663.323,61163.9,33.5412,0.805566,663.324,9333.71,5.11844,0.98516,659.368,47567.9,26.0216
NHP33,10,0.986927,673.792,62754.3,34.4134,0.985471,673.694,58535,32.0996,0.971618,672.57,77120.6,42.2916,0.839331,672.571,11768.7,6.45372,0.987995,666.043,58971.2,32.2597
NHP33,13,0.991366,676.799,95443.8,52.3397,0.990422,676.796,89233.1,48.9339,0.98163,676.761,120382,66.0154,0.890762,676.761,18370.2,10.0739,0.992082,669.049,89780.7,49.1138
NHP33,14,0.992157,676.866,105158,57.6668,0.991302,676.865,98356,53.9367,0.983374,676.854,133246,73.0699,0.900257,676.854,20333.3,11.1504,0.992809,669.115,98936.3,54.1223
NHP33,22,0.995006,676.896,165617,90.8215,0.994468,676.896,155135,85.0735,0.989549,676.896,213315,116.978,0.935272,676.896,32551.5,17.8507,0.995425,669.145,155920,85.2945
NHP33,23,0.995173,676.896,171394,93.9893,0.994654,676.896,160560,88.0485,0.989908,676.896,220965,121.173,0.937373,676.896,33719,18.4909,0.995579,669.145,161364,88.2729
NHP33,29,0.995858,676.896,199849,109.594,0.995413,676.896,187284,102.703,0.991365,676.896,258650,141.839,0.946005,676.896,39469.4,21.6443,0.996207,669.145,188183,102.944
NHP34,0,0.925109,450.915,32198.8,17.6573,0.905949,473.072,30697.6,16.834,0.998052,769.259,60632.3,33.2497,0.0338043,1,78.819,0.043223,0.936486,453.08,32692,17.8839
NHP34,1,0.925736,583.868,32492.5,17.8183,0.906631,595.338,30945,16.9697,0.998046,703.767,60456.6,33.1534,0.0353978,3.1357,82.671,0.0453353,0.937003,581.123,32978.7,18.0407
NHP34,2,0.927103,644.615,33150.8,18.1793,0.9081,648.953,31490.7,17.2689,0.998035,685.118,60127,32.9726,0.0442043,9.8777,104.189,0.0571357,0.938126,638.753,33617.5,18.3902
NHP34,3,0.928649,666.407,33925.6,18.6042,0.909758,667.858,32127.6,17.6182,0.998023,679.459,59768.1,32.7758,0.0739339,30.4584,179.857,0.0986302,0.939394,659.291,34366.8,18.8001
NHP34,4,0.930148,673.564,34709.4,19.034,0.91137,674.029,32770.2,17.9706,0.998012,677.7,59414.7,32.582,0.155005,88.2445,413.253,0.226621,0.940623,666.018,35124.2,19.2144
NHP34,5,0.931536,675.845,35466.3,19.4491,0.912872,675.993,33390,18.3105,0.998,677.149,59076.5,32.3965,0.315926,218.589,1040.42,0.570546,0.941763,668.16,35855.3,19.6143
NHP34,7,0.933966,676.792,36867.3,20.2174,0.915521,676.807,34536.8,18.9394,0.997979,676.921,58452.8,32.0545,0.661784,560.748,4408.05,2.4173,0.943762,669.048,37208.1,20.3544
NHP34,9,0.935994,676.886,38118.2,20.9033,0.917753,676.887,35560.7,19.5009,0.99796,676.899,57896.4,31.7494,0.805564,663.323,9333.55,5.11835,0.945433,669.136,38416,21.0152
NHP34,10,0.936883,676.893,38691.6,21.2178,0.918738,676.893,36030.1,19.7583,0.997951,676.897,57641.4,31.6095,0.83933,672.571,11768.5,6.45364,0.946167,669.142,38969.7,21.3181
NHP34,13,0.939144,676.896,40226,22.0592,0.921259,676.896,37286,20.447,0.997926,676.896,56959,31.2353,0.890762,676.761,18370.1,10.0738,0.948036,669.145,40451.4,22.1286
NHP34,14,0.939784,676.896,40681.1,22.3088,0.921977,676.896,37658.5,20.6513,0.997919,676.896,56756.6,31.1243,0.900256,676.854,20333.1,11.1503,0.948566,669.145,40890.9,22.369
NHP34,22,0.943482,676.896,43513.6,23.8621,0.926168,676.896,39976.8,21.9226,0.997872,676.896,55496.9,30.4335,0.935272,676.896,32551.4,17.8506,0.951635,669.145,43625.9,23.8652
NHP34,23,0.943812,676.896,43784.2,24.0105,0.926545,676.896,40198.4,22.0441,0.997867,676.896,55376.6,30.3676,0.937373,676.896,33718.9,18.4908,0.951909,669.145,43887.3,24.0082
NHP34,29,0.945381,676.896,45117.3,24.7415,0.928347,676.896,41289.5,22.6424,0.997844,676.896,54783.5,30.0423,0.946005,676.896,39469.4,21.6443,0.953215,669.145,45174.5,24.7124
NHP4,0,0.999628,840.644,71679.5,39.3078,0.998887,777.56,62516.3,34.2828,0.998052,769.259,60632.3,33.2497,0.0338043,1,78.819,0.043223,0.999533,781.178,69662.9,38.1085
NHP4,1,0.999626,721.592,71328.4,39.1153,0.998884,705.945,62319.9,34.1752,0.998046,703.767,60456.6,33.1534,0.0353978,3.1357,82.671,0.0453353,0.999531,701.12,69418.9,37.975
NHP4,2,0.999623,690.336,70687.7,38.7639,0.998877,685.766,61952.8,33.9738,0.998035,685.118,60127,32.9726,0.0442043,9.8777,104.189,0.0571357,0.999528,678.871,68964.6,37.7265
NHP4,3,0.999619,681.064,69997.4,38.3853,0.99887,679.659,61553.7,33.7549,0.998023,679.459,59768.1,32.7758,0.0739339,30.4584,179.857,0.0986302,0.999525,672.17,68471.6,37.4568
NHP4,4,0.999615,678.201,69319.9,38.0138,0.998863,677.762,61160.8,33.5395,0.998012,677.7,59414.7,32.582,0.155005,88.2445,413.253,0.226621,0.999521,670.092,67986.6,37.1915
NHP4,5,0.999611,677.306,68672.3,37.6587,0.998856,677.168,60784.9,33.3334,0.998,677.149,59076.5,32.3965,0.315926,218.589,1040.42,0.570546,0.999518,669.442,67522.7,36.9378
NHP4,7,0.999605,676.937,67478.6,37.0041,0.998843,676.923,60091.7,32.9532,0.997979,676.921,58452.8,32.0545,0.661784,560.748,4408.05,2.4173,0.999512,669.174,66667.3,36.4698
NHP4,9,0.999598,676.9,66413.7,36.4201,0.99883,676.899,59473.3,32.6141,0.99796,676.899,57896.4,31.7494,0.805564,663.323,9333.55,5.11835,0.999506,669.148,65904.3,36.0524
NHP4,10,0.999595,676.897,65925.6,36.1525,0.998825,676.897,59189.9,32.4587,0.997951,676.897,57641.4,31.6095,0.83933,672.571,11768.5,6.45364,0.999503,669.146,65554.5,35.8611
NHP4,13,0.999587,676.896,64619.6,35.4363,0.99881,676.896,58431.4,32.0428,0.997926,676.896,56959,31.2353,0.890762,676.761,18370.1,10.0738,0.999496,669.145,64618.6,35.3491
NHP4,14,0.999585,676.896,64232.4,35.2239,0.998805,676.896,58206.5,31.9194,0.997919,676.896,56756.6,31.1243,0.900256,676.854,20333.1,11.1503,0.999494,669.145,64341,35.1972
NHP4,22,0.999568,676.896,61821.6,33.9019,0.998776,676.896,56806.5,31.1517,0.997872,676.896,55496.9,30.4335,0.935272,676.896,32551.4,17.8506,0.99948,669.145,62613.6,34.2523
NHP4,23,0.999567,676.896,61591.4,33.7756,0.998773,676.896,56672.8,31.0784,0.997867,676.896,55376.6,30.3676,0.937373,676.896,33718.9,18.4908,0.999479,669.145,62448.6,34.162
NHP4,29,0.999559,676.896,60456.6,33.1533,0.998758,676.896,56013.6,30.7169,0.997844,676.896,54783.5,30.0423,0.946005,676.896,39469.4,21.6443,0.999472,669.145,61635.3,33.7171
NHP5,0,0.68104,1.12345,512.719,0.281166,0.655859,1.01249,471.63,0.258633,0.186513,1,516.515,0.283248,0.0338043,1,78.819,0.043223,0.650934,1.04336,520.282,0.284616
NHP5,1,0.691309,3.52119,537.763,0.2949,0.666546,3.1746,494.676,0.271272,0.193861,3.13562,541.757,0.29709,0.0353978,3.1357,82.671,0.0453353,0.661701,3.27273,545.72,0.298532
NHP5,2,0.738331,11.0777,677.552,0.371557,0.715837,9.99853,623.408,0.341866,0.232583,9.87712,682.763,0.374415,0.0442043,9.8777,104.189,0.0571357,0.711424,10.3089,687.824,0.376268
NHP5,3,0.829451,34.0304,1167.84,0.640424,0.813006,30.8187,1075.96,0.590035,0.343472,30.4562,1178.59,0.646319,0.0739339,30.4584,179.857,0.0986302,0.809704,31.7501,1187.15,0.649423
NHP5,4,0.91746,97.5695,2669.1,1.46369,0.90896,89.1934,2470.8,1.35494,0.545876,88.2381,2707.97,1.48501,0.155005,88.2445,413.253,0.226621,0.907056,91.5859,2722.84,1.48951
NHP5,5,0.96506,236.162,6632.53,3.63716,0.961689,220.414,6212.12,3.40662,0.751631,218.575,6817.6,3.73865,0.315926,218.589,1040.42,0.570546,0.960681,224.473,6816.85,3.7291
NHP5,7,0.991156,571.525,26910.2,14.7571,0.990643,561.927,26199.4,14.3673,0.927652,560.738,28885.5,15.8403,0.661784,560.748,4408.05,2.4173,0.990236,559.731,28296.6,15.4794
NHP5,9,0.995693,664.788,55519.2,30.4458,0.995546,663.486,55319.3,30.3361,0.964476,663.322,61163,33.5407,0.805564,663.323,9333.55,5.11835,0.995306,656.482,59155.7,32.3606
NHP5,10,0.99656,673.043,69557.7,38.1442,0.996462,672.623,69703.1,38.224,0.971617,672.57,77119.8,42.2911,0.83933,672.571,11768.5,6.45364,0.996262,665.115,74353.2,40.6744
NHP5,13,0.997773,676.776,107566,58.9874,0.997728,676.763,108694,59.606,0.98163,676.761,120381,66.015,0.890762,676.761,18370.1,10.0738,0.997591,669.019,115527,63.1981
NHP5,14,0.997984,676.858,118865,65.1837,0.997947,676.854,120288,65.964,0.983374,676.854,133246,73.0695,0.900256,676.854,20333.1,11.1503,0.997821,669.106,127769,69.8949
NHP5,22,0.998732,676.896,189193,103.75,0.998716,676.896,192451,105.537,0.989549,676.896,213315,116.978,0.935272,676.896,32551.4,17.8506,0.998634,669.145,203962,111.576
NHP5,23,0.998776,676.896,195912,107.435,0.99876,676.896,199346,109.318,0.989908,676.896,220965,121.173,0.937373,676.896,33718.9,18.4908,0.998681,669.145,211243,115.559
NHP5,29,0.998953,676.896,229012,125.586,0.99894,676.896,233310,127.943,0.991365,676.896,258650,141.839,0.946005,676.896,39469.4,21.6443,0.998872,669.145,247103,135.176
NHP6,0,0.144962,0.57856,242.661,0.133071,0.0443746,0.548056,225.683,0.123761,0.186513,1,516.515,0.283248,0.0338043,1,78.819,0.043223,0.248747,0.602362,256.72,0.140437
NHP6,1,0.150986,1.81682,254.539,0.139585,0.0464461,1.72127,236.732,0.129819,0.193861,3.13562,541.757,0.29709,0.0353978,3.1357,82.671,0.0453353,0.25779,1.89244,269.294,0.147315
NHP6,2,0.183224,5.74748,321.078,0.176074,0.0578887,5.44693,298.637,0.163767,0.232583,9.87712,682.763,0.374415,0.0442043,9.8777,104.189,0.0571357,0.304682,5.98823,339.742,0.185853
NHP6,3,0.280186,17.9549,557.131,0.305521,0.0963797,17.0318,518.384,0.284273,0.343472,30.4562,1178.59,0.646319,0.0739339,30.4584,179.857,0.0986302,0.43197,18.6991,589.617,0.322545
NHP6,4,0.476809,54.0017,1304.42,0.71532,0.200046,51.3691,1215.4,0.666502,0.545876,88.2381,2707.97,1.48501,0.155005,88.2445,413.253,0.226621,0.640184,56.1054,1379.47,0.754627
NHP6,5,0.70682,146.341,3450.7,1.8923,0.399088,140.22,3227.83,1.77008,0.751631,218.575,6817.6,3.73865,0.315926,218.589,1040.42,0.570546,0.82427,150.969,3636.71,1.98943
NHP6,7,0.925621,498.391,17812.1,9.76782,0.777413,491.175,16974.8,9.30866,0.927652,560.738,28885.5,15.8403,0.661784,560.748,4408.05,2.4173,0.959633,499.85,18431.7,10.0829
NHP6,9,0.967987,653.764,43278.1,23.733,0.895993,652.522,41869.2,22.9603,0.964476,663.322,61163,33.5407,0.805564,663.323,9333.55,5.11835,0.982731,647.505,44121,24.136
NHP6,10,0.975275,669.451,56458.8,30.961,0.918573,669.041,54827.5,30.0664,0.971617,672.57,77119.8,42.2911,0.83933,672.571,11768.5,6.45364,0.986659,662.193,57342.3,31.3686
NHP6,13,0.984764,676.663,92512.9,50.7324,0.948934,676.65,90314,49.5266,0.98163,676.761,120381,66.015,0.890762,676.761,18370.1,10.0738,0.991773,668.927,93465.8,51.1297
NHP6,14,0.986327,676.823,103252,56.6214,0.954039,676.819,100886,55.3241,0.983374,676.854,133246,73.0695,0.900256,676.854,20333.1,11.1503,0.992616,669.077,104223,57.0143
NHP6,22,0.991656,676.896,170100,93.2798,0.97167,676.896,166697,91.4137,0.989549,676.896,213315,116.978,0.935272,676.896,32551.4,17.8506,0.995491,669.145,171184,93.6448
NHP6,23,0.991955,676.896,176487,96.7824,0.972672,676.896,172985,94.862,0.989908,676.896,220965,121.173,0.937373,676.896,33718.9,18.4908,0.995653,669.145,177582,97.1448
NHP6,29,0.993164,676.896,207950,114.036,0.976725,676.896,203959,111.848,0.991365,676.896,258650,141.839,0.946005,676.896,39469.4,21.6443,0.996306,669.145,209098,114.385
NHP7,0,0.999983,853.153,179778,98.5871,0.999961,853.153,161180,88.3885,0.999956,853.153,201362,110.423,0.0338043,1,78.819,0.043223,0.999979,843.297,177930,97.3352
NHP7,1,0.999982,724.469,172870,94.799,0.999959,724.489,155227,85.1235,0.999955,724.489,193556,106.143,0.0353978,3.1357,82.671,0.0453353,0.999978,716.144,171081,93.5883
NHP7,2,0.999982,691.161,166006,91.0348,0.999957,691.167,149279,81.862,0.999953,691.167,185808,101.894,0.0442043,9.87769,104.189,0.0571357,0.999977,683.23,164276,89.866
NHP7,3,0.999981,681.316,159450,87.4398,0.999956,681.318,143591,78.7426,0.999951,681.318,178411,97.8375,0.0739339,30.4583,179.856,0.0986301,0.999976,673.507,157778,86.3113
NHP7,4,0.99998,678.279,153240,84.0339,0.999954,678.28,138199,75.7858,0.999949,678.28,171404,93.9947,0.155005,88.2444,413.253,0.226621,0.999975,670.509,151622,82.9435
NHP7,5,0.999979,677.33,147370,80.8152,0.999952,677.33,133103,72.9912,0.999947,677.33,164781,90.3633,0.315926,218.589,1040.42,0.570546,0.999974,669.573,145804,79.761
NHP7,7,0.999978,676.939,136596,74.9068,0.999949,676.939,123748,67.861,0.999942,676.939,152626,83.6973,0.661784,560.748,4408.05,2.4173,0.999972,669.187,135125,73.919
NHP7,9,0.999976,676.9,126996,69.6424,0.999945,676.9,115412,63.2899,0.999938,676.9,141795,77.758,0.805563,663.323,9333.54,5.11835,0.99997,669.149,125610,68.7137
NHP7,14,0.999972,676.896,107332,58.8589,0.999935,676.896,98337.2,53.9264,0.999927,676.896,119610,65.5918,0.900256,676.854,20333.1,11.1503,0.999965,669.145,106118,58.0513
NHP7,23,0.999963,676.896,83524,45.8031,0.999918,676.896,77664.7,42.59,0.999905,676.896,92749.6,50.8623,0.937373,676.896,33718.9,18.4908,0.999955,669.145,82520.6,45.1422
NHP8,0,0.999997,853.153,374845,205.558,0.999989,853.153,338654,185.712,0.999956,853.153,201362,110.423,0.0338043,1,78.819,0.043223,0.999995,843.297,373625,204.389
NHP8,1,0.999997,724.488,358952,196.843,0.999989,724.49,324270,177.824,0.999955,724.489,193556,106.143,0.0353978,3.1357,82.671,0.0453353,0.999995,716.143,357608,195.627
NHP8,2,0.999997,691.167,343352,188.288,0.999988,691.167,310155,170.083,0.999953,691.167,185808,101.894,0.0442043,9.87769,104.189,0.0571357,0.999995,683.23,341907,187.038
NHP8,3,0.999996,681.318,328505,180.146,0.999987,681.318,296721,162.717,0.999951,681.318,178411,97.8375,0.0739339,30.4583,179.856,0.0986301,0.999995,673.507,326970,178.866
NHP8,4,0.999996,678.28,314454,172.441,0.999987,678.28,284008,155.745,0.999949,678.28,171404,93.9947,0.155005,88.2444,413.253,0.226621,0.999994,670.509,312835,171.134
NHP8,5,0.999996,677.33,301180,165.162,0.999986,677.33,271999,149.159,0.999947,677.33,164781,90.3633,0.315926,218.589,1040.42,0.570546,0.999994,669.573,299483,163.83
NHP8,7,0.999996,676.939,276817,151.802,0.999985,676.939,249956,137.072,0.999942,676.939,152626,83.6973,0.661784,560.748,4408.05,2.4173,0.999994,669.187,274976,150.423
NHP8,9,0.999995,676.9,255111,139.898,0.999984,676.9,230317,126.302,0.999938,676.9,141795,77.758,0.805563,663.323,9333.54,5.11835,0.999993,669.149,253141,138.479
NHP8,14,0.999994,676.896,210648,115.516,0.99998,676.896,190088,104.241,0.999927,676.896,119610,65.5918,0.900256,676.854,20333.1,11.1503,0.999992,669.145,208415,114.012
NHP8,23,0.999992,676.896,156815,85.9949,0.999974,676.896,141384,77.5322,0.999905,676.896,92749.6,50.8623,0.937373,676.896,33718.9,18.4908,0.999989,669.145,154265,84.3894
NHP9,0,0.558055,17.1062,6737.45,3.6947,0.508389,16.3771,6331.99,3.47235,0.586464,11.1995,3194.86,1.75201,0.0338043,1,78.819,0.043223,0.553859,17.0037,6802.34,3.72117
NHP9,1,0.569177,51.0322,7049.14,3.86562,0.519717,48.9736,6625.77,3.63346,0.5976,34.0132,3345.62,1.83468,0.0353978,3.1357,82.671,0.0453353,0.565009,50.7401,7117.17,3.89339
NHP9,2,0.617985,139.431,8631.46,4.73334,0.570187,134.573,8122.76,4.45438,0.647422,97.5252,4136.73,2.26851,0.0442043,9.8777,104.189,0.0571357,0.613975,138.583,8714.99,4.76746
NHP9,3,0.708414,306.07,12963.1,7.10872,0.666856,298.632,12256.5,6.72123,0.741869,236.08,6474.59,3.55055,0.0739339,30.4584,179.857,0.0986302,0.704836,303.792,13084.5,7.15774
NHP9,4,0.798384,490.217,21128.7,11.5866,0.7669,484.147,20144.7,11.047,0.835285,426.555,11424.2,6.26485,0.155005,88.2445,413.253,0.226621,0.795439,485.668,21306.7,11.6557
NHP9,5,0.857882,604.538,32208.3,17.6624,0.834876,601.615,30958.2,16.9769,0.893463,571.477,18893,10.3606,0.315926,218.589,1040.42,0.570546,0.855516,598.161,32444.3,17.7484
NHP9,7,0.913759,668.986,56533.1,31.0017,0.899589,668.631,54856.5,30.0824,0.94194,664.782,36548.9,20.0428,0.661784,560.748,4408.05,2.4173,0.912115,661.4,56867.6,31.109
NHP9,9,0.936974,676.107,79321.6,43.4986,0.926595,676.071,77291.1,42.3851,0.959581,675.68,53483.5,29.3294,0.805564,663.323,9333.55,5.11835,0.935702,668.373,79739.2,43.6207
NHP9,10,0.943929,676.648,89822.6,49.2571,0.934691,676.637,87631.3,48.0555,0.964557,676.514,61307.9,33.6202,0.83933,672.571,11768.5,6.45364,0.942778,668.903,90278,49.3858
NHP9,13,0.956719,676.889,117945,64.6789,0.949583,676.888,115324,63.2416,0.973347,676.884,82271.3,45.1161,0.890762,676.761,18370.1,10.0738,0.955804,669.138,118501,64.825
NHP9,14,0.959463,676.894,126288,69.2543,0.952777,676.894,123540,67.7472,0.975174,676.893,88491.3,48.5271,0.900256,676.854,20333.1,11.1503,0.9586,669.143,126874,69.4056
NHP9,22,0.97093,676.896,178210,97.7273,0.966132,676.896,174669,95.7856,0.982597,676.896,127199,69.7539,0.935272,676.896,32551.4,17.8506,0.970295,669.145,178982,97.9108
NHP9,23,0.971695,676.896,183171,100.448,0.967023,676.896,179555,98.4646,0.983081,676.896,130898,71.7821,0.937373,676.896,33718.9,18.4908,0.971076,669.145,183961,100.634
NHP9,29,0.974943,676.896,207608,113.848,0.970807,676.896,203618,111.661,0.985117,676.896,149115,81.7723,0.946005,676.896,39469.4,21.6443,0.974391,669.145,208485,114.05
