id,time,y1,Weight_,Marker3_Slope,Marker3_Intercept,popPred_medianCOV,popPred,indivPred_SAEM,indivPred_mean,indivPred_mode,indWRes_SAEM,indWRes_mean,indWRes_mode
101,0,2.67761,5.00633,62707.4,149553,-5,-5,-5,-5,-5,7.24948,7.24948,7.24948
101,1,5.66745,5.00633,62707.4,149553,4.52288,4.52288,5.8284,5.83197,5.80436,-0.151973,-0.155344,-0.129272
101,2,3.70812,5.00633,62707.4,149553,4.09207,4.09207,5.32254,5.33461,5.27068,-1.52439,-1.53579,-1.47543
101,3,4.42351,5.00633,62707.4,149553,3.44289,3.44289,4.5966,4.61921,4.50987,-0.163432,-0.184781,-0.0815409
101,4,4.7715,5.00633,-8140.27,432944,2.7328,2.7328,3.80063,3.83548,3.67264,0.916736,0.883831,1.03759
101,6,2.67761,5.00633,-8140.27,432944,1.26872,1.26872,2.14563,2.20821,1.92159,0.50231,0.443221,0.71386
101,9,2.67761,5.00633,19221.1,186691,-0.949149,-0.949149,-0.376203,-0.268476,-0.758843,2.88352,2.7818,3.24482
101,14,2.67761,5.00633,19221.1,186691,-4.64116,-4.64116,-4.58046,-4.39642,-5,6.85334,6.67956,7.24948
101,20,2.67761,5.00633,0,571113,-5,-5,-5,-5,-5,7.24948,7.24948,7.24948
102,0,2.67761,3.70972,-290321,1.55455e+6,-5,-5,-5,-5,-5,7.24948,7.24948,7.24948
102,1,5.93337,3.70972,-290321,1.55455e+6,4.90446,4.90446,6.14723,6.14644,6.13314,-0.201933,-0.20119,-0.188634
102,2,5.72082,3.70972,-290321,1.55455e+6,4.51248,4.51248,5.83884,5.84248,5.81168,-0.111437,-0.114875,-0.0857865
102,3,4.43074,3.70972,-290321,1.55455e+6,3.89784,3.89784,5.34883,5.35851,5.30442,-0.866898,-0.876039,-0.824962
102,4,6.30035,3.70972,-62892.4,644838,3.20949,3.20949,4.80698,4.82413,4.74338,1.41009,1.3939,1.47014
102,6,4.83362,3.70972,-62892.4,644838,1.74919,1.74919,3.66959,3.70433,3.56586,1.09912,1.06632,1.19706
102,9,2.67761,3.70972,-431.343,82689.1,-0.502867,-0.502867,1.92392,1.98749,1.75936,0.71166,0.651633,0.86704
102,14,2.67761,3.70972,-431.343,82689.1,-4.31148,-4.31148,-1.02592,-0.911729,-1.29178,3.49701,3.38919,3.74804
102,20,2.67761,3.70972,0,74062.2,-5,-5,-4.5683,-4.3932,-4.95552,6.84185,6.67652,7.20749
103,0,2.67761,5.15609,193077,444039,-5,-5,-5,-5,-5,7.24948,7.24948,7.24948
103,1,6.14006,5.15609,193077,444039,4.53343,4.53343,5.38876,5.42954,5.39891,0.709407,0.670903,0.699829
103,2,4.06553,5.15609,193077,444039,4.12267,4.12267,4.93368,4.95432,4.94734,-0.819743,-0.839232,-0.83264
103,3,3.50323,5.15609,193077,444039,3.50484,3.50484,4.26253,4.25786,4.2803,-0.716953,-0.712546,-0.733736
103,4,2.67761,5.15609,-215726,2.07925e+6,2.83799,2.83799,3.53525,3.50068,3.55737,-0.809823,-0.777173,-0.830705
103,6,3.07839,5.15609,-215726,2.07925e+6,1.4683,1.4683,2.03383,1.93215,2.06535,0.986319,1.08233,0.956555
103,9,2.67761,5.15609,-8499.19,214208,-0.697736,-0.697736,-0.347864,-0.553256,-0.296285,2.85676,3.0507,2.80806
103,14,2.67761,5.15609,-8499.19,214208,-4.48419,-4.48419,-4.52305,-4.90298,-4.42685,6.79913,7.15787,6.7083
103,20,2.67761,5.15609,0,44224.6,-5,-5,-5,-5,-5,7.24948,7.24948,7.24948
104,0,2.67761,3.50043,27592.8,119287,-5,-5,-5,-5,-5,7.24948,7.24948,7.24948
104,1,3.93231,3.50043,27592.8,119287,4.86863,4.86863,5.79116,5.81238,5.84714,-1.75519,-1.77523,-1.80805
104,2,6.8876,3.50043,27592.8,119287,4.43443,4.43443,5.50064,5.52518,5.5413,1.30962,1.28645,1.27123
104,3,4.71436,3.50043,27592.8,119287,3.77946,3.77946,5.03307,5.06202,5.05493,-0.300942,-0.328277,-0.321584
104,4,3.85189,3.50043,-12439.2,279415,3.06081,3.06081,4.52956,4.5634,4.53053,-0.639885,-0.671834,-0.640801
104,6,4.86624,3.50043,-12439.2,279415,1.57334,1.57334,3.50632,3.5503,3.46358,1.28409,1.24256,1.32445
104,9,2.84409,3.50043,215.061,165527,-0.684715,-0.684715,1.9636,2.02317,1.8547,0.831397,0.775144,0.934221
104,14,2.67761,3.50043,215.061,165527,-4.46113,-4.46113,-0.614367,-0.528436,-0.83358,3.10841,3.02727,3.31539
104,20,2.67761,3.50043,0,169828,-5,-5,-3.7078,-3.59024,-4.05936,6.02934,5.91834,6.3613
105,0,2.67761,3.66441,-7587.4,117060,-5,-5,-5,-5,-5,7.24948,7.24948,7.24948
105,1,4.9394,3.66441,-7587.4,117060,4.86802,4.86802,5.5101,5.53839,5.51487,-0.538882,-0.565595,-0.543381
105,2,5.95252,3.66441,-7587.4,117060,4.43164,4.43164,5.1297,5.14645,5.13048,0.776935,0.761123,0.776199
105,3,6.37785,3.66441,-7587.4,117060,3.77231,3.77231,4.54386,4.54601,4.53959,1.73172,1.72969,1.73575
105,4,4.36328,3.66441,2804.93,75490.7,3.04667,3.04667,3.90425,3.88964,3.89418,0.433437,0.447223,0.442938
105,6,2.67761,3.66441,2804.93,75490.7,1.54058,1.54058,2.58877,2.53779,2.56617,0.0838797,0.132017,0.105224
105,9,2.67761,3.66441,1022.63,91531.3,-0.740526,-0.740526,0.605467,0.498323,0.563482,1.95659,2.05776,1.99624
105,14,2.67761,3.66441,1022.63,91531.3,-4.54271,-4.54271,-2.69833,-2.89938,-2.77279,5.07616,5.266,5.14646
105,20,2.67761,3.66441,0,111984,-5,-5,-5,-5,-5,7.24948,7.24948,7.24948
106,0,2.67761,3.39563,-26967.1,202328,-5,-5,-5,-5,-5,7.24948,7.24948,7.24948
106,1,6.16288,3.39563,-26967.1,202328,4.87025,4.87025,5.95378,5.96273,5.95549,0.197442,0.188992,0.195827
106,2,6.10571,3.39563,-26967.1,202328,4.4364,4.4364,5.61782,5.62444,5.61323,0.460682,0.454433,0.465017
106,3,5.64844,3.39563,-26967.1,202328,3.77943,3.77943,5.09282,5.0968,5.08039,0.524637,0.520876,0.536372
106,4,4.12379,3.39563,38701.5,-60346.8,3.05552,3.05552,4.52271,4.52381,4.50148,-0.37667,-0.377713,-0.356629
106,6,2.67761,3.39563,38701.5,-60346.8,1.55379,1.55379,3.35781,3.35282,3.31789,-0.642278,-0.637561,-0.604581
106,9,2.86835,3.39563,-17796.3,448134,-0.702999,-0.702999,1.62028,1.60535,1.55135,1.17848,1.19258,1.24356
106,14,2.67761,3.39563,-17796.3,448134,-4.44843,-4.44843,-1.2628,-1.29479,-1.3804,3.72068,3.75088,3.83172
106,20,2.67761,3.39563,0,92207.2,-5,-5,-4.75709,-4.80817,-4.93205,7.02012,7.06835,7.18532
201,0,2.67761,4.29105,-51262.8,571129,-5,-5,-5,-5,-5,7.24948,7.24948,7.24948
201,1,6.09252,4.29105,-51262.8,571129,4.88061,4.88061,5.13526,5.15368,5.16421,0.90388,0.886482,0.876541
201,2,3.20227,4.29105,-51262.8,571129,4.46111,4.46111,4.7518,4.763,4.77124,-1.46312,-1.4737,-1.48148
201,3,4.8367,4.29105,-51262.8,571129,3.82146,3.82146,4.15877,4.16081,4.16613,0.640124,0.638198,0.633172
201,4,3.52609,4.29105,-27181.5,474804,3.11651,3.11651,3.50808,3.49966,3.5016,0.0170093,0.0249631,0.0231237
201,6,4.06981,4.29105,-27181.5,474804,1.64936,1.64936,2.16074,2.12974,2.12428,1.80261,1.83189,1.83704
201,9,2.67761,4.29105,-7922.4,301473,-0.586927,-0.586927,0.111818,0.0463097,0.0292922,2.42271,2.48457,2.50064
201,14,2.67761,4.29105,-7922.4,301473,-4.34445,-4.34445,-3.33049,-3.45302,-3.48954,5.67307,5.78877,5.82325
201,20,2.67761,4.29105,0,143025,-5,-5,-5,-5,-5,7.24948,7.24948,7.24948
202,0,2.67761,3.50765,-166881,829974,-5,-5,-5,-5,-5,7.24948,7.24948,7.24948
202,1,4.52848,3.50765,-166881,829974,4.88626,4.88626,4.45169,4.44177,4.46833,0.0725046,0.0818711,0.0567979
202,2,4.17619,3.50765,-166881,829974,4.47104,4.47104,3.99458,3.99187,4.01331,0.171486,0.174041,0.153799
202,3,2.67761,3.50765,-166881,829974,3.83176,3.83176,3.30101,3.30788,3.32277,-0.588637,-0.595131,-0.609186
202,4,2.67761,3.50765,7889.76,130893,3.12107,3.12107,2.52583,2.54445,2.55161,0.143309,0.125733,0.118974
202,6,2.67761,3.50765,7889.76,130893,1.63028,1.63028,0.887123,0.933614,0.923051,1.69064,1.64674,1.65672
202,9,2.67761,3.50765,-4822.88,245307,-0.630076,-0.630076,-1.61112,-1.51918,-1.5585,4.04957,3.96276,3.99989
202,14,2.67761,3.50765,-4822.88,245307,-4.39782,-4.39782,-5,-5,-5,7.24948,7.24948,7.24948
202,20,2.67761,3.50765,0,148849,-5,-5,-5,-5,-5,7.24948,7.24948,7.24948
203,0,2.67761,3.0958,-53076.7,501676,-5,-5,-5,-5,-5,7.24948,7.24948,7.24948
203,1,4.2055,3.0958,-53076.7,501676,4.87858,4.87858,4.72473,4.66383,4.7116,-0.490273,-0.432774,-0.477874
203,2,4.9955,3.0958,-53076.7,501676,4.45603,4.45603,4.27386,4.23271,4.26885,0.681399,0.720253,0.686125
203,3,2.67761,3.0958,-53076.7,501676,3.81236,3.81236,3.59374,3.57793,3.59922,-0.865046,-0.850117,-0.870219
203,4,2.67761,3.0958,27471.4,179484,3.10263,3.10263,2.84102,2.85508,2.85895,-0.154299,-0.16758,-0.171235
203,6,2.67761,3.0958,27471.4,179484,1.62875,1.62875,1.26992,1.35167,1.31629,1.32919,1.252,1.2854
203,9,2.67761,3.0958,-26067.3,661332,-0.590891,-0.590891,-1.10322,-0.914597,-1.01209,3.57,3.39189,3.48395
203,14,2.67761,3.0958,-26067.3,661332,-4.28929,-4.28929,-5,-4.6909,-4.89227,7.24948,6.95762,7.14776
203,20,2.67761,3.0958,0,139986,-5,-5,-5,-5,-5,7.24948,7.24948,7.24948
204,0,2.67761,3.2607,26305.6,139035,-5,-5,-5,-5,-5,7.24948,7.24948,7.24948
204,1,4.68525,3.2607,26305.6,139035,4.8692,4.8692,4.62268,4.57606,4.62992,0.0590782,0.103103,0.0522438
204,2,5.83251,3.2607,26305.6,139035,4.43577,4.43577,4.19007,4.15105,4.20422,1.55085,1.5877,1.53749
204,3,2.67761,3.2607,26305.6,139035,3.78173,3.78173,3.537,3.50764,3.55994,-0.811467,-0.783752,-0.83313
204,4,2.67761,3.2607,-34401.4,381863,3.0641,3.0641,2.82045,2.80232,2.8536,-0.134878,-0.117759,-0.166183
204,6,2.67761,3.2607,-34401.4,381863,1.57709,1.57709,1.33573,1.3426,1.39165,1.26705,1.26057,1.21424
204,9,2.67761,3.2607,24451.8,-147817,-0.691394,-0.691394,-0.929994,-0.882854,-0.837298,3.40643,3.36192,3.3189
204,14,2.67761,3.2607,24451.8,-147817,-4.48626,-4.48626,-4.72075,-4.6051,-4.56545,6.98581,6.87661,6.83917
204,20,2.67761,3.2607,0,341220,-5,-5,-5,-5,-5,7.24948,7.24948,7.24948
205,0,2.67761,3.68253,-48112.1,385180,-5,-5,-5,-5,-5,7.24948,7.24948,7.24948
205,1,5.3961,3.68253,-48112.1,385180,4.87528,4.87528,4.57515,4.55287,4.56652,0.775169,0.79621,0.783317
205,2,4.44089,3.68253,-48112.1,385180,4.44804,4.44804,4.18507,4.16609,4.1773,0.241556,0.259469,0.248887
205,3,3.51356,3.68253,-48112.1,385180,3.79859,3.79859,3.58315,3.56855,3.5766,-0.0657161,-0.0519294,-0.0595306
205,4,2.67761,3.68253,30971.9,68843.6,3.08235,3.08235,2.9221,2.91268,2.91707,-0.230862,-0.221964,-0.226113
205,6,2.68668,3.68253,30971.9,68843.6,1.59475,1.59475,1.55659,1.55866,1.55504,1.06707,1.06513,1.06854
205,9,2.67761,3.68253,-25300.9,575299,-0.644501,-0.644501,-0.491994,-0.472799,-0.488787,2.99286,2.97473,2.98983
205,14,2.67761,3.68253,-25300.9,575299,-4.37227,-4.37227,-3.90176,-3.85431,-3.89088,6.21248,6.16768,6.20221
205,20,2.67761,3.68253,0,69280.3,-5,-5,-5,-5,-5,7.24948,7.24948,7.24948
206,0,2.67761,5.95447,-456566,2.10745e+6,-5,-5,-5,-5,-5,7.24948,7.24948,7.24948
206,1,4.92768,5.95447,-456566,2.10745e+6,4.56953,4.56953,3.99821,4.01393,4.02605,0.877643,0.862792,0.85135
206,2,3.35656,5.95447,-456566,2.10745e+6,4.19095,4.19095,3.52624,3.54868,3.55364,-0.160223,-0.181415,-0.186089
206,3,2.67761,5.95447,-456566,2.10745e+6,3.58646,3.58646,2.79984,2.83185,2.82761,-0.115413,-0.14564,-0.141641
206,4,2.67761,5.95447,47241,92221.1,2.90116,2.90116,1.96906,2.01357,1.99848,0.669032,0.62701,0.641255
206,6,2.67761,5.95447,47241,92221.1,1.43684,1.43684,0.166228,0.242505,0.202014,2.37134,2.29931,2.33755
206,9,2.67761,5.95447,-41842.3,893972,-0.772711,-0.772711,-2.5972,-2.46711,-2.55074,4.98067,4.85783,4.9368
206,14,2.67761,5.95447,-41842.3,893972,-4.45058,-4.45058,-5,-5,-5,7.24948,7.24948,7.24948
206,20,2.67761,5.95447,0,57124.8,-5,-5,-5,-5,-5,7.24948,7.24948,7.24948
301,0,2.67761,4.55825,-77043.1,506948,-5,-5,-5,-5,-5,7.24948,7.24948,7.24948
301,1,4.38997,4.55825,-77043.1,506948,4.53117,4.53117,3.62337,3.57862,3.60015,0.723849,0.766099,0.745772
301,2,2.69568,4.55825,-77043.1,506948,4.10747,4.10747,3.14509,3.11682,3.12262,-0.42435,-0.397653,-0.403136
301,3,2.97254,4.55825,-77043.1,506948,3.46115,3.46115,2.43017,2.42316,2.40891,0.512124,0.518742,0.532194
301,4,2.67761,4.55825,109255,-238246,2.74695,2.74695,1.63484,1.65313,1.61521,0.984616,0.967347,1.00315
301,6,2.67761,4.55825,109255,-238246,1.26639,1.26639,-0.0307891,0.0458259,-0.0466068,2.55737,2.48503,2.5723
301,9,2.67761,4.55825,-56174.9,1.25063e+6,-0.923994,-0.923994,-2.51208,-2.34412,-2.5243,4.9003,4.74171,4.91183
301,14,2.67761,4.55825,-56174.9,1.25063e+6,-4.53018,-4.53018,-5,-5,-5,7.24948,7.24948,7.24948
301,20,2.67761,4.55825,0,127128,-5,-5,-5,-5,-5,7.24948,7.24948,7.24948
302,0,2.67761,3.59307,36271.2,104568,-5,-5,-5,-5,-5,7.24948,7.24948,7.24948
302,1,2.67761,3.59307,36271.2,104568,4.86833,4.86833,3.3331,3.33405,3.38946,-0.618938,-0.619836,-0.672161
302,2,2.67761,3.59307,36271.2,104568,4.43401,4.43401,2.82532,2.85636,2.88711,-0.139475,-0.168789,-0.197824
302,3,2.67761,3.59307,36271.2,104568,3.77927,3.77927,2.08222,2.15098,2.15009,0.562184,0.497257,0.498097
302,4,2.67761,3.59307,-12543.6,299827,3.06136,3.06136,1.26008,1.37329,1.33504,1.33848,1.23158,1.2677
302,6,2.67761,3.59307,-12543.6,299827,1.57654,1.57654,-0.463146,-0.247235,-0.371817,2.96562,2.76174,2.87938
302,9,2.67761,3.59307,-12710.4,301328,-0.67705,-0.67705,-3.10323,-2.7182,-2.98447,5.45848,5.09492,5.34634
302,14,2.67761,3.59307,-12710.4,301328,-4.4551,-4.4551,-5,-5,-5,7.24948,7.24948,7.24948
302,20,2.67761,3.59307,0,47119.8,-5,-5,-5,-5,-5,7.24948,7.24948,7.24948
303,0,2.67761,3.92373,24087.6,282951,-5,-5,-5,-5,-5,7.24948,7.24948,7.24948
303,1,2.67761,3.92373,24087.6,282951,4.8734,4.8734,3.79593,3.80743,3.8215,-1.05596,-1.06682,-1.08011
303,2,3.39131,3.92373,24087.6,282951,4.44601,4.44601,3.31767,3.33883,3.3436,0.0695296,0.0495452,0.0450423
303,3,2.67761,3.92373,24087.6,282951,3.7996,3.7996,2.60769,2.64099,2.63393,0.0660148,0.0345776,0.0412422
303,4,2.67761,3.92373,-54062.1,595550,3.09077,3.09077,1.824,1.87153,1.85053,0.806012,0.761124,0.780959
303,6,2.67761,3.92373,-54062.1,595550,1.62164,1.62164,0.184949,0.2652,0.212227,2.35366,2.27788,2.3279
303,9,2.67761,3.92373,3011.9,81883.9,-0.628504,-0.628504,-2.34022,-2.2053,-2.31041,4.73802,4.61063,4.70988
303,14,2.67761,3.92373,3011.9,81883.9,-4.42344,-4.42344,-5,-5,-5,7.24948,7.24948,7.24948
303,20,2.67761,3.92373,0,142122,-5,-5,-5,-5,-5,7.24948,7.24948,7.24948
304,0,2.67761,3.04282,-193936,968472,-5,-5,-5,-5,-5,7.24948,7.24948,7.24948
304,1,4.07838,3.04282,-193936,968472,4.88976,4.88976,4.19229,4.12835,4.18429,-0.107559,-0.0471866,-0.100006
304,2,3.70166,3.04282,-193936,968472,4.47883,4.47883,3.80951,3.74935,3.80558,-0.101834,-0.0450285,-0.098123
304,3,4.4669,3.04282,-193936,968472,3.84388,3.84388,3.21076,3.156,3.21251,1.18609,1.2378,1.18444
304,4,3.91144,3.04282,-10773.8,235824,3.13683,3.13683,2.54541,2.49739,2.55425,1.28986,1.3352,1.28151
304,6,2.67761,3.04282,-10773.8,235824,1.64963,1.64963,1.15012,1.11812,1.17573,1.44231,1.47253,1.41813
304,9,2.67761,3.04282,2502.45,116338,-0.615475,-0.615475,-0.970809,-0.977176,-0.918369,3.44497,3.45098,3.39545
304,14,2.67761,3.04282,2502.45,116338,-4.40131,-4.40131,-4.51461,-4.47763,-4.41681,6.79116,6.75625,6.69882
304,20,2.67761,3.04282,0,166387,-5,-5,-5,-5,-5,7.24948,7.24948,7.24948
305,0,2.67761,3.84913,-37154.7,213065,-5,-5,-5,-5,-5,7.24948,7.24948,7.24948
305,1,3.48227,3.84913,-37154.7,213065,4.8704,4.8704,3.79454,3.79428,3.79765,-0.294861,-0.294619,-0.297795
305,2,4.34397,3.84913,-37154.7,213065,4.43642,4.43642,3.29447,3.30285,3.29859,0.990986,0.983068,0.987087
305,3,3.12144,3.84913,-37154.7,213065,3.77882,3.77882,2.55407,2.57338,2.55955,0.535731,0.517497,0.530559
305,4,2.67761,3.84913,26379.1,-41069.6,3.05362,3.05362,1.73094,1.76325,1.73811,0.893876,0.863368,0.88711
305,6,2.67761,3.84913,26379.1,-41069.6,1.54684,1.54684,-0.000905402,0.0618338,0.0103245,2.52915,2.46991,2.51855
305,9,2.67761,3.84913,-15442.1,335321,-0.724517,-0.724517,-2.63636,-2.52373,-2.61895,5.01765,4.9113,5.00121
305,14,2.67761,3.84913,-15442.1,335321,-4.50267,-4.50267,-5,-5,-5,7.24948,7.24948,7.24948
305,20,2.67761,3.84913,0,26478.6,-5,-5,-5,-5,-5,7.24948,7.24948,7.24948
306,0,2.67761,4.90005,-116325,1.1094e+6,-5,-5,-5,-5,-5,7.24948,7.24948,7.24948
306,1,3.59329,4.90005,-116325,1.1094e+6,4.54761,4.54761,3.2831,3.30613,3.32383,0.292888,0.271146,0.254431
306,2,2.75436,4.90005,-116325,1.1094e+6,4.14702,4.14702,2.86951,2.88176,2.91008,-0.108727,-0.120299,-0.147036
306,3,4.66587,4.90005,-116325,1.1094e+6,3.52873,3.52873,2.23758,2.23599,2.27783,2.29289,2.29438,2.25488
306,4,2.67761,4.90005,-77186.1,952845,2.84521,2.84521,1.53769,1.52017,1.57786,1.07635,1.09289,1.03842
306,6,2.67761,4.90005,-77186.1,952845,1.41449,1.41449,0.0693067,0.0169091,0.110201,2.46285,2.51233,2.42424
306,9,2.67761,4.90005,-14426.2,388006,-0.791454,-0.791454,-2.19883,-2.30505,-2.15477,4.60451,4.70481,4.56291
306,14,2.67761,4.90005,-14426.2,388006,-4.54218,-4.54218,-5,-5,-5,7.24948,7.24948,7.24948
306,20,2.67761,4.90005,0,99482.5,-5,-5,-5,-5,-5,7.24948,7.24948,7.24948