id,eta_betas_N_SAEM,eta_fact_beta_T_SAEM,eta_fact_delta_T_SAEM,eta_delta_N_SAEM,eta_c_SAEM,eta_cI_SAEM,eta_k_SAEM,eta_mu_SAEM,eta_P_N_SAEM,eta_fact_P_T_SAEM,eta_alpha_VLSG_SAEM,eta_thresh_Weight_SAEM,eta_betas_N_mean,eta_fact_beta_T_mean,eta_fact_delta_T_mean,eta_delta_N_mean,eta_c_mean,eta_cI_mean,eta_k_mean,eta_mu_mean,eta_P_N_mean,eta_fact_P_T_mean,eta_alpha_VLSG_mean,eta_thresh_Weight_mean,eta_betas_N_mode,eta_fact_beta_T_mode,eta_fact_delta_T_mode,eta_delta_N_mode,eta_c_mode,eta_cI_mode,eta_k_mode,eta_mu_mode,eta_P_N_mode,eta_fact_P_T_mode,eta_alpha_VLSG_mode,eta_thresh_Weight_mode,eta_betas_N_sd,eta_fact_beta_T_sd,eta_fact_delta_T_sd,eta_delta_N_sd,eta_c_sd,eta_cI_sd,eta_k_sd,eta_mu_sd,eta_P_N_sd,eta_fact_P_T_sd,eta_alpha_VLSG_sd,eta_thresh_Weight_sd,Group
NHP1,-0.0757489,0,0,-0.674518,0,0,0,0,0,0,0,0,-0.0157655,0,0,-0.628462,0,0,0,0,0,0,0,0,-0.0386402,0,0,-0.54473,0,0,0,0,0,0,0,0,0.180309,0,0,0.320539,0,0,0,0,0,0,0,0,CD40.PanCoV - Conv
NHP10,-0.0791872,0,0,-0.278291,0,0,0,0,0,0,0,0,-0.0767886,0,0,-0.284719,0,0,0,0,0,0,0,0,-0.0337567,0,0,-0.53189,0,0,0,0,0,0,0,0,0.16388,0,0,0.392573,0,0,0,0,0,0,0,0,CD40.RBDv - Naive
NHP11,-0.0443836,0,0,1.75408,0,0,0,0,0,0,0,0,-0.0606614,0,0,1.71253,0,0,0,0,0,0,0,0,-0.0458544,0,0,1.57335,0,0,0,0,0,0,0,0,0.16664,0,0,0.704312,0,0,0,0,0,0,0,0,CD40.RBDv - Conv
NHP12,0.00559629,0,0,0.490684,0,0,0,0,0,0,0,0,-0.0171685,0,0,0.517623,0,0,0,0,0,0,0,0,-0.0108215,0,0,0.38128,0,0,0,0,0,0,0,0,0.187452,0,0,0.712556,0,0,0,0,0,0,0,0,mRNA - Conv
NHP13,-0.00475797,0,0,-0.685295,0,0,0,0,0,0,0,0,0.0280142,0,0,-0.678612,0,0,0,0,0,0,0,0,-0.006182,0,0,-0.661565,0,0,0,0,0,0,0,0,0.14584,0,0,0.144007,0,0,0,0,0,0,0,0,Naive
NHP14,-0.0211802,0,0,0.926204,0,0,0,0,0,0,0,0,0.000161475,0,0,0.97878,0,0,0,0,0,0,0,0,-0.0225704,0,0,0.836179,0,0,0,0,0,0,0,0,0.163842,0,0,0.735174,0,0,0,0,0,0,0,0,CD40.PanCoV - Conv
NHP15,0.0307317,0,0,0.990542,0,0,0,0,0,0,0,0,0.026773,0,0,1.01779,0,0,0,0,0,0,0,0,0.0450849,0,0,0.982436,0,0,0,0,0,0,0,0,0.168332,0,0,0.163595,0,0,0,0,0,0,0,0,Conv
NHP16,0.0201069,0,0,0.000174014,0,0,0,0,0,0,0,0,0.0285375,0,0,0.0424691,0,0,0,0,0,0,0,0,0.0122792,0,0,-0.0493651,0,0,0,0,0,0,0,0,0.16848,0,0,0.457559,0,0,0,0,0,0,0,0,CD40.PanCoV - Conv
NHP17,0.011825,0,0,0.230834,0,0,0,0,0,0,0,0,0.0283439,0,0,0.233489,0,0,0,0,0,0,0,0,0.0189884,0,0,0.377196,0,0,0,0,0,0,0,0,0.108213,0,0,0.289185,0,0,0,0,0,0,0,0,Naive
NHP18,0.0957061,0,0,-0.867532,0,0,0,0,0,0,0,0,0.124907,0,0,-0.837884,0,0,0,0,0,0,0,0,0.095461,0,0,-0.771676,0,0,0,0,0,0,0,0,0.103006,0,0,0.236027,0,0,0,0,0,0,0,0,Conv
NHP19,-0.00925527,0,0,-0.891569,0,0,0,0,0,0,0,0,0.00296472,0,0,-0.855769,0,0,0,0,0,0,0,0,-0.0177997,0,0,-0.86047,0,0,0,0,0,0,0,0,0.189544,0,0,0.137335,0,0,0,0,0,0,0,0,Naive
NHP2,-0.00442168,0,0,-0.614923,0,0,0,0,0,0,0,0,-0.00538112,0,0,-0.575021,0,0,0,0,0,0,0,0,0.00286199,0,0,-0.621819,0,0,0,0,0,0,0,0,0.153513,0,0,0.158179,0,0,0,0,0,0,0,0,Naive
NHP20,0.019876,0,0,-0.545078,0,0,0,0,0,0,0,0,0.00124637,0,0,-0.550036,0,0,0,0,0,0,0,0,0.0258267,0,0,-0.511323,0,0,0,0,0,0,0,0,0.168401,0,0,0.239034,0,0,0,0,0,0,0,0,CD40.RBDv - Conv
NHP21,-0.0150895,0,0,0.808218,0,0,0,0,0,0,0,0,-0.0101809,0,0,0.872443,0,0,0,0,0,0,0,0,-0.0109492,0,0,0.712961,0,0,0,0,0,0,0,0,0.18524,0,0,0.439045,0,0,0,0,0,0,0,0,CD40.RBDv - Conv
NHP22,-0.037103,0,0,1.59406,0,0,0,0,0,0,0,0,-0.0474998,0,0,1.6706,0,0,0,0,0,0,0,0,-0.0453862,0,0,1.55678,0,0,0,0,0,0,0,0,0.196108,0,0,0.565223,0,0,0,0,0,0,0,0,CD40.RBDv - Conv
NHP23,0.0216749,0,0,-0.86222,0,0,0,0,0,0,0,0,0.0357045,0,0,-0.859755,0,0,0,0,0,0,0,0,0.0289904,0,0,-0.762038,0,0,0,0,0,0,0,0,0.15776,0,0,0.437552,0,0,0,0,0,0,0,0,mRNA - Conv
NHP24,-0.0811911,0,0,1.35664,0,0,0,0,0,0,0,0,-0.143622,0,0,1.36135,0,0,0,0,0,0,0,0,-0.0926553,0,0,1.38729,0,0,0,0,0,0,0,0,0.161471,0,0,0.0753299,0,0,0,0,0,0,0,0,CD40.RBDv - Naive
NHP25,-0.0206078,0,0,-0.631794,0,0,0,0,0,0,0,0,0.00324275,0,0,-0.595582,0,0,0,0,0,0,0,0,0.0344018,0,0,-0.662455,0,0,0,0,0,0,0,0,0.171796,0,0,0.186284,0,0,0,0,0,0,0,0,CD40.RBDv - Naive
NHP26,0.255948,0,0,-0.378512,0,0,0,0,0,0,0,0,0.262071,0,0,-0.461536,0,0,0,0,0,0,0,0,0.274162,0,0,-0.494963,0,0,0,0,0,0,0,0,0.137946,0,0,0.32552,0,0,0,0,0,0,0,0,Conv
NHP27,-0.00915362,0,0,0.254698,0,0,0,0,0,0,0,0,-0.00852777,0,0,0.268993,0,0,0,0,0,0,0,0,-0.0122408,0,0,0.187734,0,0,0,0,0,0,0,0,0.187741,0,0,0.513618,0,0,0,0,0,0,0,0,CD40.PanCoV - Conv
NHP28,-0.116051,0,0,0.353276,0,0,0,0,0,0,0,0,-0.0946549,0,0,0.406637,0,0,0,0,0,0,0,0,-0.105585,0,0,0.517068,0,0,0,0,0,0,0,0,0.116309,0,0,0.275125,0,0,0,0,0,0,0,0,CD40.RBDv - Naive
NHP29,-0.00968123,0,0,-1.37509,0,0,0,0,0,0,0,0,0.00733626,0,0,-1.34113,0,0,0,0,0,0,0,0,0.00655769,0,0,-1.25459,0,0,0,0,0,0,0,0,0.191681,0,0,0.458146,0,0,0,0,0,0,0,0,mRNA - Conv
NHP3,-0.127608,0,0,-0.459083,0,0,0,0,0,0,0,0,-0.080286,0,0,-0.48748,0,0,0,0,0,0,0,0,-0.135208,0,0,-0.490355,0,0,0,0,0,0,0,0,0.170886,0,0,0.221239,0,0,0,0,0,0,0,0,Naive
NHP30,0.0689736,0,0,-0.527667,0,0,0,0,0,0,0,0,0.0689652,0,0,-0.533379,0,0,0,0,0,0,0,0,0.0666987,0,0,-0.545532,0,0,0,0,0,0,0,0,0.176828,0,0,0.348971,0,0,0,0,0,0,0,0,CD40.PanCoV - Conv
NHP31,-0.000984841,0,0,1.3899,0,0,0,0,0,0,0,0,-0.0439601,0,0,1.38313,0,0,0,0,0,0,0,0,-0.0352311,0,0,1.44585,0,0,0,0,0,0,0,0,0.172367,0,0,0.159567,0,0,0,0,0,0,0,0,CD40.RBDv - Naive
NHP32,0.017134,0,0,-0.93578,0,0,0,0,0,0,0,0,0.00812526,0,0,-0.930582,0,0,0,0,0,0,0,0,0.0177369,0,0,-0.874716,0,0,0,0,0,0,0,0,0.169955,0,0,0.499632,0,0,0,0,0,0,0,0,mRNA - Conv
NHP33,0.0906462,0,0,0.178139,0,0,0,0,0,0,0,0,0.0827828,0,0,0.261092,0,0,0,0,0,0,0,0,0.018479,0,0,0.578087,0,0,0,0,0,0,0,0,0.159232,0,0,0.448446,0,0,0,0,0,0,0,0,Conv
NHP34,0.0814405,0,0,-1.49018,0,0,0,0,0,0,0,0,0.106188,0,0,-1.43014,0,0,0,0,0,0,0,0,0.103076,0,0,-1.41967,0,0,0,0,0,0,0,0,0.185255,0,0,0.196675,0,0,0,0,0,0,0,0,CD40.RBDv - Conv
NHP4,-0.0115541,0,0,0.880568,0,0,0,0,0,0,0,0,-7.81156e-05,0,0,0.790585,0,0,0,0,0,0,0,0,-0.0119997,0,0,0.708086,0,0,0,0,0,0,0,0,0.190831,0,0,0.516046,0,0,0,0,0,0,0,0,CD40.RBDv - Conv
NHP5,-0.0329272,0,0,0.585348,0,0,0,0,0,0,0,0,-0.0407807,0,0,0.602031,0,0,0,0,0,0,0,0,-0.0615365,0,0,0.576896,0,0,0,0,0,0,0,0,0.158218,0,0,0.126765,0,0,0,0,0,0,0,0,Conv
NHP6,0.118044,0,0,-0.506953,0,0,0,0,0,0,0,0,0.12259,0,0,-0.493705,0,0,0,0,0,0,0,0,0.133049,0,0,-0.454647,0,0,0,0,0,0,0,0,0.122964,0,0,0.233464,0,0,0,0,0,0,0,0,Conv
NHP7,-0.0151529,0,0,-0.0821875,0,0,0,0,0,0,0,0,0.0130367,0,0,-0.01021,0,0,0,0,0,0,0,0,0.0019236,0,0,-0.13021,0,0,0,0,0,0,0,0,0.157669,0,0,0.685298,0,0,0,0,0,0,0,0,mRNA - Conv
NHP8,-0.0126393,0,0,0.355937,0,0,0,0,0,0,0,0,-0.0173033,0,0,0.427648,0,0,0,0,0,0,0,0,-0.0108216,0,0,0.38128,0,0,0,0,0,0,0,0,0.172897,0,0,0.801802,0,0,0,0,0,0,0,0,mRNA - Conv
NHP9,-0.0939747,0,0,-0.540279,0,0,0,0,0,0,0,0,-0.0330367,0,0,-0.634704,0,0,0,0,0,0,0,0,-0.0225477,0,0,-0.794814,0,0,0,0,0,0,0,0,0.158226,0,0,0.443648,0,0,0,0,0,0,0,0,CD40.RBDv - Naive
