rep,id,beta_N_pow,fact_beta_T,fact_delta_T,delta_N,c,cI,k,g,mu,P_N,fact_P_T,alpha_VLSG,thresh_Weight,beta_immuno,Group
1,101,-7.74431696920001,0,0,1.45035848424292,3,20,3,0,0.001,4790.12750563699,-2.6256205309428,1.27381583852001,4.5,1.32287849355356e-5,Naive
2,101,-7.39452845962327,0,0,1.09460104597094,3,20,3,0,0.001,4790.12750563699,-2.6256205309428,1.27381583852001,4.5,1.32287849355356e-5,Naive
3,101,-7.62559726821281,0,0,1.46717831040561,3,20,3,0,0.001,4790.12750563699,-2.6256205309428,1.27381583852001,4.5,1.32287849355356e-5,Naive
4,101,-8.01335850729201,0,0,0.92338047854105,3,20,3,0,0.001,4790.12750563699,-2.6256205309428,1.27381583852001,4.5,1.32287849355356e-5,Naive
5,101,-6.89029956891733,0,0,1.25397995829278,3,20,3,0,0.001,4790.12750563699,-2.6256205309428,1.27381583852001,4.5,1.32287849355356e-5,Naive
6,101,-7.4926211567108,0,0,1.10806716547176,3,20,3,0,0.001,4790.12750563699,-2.6256205309428,1.27381583852001,4.5,1.32287849355356e-5,Naive
7,101,-7.81939762905261,0,0,1.30129002952026,3,20,3,0,0.001,4790.12750563699,-2.6256205309428,1.27381583852001,4.5,1.32287849355356e-5,Naive
8,101,-7.93791033490912,0,0,1.25849164583754,3,20,3,0,0.001,4790.12750563699,-2.6256205309428,1.27381583852001,4.5,1.32287849355356e-5,Naive
9,101,-7.75336988973232,0,0,1.1022133179526,3,20,3,0,0.001,4790.12750563699,-2.6256205309428,1.27381583852001,4.5,1.32287849355356e-5,Naive
10,101,-8.07724481156663,0,0,1.14406292106899,3,20,3,0,0.001,4790.12750563699,-2.6256205309428,1.27381583852001,4.5,1.32287849355356e-5,Naive
1,102,-7.04726976074164,0,0,0.746886089807727,3,20,3,0,0.001,4790.12750563699,-2.6256205309428,1.27381583852001,4.5,1.32287849355356e-5,Naive
2,102,-7.75721444367584,0,0,1.01912321898069,3,20,3,0,0.001,4790.12750563699,-2.6256205309428,1.27381583852001,4.5,1.32287849355356e-5,Naive
3,102,-8.00263772897564,0,0,0.843631957584726,3,20,3,0,0.001,4790.12750563699,-2.6256205309428,1.27381583852001,4.5,1.32287849355356e-5,Naive
4,102,-7.43554619878133,0,0,0.834404664529083,3,20,3,0,0.001,4790.12750563699,-2.6256205309428,1.27381583852001,4.5,1.32287849355356e-5,Naive
5,102,-7.71553430968489,0,0,0.878790896165064,3,20,3,0,0.001,4790.12750563699,-2.6256205309428,1.27381583852001,4.5,1.32287849355356e-5,Naive
6,102,-7.58725537866445,0,0,0.766544394413595,3,20,3,0,0.001,4790.12750563699,-2.6256205309428,1.27381583852001,4.5,1.32287849355356e-5,Naive
7,102,-7.61465737460058,0,0,0.646924773841972,3,20,3,0,0.001,4790.12750563699,-2.6256205309428,1.27381583852001,4.5,1.32287849355356e-5,Naive
8,102,-7.40518295482547,0,0,0.702469278148643,3,20,3,0,0.001,4790.12750563699,-2.6256205309428,1.27381583852001,4.5,1.32287849355356e-5,Naive
9,102,-6.89068726922878,0,0,0.606658705781189,3,20,3,0,0.001,4790.12750563699,-2.6256205309428,1.27381583852001,4.5,1.32287849355356e-5,Naive
10,102,-7.83240403724201,0,0,0.883041589910191,3,20,3,0,0.001,4790.12750563699,-2.6256205309428,1.27381583852001,4.5,1.32287849355356e-5,Naive
1,103,-7.4818217130982,0,0,2.06382290458103,3,20,3,0,0.001,4790.12750563699,-2.6256205309428,1.27381583852001,4.5,1.32287849355356e-5,Naive
2,103,-7.8652751331309,0,0,1.76177218048558,3,20,3,0,0.001,4790.12750563699,-2.6256205309428,1.27381583852001,4.5,1.32287849355356e-5,Naive
3,103,-7.30428221796791,0,0,1.53335975578579,3,20,3,0,0.001,4790.12750563699,-2.6256205309428,1.27381583852001,4.5,1.32287849355356e-5,Naive
4,103,-6.98979520957754,0,0,1.97440246868268,3,20,3,0,0.001,4790.12750563699,-2.6256205309428,1.27381583852001,4.5,1.32287849355356e-5,Naive
5,103,-7.5178685686806,0,0,2.05402757728753,3,20,3,0,0.001,4790.12750563699,-2.6256205309428,1.27381583852001,4.5,1.32287849355356e-5,Naive
6,103,-7.63019436776307,0,0,2.12961093272895,3,20,3,0,0.001,4790.12750563699,-2.6256205309428,1.27381583852001,4.5,1.32287849355356e-5,Naive
7,103,-7.5749765442125,0,0,1.75902531254873,3,20,3,0,0.001,4790.12750563699,-2.6256205309428,1.27381583852001,4.5,1.32287849355356e-5,Naive
8,103,-7.51856136629817,0,0,2.00596078324811,3,20,3,0,0.001,4790.12750563699,-2.6256205309428,1.27381583852001,4.5,1.32287849355356e-5,Naive
9,103,-7.50921430425903,0,0,2.29514754879904,3,20,3,0,0.001,4790.12750563699,-2.6256205309428,1.27381583852001,4.5,1.32287849355356e-5,Naive
10,103,-7.34793740562004,0,0,1.69443187085635,3,20,3,0,0.001,4790.12750563699,-2.6256205309428,1.27381583852001,4.5,1.32287849355356e-5,Naive
1,104,-7.51337624912429,0,0,0.610285484459799,3,20,3,0,0.001,4790.12750563699,-2.6256205309428,1.27381583852001,4.5,1.32287849355356e-5,Naive
2,104,-7.10998500253074,0,0,1.04174092905161,3,20,3,0,0.001,4790.12750563699,-2.6256205309428,1.27381583852001,4.5,1.32287849355356e-5,Naive
3,104,-6.88209851886165,0,0,1.20974362907647,3,20,3,0,0.001,4790.12750563699,-2.6256205309428,1.27381583852001,4.5,1.32287849355356e-5,Naive
4,104,-7.0599030713663,0,0,1.14082800628958,3,20,3,0,0.001,4790.12750563699,-2.6256205309428,1.27381583852001,4.5,1.32287849355356e-5,Naive
5,104,-7.42071610643546,0,0,0.714849004829501,3,20,3,0,0.001,4790.12750563699,-2.6256205309428,1.27381583852001,4.5,1.32287849355356e-5,Naive
6,104,-7.43056986350149,0,0,0.793774664591334,3,20,3,0,0.001,4790.12750563699,-2.6256205309428,1.27381583852001,4.5,1.32287849355356e-5,Naive
7,104,-7.16367468879212,0,0,0.794527166351582,3,20,3,0,0.001,4790.12750563699,-2.6256205309428,1.27381583852001,4.5,1.32287849355356e-5,Naive
8,104,-7.42507740091751,0,0,0.801978532805251,3,20,3,0,0.001,4790.12750563699,-2.6256205309428,1.27381583852001,4.5,1.32287849355356e-5,Naive
9,104,-7.12664832811356,0,0,0.900550122390929,3,20,3,0,0.001,4790.12750563699,-2.6256205309428,1.27381583852001,4.5,1.32287849355356e-5,Naive
10,104,-7.33041411730924,0,0,1.03180390791135,3,20,3,0,0.001,4790.12750563699,-2.6256205309428,1.27381583852001,4.5,1.32287849355356e-5,Naive
1,105,-7.63251493032447,0,0,0.84868046899427,3,20,3,0,0.001,4790.12750563699,-2.6256205309428,1.27381583852001,4.5,1.32287849355356e-5,Naive
2,105,-7.16227342001714,0,0,1.31325451331818,3,20,3,0,0.001,4790.12750563699,-2.6256205309428,1.27381583852001,4.5,1.32287849355356e-5,Naive
3,105,-6.90706970202817,0,0,1.43107700262537,3,20,3,0,0.001,4790.12750563699,-2.6256205309428,1.27381583852001,4.5,1.32287849355356e-5,Naive
4,105,-7.4256000965596,0,0,1.15218679690322,3,20,3,0,0.001,4790.12750563699,-2.6256205309428,1.27381583852001,4.5,1.32287849355356e-5,Naive
5,105,-7.28105418594823,0,0,1.07170937778086,3,20,3,0,0.001,4790.12750563699,-2.6256205309428,1.27381583852001,4.5,1.32287849355356e-5,Naive
6,105,-7.15979747659439,0,0,1.40021507450125,3,20,3,0,0.001,4790.12750563699,-2.6256205309428,1.27381583852001,4.5,1.32287849355356e-5,Naive
7,105,-7.45201164077533,0,0,0.793049729477148,3,20,3,0,0.001,4790.12750563699,-2.6256205309428,1.27381583852001,4.5,1.32287849355356e-5,Naive
8,105,-7.21370998878948,0,0,1.01077324597423,3,20,3,0,0.001,4790.12750563699,-2.6256205309428,1.27381583852001,4.5,1.32287849355356e-5,Naive
9,105,-7.06168925486393,0,0,1.28479582655429,3,20,3,0,0.001,4790.12750563699,-2.6256205309428,1.27381583852001,4.5,1.32287849355356e-5,Naive
10,105,-7.54088817384443,0,0,1.30770120539057,3,20,3,0,0.001,4790.12750563699,-2.6256205309428,1.27381583852001,4.5,1.32287849355356e-5,Naive
1,106,-7.26665201298253,0,0,1.21509973354924,3,20,3,0,0.001,4790.12750563699,-2.6256205309428,1.27381583852001,4.5,1.32287849355356e-5,Naive
2,106,-7.33300103649178,0,0,1.27102949080114,3,20,3,0,0.001,4790.12750563699,-2.6256205309428,1.27381583852001,4.5,1.32287849355356e-5,Naive
3,106,-7.33386411710436,0,0,1.23446857551578,3,20,3,0,0.001,4790.12750563699,-2.6256205309428,1.27381583852001,4.5,1.32287849355356e-5,Naive
4,106,-7.22338547884903,0,0,1.13174481162819,3,20,3,0,0.001,4790.12750563699,-2.6256205309428,1.27381583852001,4.5,1.32287849355356e-5,Naive
5,106,-7.53452392781062,0,0,0.954777391147523,3,20,3,0,0.001,4790.12750563699,-2.6256205309428,1.27381583852001,4.5,1.32287849355356e-5,Naive
6,106,-7.22543604037748,0,0,1.32430288379268,3,20,3,0,0.001,4790.12750563699,-2.6256205309428,1.27381583852001,4.5,1.32287849355356e-5,Naive
7,106,-7.65518249673446,0,0,1.1374212041927,3,20,3,0,0.001,4790.12750563699,-2.6256205309428,1.27381583852001,4.5,1.32287849355356e-5,Naive
8,106,-7.44955704880854,0,0,1.40154240264484,3,20,3,0,0.001,4790.12750563699,-2.6256205309428,1.27381583852001,4.5,1.32287849355356e-5,Naive
9,106,-7.30041514032422,0,0,1.37778316815769,3,20,3,0,0.001,4790.12750563699,-2.6256205309428,1.27381583852001,4.5,1.32287849355356e-5,Naive
10,106,-7.37332565437748,0,0,1.13039147603743,3,20,3,0,0.001,4790.12750563699,-2.6256205309428,1.27381583852001,4.5,1.32287849355356e-5,Naive
1,201,-7.23635204415306,0,0,1.18287806983367,3,20,3,0,0.001,4790.12750563699,-2.6256205309428,1.27381583852001,4.5,1.32287849355356e-5,Convalescent
2,201,-7.34764963538808,0,0,0.946436898452923,3,20,3,0,0.001,4790.12750563699,-2.6256205309428,1.27381583852001,4.5,1.32287849355356e-5,Convalescent
3,201,-7.6194249420547,0,0,1.01156879444846,3,20,3,0,0.001,4790.12750563699,-2.6256205309428,1.27381583852001,4.5,1.32287849355356e-5,Convalescent
4,201,-7.34613476489928,0,0,1.17930273220838,3,20,3,0,0.001,4790.12750563699,-2.6256205309428,1.27381583852001,4.5,1.32287849355356e-5,Convalescent
5,201,-7.22661471379011,0,0,1.17012694618016,3,20,3,0,0.001,4790.12750563699,-2.6256205309428,1.27381583852001,4.5,1.32287849355356e-5,Convalescent
6,201,-7.50828859673863,0,0,1.50712722430108,3,20,3,0,0.001,4790.12750563699,-2.6256205309428,1.27381583852001,4.5,1.32287849355356e-5,Convalescent
7,201,-7.36578485513978,0,0,1.60770975273246,3,20,3,0,0.001,4790.12750563699,-2.6256205309428,1.27381583852001,4.5,1.32287849355356e-5,Convalescent
8,201,-7.57879125742605,0,0,1.37991267864637,3,20,3,0,0.001,4790.12750563699,-2.6256205309428,1.27381583852001,4.5,1.32287849355356e-5,Convalescent
9,201,-7.46802337116355,0,0,1.60491592001837,3,20,3,0,0.001,4790.12750563699,-2.6256205309428,1.27381583852001,4.5,1.32287849355356e-5,Convalescent
10,201,-7.52337139099902,0,0,1.51026739905408,3,20,3,0,0.001,4790.12750563699,-2.6256205309428,1.27381583852001,4.5,1.32287849355356e-5,Convalescent
1,202,-7.69814080555247,0,0,2.026135157323,3,20,3,0,0.001,4790.12750563699,-2.6256205309428,1.27381583852001,4.5,1.32287849355356e-5,Convalescent
2,202,-7.97442606388192,0,0,1.74098202470913,3,20,3,0,0.001,4790.12750563699,-2.6256205309428,1.27381583852001,4.5,1.32287849355356e-5,Convalescent
3,202,-7.7227120054197,0,0,3.22735595682093,3,20,3,0,0.001,4790.12750563699,-2.6256205309428,1.27381583852001,4.5,1.32287849355356e-5,Convalescent
4,202,-8.02367160372681,0,0,1.78538664137399,3,20,3,0,0.001,4790.12750563699,-2.6256205309428,1.27381583852001,4.5,1.32287849355356e-5,Convalescent
5,202,-7.30871044940722,0,0,1.70384852110591,3,20,3,0,0.001,4790.12750563699,-2.6256205309428,1.27381583852001,4.5,1.32287849355356e-5,Convalescent
6,202,-7.813544647786,0,0,1.36041293524992,3,20,3,0,0.001,4790.12750563699,-2.6256205309428,1.27381583852001,4.5,1.32287849355356e-5,Convalescent
7,202,-7.93420015115348,0,0,1.71349910944352,3,20,3,0,0.001,4790.12750563699,-2.6256205309428,1.27381583852001,4.5,1.32287849355356e-5,Convalescent
8,202,-7.63370390536833,0,0,3.85443519548166,3,20,3,0,0.001,4790.12750563699,-2.6256205309428,1.27381583852001,4.5,1.32287849355356e-5,Convalescent
9,202,-7.41289683183863,0,0,3.26682535478022,3,20,3,0,0.001,4790.12750563699,-2.6256205309428,1.27381583852001,4.5,1.32287849355356e-5,Convalescent
10,202,-7.48339753175161,0,0,1.66803034031858,3,20,3,0,0.001,4790.12750563699,-2.6256205309428,1.27381583852001,4.5,1.32287849355356e-5,Convalescent
1,203,-7.68078696041592,0,0,1.13338601629043,3,20,3,0,0.001,4790.12750563699,-2.6256205309428,1.27381583852001,4.5,1.32287849355356e-5,Convalescent
2,203,-7.36245801203932,0,0,3.22571713583189,3,20,3,0,0.001,4790.12750563699,-2.6256205309428,1.27381583852001,4.5,1.32287849355356e-5,Convalescent
3,203,-7.38413173003822,0,0,1.22785139112761,3,20,3,0,0.001,4790.12750563699,-2.6256205309428,1.27381583852001,4.5,1.32287849355356e-5,Convalescent
4,203,-7.45832725955279,0,0,1.50405829492311,3,20,3,0,0.001,4790.12750563699,-2.6256205309428,1.27381583852001,4.5,1.32287849355356e-5,Convalescent
5,203,-7.51311438574828,0,0,1.77980975691914,3,20,3,0,0.001,4790.12750563699,-2.6256205309428,1.27381583852001,4.5,1.32287849355356e-5,Convalescent
6,203,-7.72254606674429,0,0,1.35503297652449,3,20,3,0,0.001,4790.12750563699,-2.6256205309428,1.27381583852001,4.5,1.32287849355356e-5,Convalescent
7,203,-7.76398883318879,0,0,1.15872152341224,3,20,3,0,0.001,4790.12750563699,-2.6256205309428,1.27381583852001,4.5,1.32287849355356e-5,Convalescent
8,203,-7.33113506983707,0,0,1.64318079382621,3,20,3,0,0.001,4790.12750563699,-2.6256205309428,1.27381583852001,4.5,1.32287849355356e-5,Convalescent
9,203,-7.535678794539,0,0,1.09352307938693,3,20,3,0,0.001,4790.12750563699,-2.6256205309428,1.27381583852001,4.5,1.32287849355356e-5,Convalescent
10,203,-7.36520110531717,0,0,2.38091874334618,3,20,3,0,0.001,4790.12750563699,-2.6256205309428,1.27381583852001,4.5,1.32287849355356e-5,Convalescent
1,204,-7.63712265452154,0,0,1.11291516529235,3,20,3,0,0.001,4790.12750563699,-2.6256205309428,1.27381583852001,4.5,1.32287849355356e-5,Convalescent
2,204,-7.7765719673806,0,0,1.50684329510726,3,20,3,0,0.001,4790.12750563699,-2.6256205309428,1.27381583852001,4.5,1.32287849355356e-5,Convalescent
3,204,-7.39445868000849,0,0,1.67862544059403,3,20,3,0,0.001,4790.12750563699,-2.6256205309428,1.27381583852001,4.5,1.32287849355356e-5,Convalescent
4,204,-7.3626119211967,0,0,1.96258493707589,3,20,3,0,0.001,4790.12750563699,-2.6256205309428,1.27381583852001,4.5,1.32287849355356e-5,Convalescent
5,204,-7.02241495881975,0,0,1.28133136090197,3,20,3,0,0.001,4790.12750563699,-2.6256205309428,1.27381583852001,4.5,1.32287849355356e-5,Convalescent
6,204,-8.05027336111345,0,0,1.73133315083124,3,20,3,0,0.001,4790.12750563699,-2.6256205309428,1.27381583852001,4.5,1.32287849355356e-5,Convalescent
7,204,-7.73225029371974,0,0,1.46453437820209,3,20,3,0,0.001,4790.12750563699,-2.6256205309428,1.27381583852001,4.5,1.32287849355356e-5,Convalescent
8,204,-7.40463113420377,0,0,1.74089795896157,3,20,3,0,0.001,4790.12750563699,-2.6256205309428,1.27381583852001,4.5,1.32287849355356e-5,Convalescent
9,204,-7.57205194564486,0,0,2.24798703748712,3,20,3,0,0.001,4790.12750563699,-2.6256205309428,1.27381583852001,4.5,1.32287849355356e-5,Convalescent
10,204,-7.46311735106254,0,0,1.58503514000335,3,20,3,0,0.001,4790.12750563699,-2.6256205309428,1.27381583852001,4.5,1.32287849355356e-5,Convalescent
1,205,-8.06775937137647,0,0,1.92650603284071,3,20,3,0,0.001,4790.12750563699,-2.6256205309428,1.27381583852001,4.5,1.32287849355356e-5,Convalescent
2,205,-7.99564339128114,0,0,1.9736877227634,3,20,3,0,0.001,4790.12750563699,-2.6256205309428,1.27381583852001,4.5,1.32287849355356e-5,Convalescent
3,205,-7.84463615572988,0,0,2.05561164078788,3,20,3,0,0.001,4790.12750563699,-2.6256205309428,1.27381583852001,4.5,1.32287849355356e-5,Convalescent
4,205,-7.93119224559209,0,0,2.35624693945878,3,20,3,0,0.001,4790.12750563699,-2.6256205309428,1.27381583852001,4.5,1.32287849355356e-5,Convalescent
5,205,-7.9253599822194,0,0,1.94107568341279,3,20,3,0,0.001,4790.12750563699,-2.6256205309428,1.27381583852001,4.5,1.32287849355356e-5,Convalescent
6,205,-8.25351683011669,0,0,1.62377806483164,3,20,3,0,0.001,4790.12750563699,-2.6256205309428,1.27381583852001,4.5,1.32287849355356e-5,Convalescent
7,205,-7.80996498487381,0,0,2.18583882474531,3,20,3,0,0.001,4790.12750563699,-2.6256205309428,1.27381583852001,4.5,1.32287849355356e-5,Convalescent
8,205,-8.14291113162498,0,0,1.75791509645434,3,20,3,0,0.001,4790.12750563699,-2.6256205309428,1.27381583852001,4.5,1.32287849355356e-5,Convalescent
9,205,-7.8847194990838,0,0,2.02733444627761,3,20,3,0,0.001,4790.12750563699,-2.6256205309428,1.27381583852001,4.5,1.32287849355356e-5,Convalescent
10,205,-7.78302136645793,0,0,1.87280793813304,3,20,3,0,0.001,4790.12750563699,-2.6256205309428,1.27381583852001,4.5,1.32287849355356e-5,Convalescent
1,206,-7.43957294600008,0,0,3.7345803660324,3,20,3,0,0.001,4790.12750563699,-2.6256205309428,1.27381583852001,4.5,1.32287849355356e-5,Convalescent
2,206,-7.05032363808596,0,0,3.95564936873813,3,20,3,0,0.001,4790.12750563699,-2.6256205309428,1.27381583852001,4.5,1.32287849355356e-5,Convalescent
3,206,-7.95629586602324,0,0,3.68052194351429,3,20,3,0,0.001,4790.12750563699,-2.6256205309428,1.27381583852001,4.5,1.32287849355356e-5,Convalescent
4,206,-7.84871263280556,0,0,2.48942139090654,3,20,3,0,0.001,4790.12750563699,-2.6256205309428,1.27381583852001,4.5,1.32287849355356e-5,Convalescent
5,206,-8.058252117799,0,0,2.2043211307917,3,20,3,0,0.001,4790.12750563699,-2.6256205309428,1.27381583852001,4.5,1.32287849355356e-5,Convalescent
6,206,-7.91655265155067,0,0,2.87986709622283,3,20,3,0,0.001,4790.12750563699,-2.6256205309428,1.27381583852001,4.5,1.32287849355356e-5,Convalescent
7,206,-8.05162184943641,0,0,2.42500975482413,3,20,3,0,0.001,4790.12750563699,-2.6256205309428,1.27381583852001,4.5,1.32287849355356e-5,Convalescent
8,206,-7.62948547939215,0,0,2.27593414241174,3,20,3,0,0.001,4790.12750563699,-2.6256205309428,1.27381583852001,4.5,1.32287849355356e-5,Convalescent
9,206,-7.50731685242883,0,0,3.39932158651097,3,20,3,0,0.001,4790.12750563699,-2.6256205309428,1.27381583852001,4.5,1.32287849355356e-5,Convalescent
10,206,-7.73828185649268,0,0,4.06297025811818,3,20,3,0,0.001,4790.12750563699,-2.6256205309428,1.27381583852001,4.5,1.32287849355356e-5,Convalescent
1,301,-7.42719907821268,0,0,1.19737321403701,3,20,3,0,0.001,4790.12750563699,-2.6256205309428,1.27381583852001,4.5,1.32287849355356e-5,Conv-CD40
2,301,-7.64634339381969,0,0,1.69978980120366,3,20,3,0,0.001,4790.12750563699,-2.6256205309428,1.27381583852001,4.5,1.32287849355356e-5,Conv-CD40
3,301,-7.56918021675144,0,0,3.12929875536495,3,20,3,0,0.001,4790.12750563699,-2.6256205309428,1.27381583852001,4.5,1.32287849355356e-5,Conv-CD40
4,301,-7.85776639155738,0,0,1.31088669101774,3,20,3,0,0.001,4790.12750563699,-2.6256205309428,1.27381583852001,4.5,1.32287849355356e-5,Conv-CD40
5,301,-7.45032779621721,0,0,2.73386280805002,3,20,3,0,0.001,4790.12750563699,-2.6256205309428,1.27381583852001,4.5,1.32287849355356e-5,Conv-CD40
6,301,-7.38550363723653,0,0,4.42965697675452,3,20,3,0,0.001,4790.12750563699,-2.6256205309428,1.27381583852001,4.5,1.32287849355356e-5,Conv-CD40
7,301,-7.74244190550047,0,0,1.5983221166823,3,20,3,0,0.001,4790.12750563699,-2.6256205309428,1.27381583852001,4.5,1.32287849355356e-5,Conv-CD40
8,301,-7.38335957245369,0,0,1.22910344342398,3,20,3,0,0.001,4790.12750563699,-2.6256205309428,1.27381583852001,4.5,1.32287849355356e-5,Conv-CD40
9,301,-8.02314798150886,0,0,2.13458422830795,3,20,3,0,0.001,4790.12750563699,-2.6256205309428,1.27381583852001,4.5,1.32287849355356e-5,Conv-CD40
10,301,-7.66793577728142,0,0,2.40979663899499,3,20,3,0,0.001,4790.12750563699,-2.6256205309428,1.27381583852001,4.5,1.32287849355356e-5,Conv-CD40
1,302,-7.86188261424779,0,0,2.72708866536264,3,20,3,0,0.001,4790.12750563699,-2.6256205309428,1.27381583852001,4.5,1.32287849355356e-5,Conv-CD40
2,302,-7.82970149997074,0,0,2.18072149900164,3,20,3,0,0.001,4790.12750563699,-2.6256205309428,1.27381583852001,4.5,1.32287849355356e-5,Conv-CD40
3,302,-7.87689797054931,0,0,1.71517794645921,3,20,3,0,0.001,4790.12750563699,-2.6256205309428,1.27381583852001,4.5,1.32287849355356e-5,Conv-CD40
4,302,-7.38757245776951,0,0,4.65846370665245,3,20,3,0,0.001,4790.12750563699,-2.6256205309428,1.27381583852001,4.5,1.32287849355356e-5,Conv-CD40
5,302,-7.61365307068392,0,0,3.02131768934829,3,20,3,0,0.001,4790.12750563699,-2.6256205309428,1.27381583852001,4.5,1.32287849355356e-5,Conv-CD40
6,302,-7.96114086164484,0,0,2.18800575017059,3,20,3,0,0.001,4790.12750563699,-2.6256205309428,1.27381583852001,4.5,1.32287849355356e-5,Conv-CD40
7,302,-7.62173906177466,0,0,2.44754366593614,3,20,3,0,0.001,4790.12750563699,-2.6256205309428,1.27381583852001,4.5,1.32287849355356e-5,Conv-CD40
8,302,-7.81695566040773,0,0,2.86725804364682,3,20,3,0,0.001,4790.12750563699,-2.6256205309428,1.27381583852001,4.5,1.32287849355356e-5,Conv-CD40
9,302,-7.80546868107311,0,0,2.33803858705842,3,20,3,0,0.001,4790.12750563699,-2.6256205309428,1.27381583852001,4.5,1.32287849355356e-5,Conv-CD40
10,302,-7.31885672837271,0,0,3.41158657068091,3,20,3,0,0.001,4790.12750563699,-2.6256205309428,1.27381583852001,4.5,1.32287849355356e-5,Conv-CD40
1,303,-7.63469663615877,0,0,1.79113174119641,3,20,3,0,0.001,4790.12750563699,-2.6256205309428,1.27381583852001,4.5,1.32287849355356e-5,Conv-CD40
2,303,-7.7833462704484,0,0,2.19679639115276,3,20,3,0,0.001,4790.12750563699,-2.6256205309428,1.27381583852001,4.5,1.32287849355356e-5,Conv-CD40
3,303,-7.29294208602713,0,0,2.38447273142507,3,20,3,0,0.001,4790.12750563699,-2.6256205309428,1.27381583852001,4.5,1.32287849355356e-5,Conv-CD40
4,303,-7.96325272362699,0,0,1.3358398816979,3,20,3,0,0.001,4790.12750563699,-2.6256205309428,1.27381583852001,4.5,1.32287849355356e-5,Conv-CD40
5,303,-7.49739808880304,0,0,1.67760934936738,3,20,3,0,0.001,4790.12750563699,-2.6256205309428,1.27381583852001,4.5,1.32287849355356e-5,Conv-CD40
6,303,-7.48145693862285,0,0,3.19964967580596,3,20,3,0,0.001,4790.12750563699,-2.6256205309428,1.27381583852001,4.5,1.32287849355356e-5,Conv-CD40
7,303,-7.7720010704302,0,0,1.8486571322855,3,20,3,0,0.001,4790.12750563699,-2.6256205309428,1.27381583852001,4.5,1.32287849355356e-5,Conv-CD40
8,303,-7.99281803286703,0,0,1.81889023114748,3,20,3,0,0.001,4790.12750563699,-2.6256205309428,1.27381583852001,4.5,1.32287849355356e-5,Conv-CD40
9,303,-7.76527858281997,0,0,1.95699929325097,3,20,3,0,0.001,4790.12750563699,-2.6256205309428,1.27381583852001,4.5,1.32287849355356e-5,Conv-CD40
10,303,-7.25169188763095,0,0,1.67186602785983,3,20,3,0,0.001,4790.12750563699,-2.6256205309428,1.27381583852001,4.5,1.32287849355356e-5,Conv-CD40
1,304,-7.81157563105976,0,0,0.8715961143905,3,20,3,0,0.001,4790.12750563699,-2.6256205309428,1.27381583852001,4.5,1.32287849355356e-5,Conv-CD40
2,304,-7.6548084524074,0,0,1.04415259882282,3,20,3,0,0.001,4790.12750563699,-2.6256205309428,1.27381583852001,4.5,1.32287849355356e-5,Conv-CD40
3,304,-7.83570932708051,0,0,2.02265136727617,3,20,3,0,0.001,4790.12750563699,-2.6256205309428,1.27381583852001,4.5,1.32287849355356e-5,Conv-CD40
4,304,-7.95840549501448,0,0,0.980529865211041,3,20,3,0,0.001,4790.12750563699,-2.6256205309428,1.27381583852001,4.5,1.32287849355356e-5,Conv-CD40
5,304,-7.69413055994218,0,0,1.63636815514208,3,20,3,0,0.001,4790.12750563699,-2.6256205309428,1.27381583852001,4.5,1.32287849355356e-5,Conv-CD40
6,304,-7.23394656088296,0,0,1.8086960047405,3,20,3,0,0.001,4790.12750563699,-2.6256205309428,1.27381583852001,4.5,1.32287849355356e-5,Conv-CD40
7,304,-7.93498541619924,0,0,0.900895942902663,3,20,3,0,0.001,4790.12750563699,-2.6256205309428,1.27381583852001,4.5,1.32287849355356e-5,Conv-CD40
8,304,-7.65830276543502,0,0,1.37244192939409,3,20,3,0,0.001,4790.12750563699,-2.6256205309428,1.27381583852001,4.5,1.32287849355356e-5,Conv-CD40
9,304,-7.75564803810929,0,0,1.1395519465567,3,20,3,0,0.001,4790.12750563699,-2.6256205309428,1.27381583852001,4.5,1.32287849355356e-5,Conv-CD40
10,304,-7.3445416442673,0,0,1.36594715198849,3,20,3,0,0.001,4790.12750563699,-2.6256205309428,1.27381583852001,4.5,1.32287849355356e-5,Conv-CD40
1,305,-7.42558988415755,0,0,1.92963701697678,3,20,3,0,0.001,4790.12750563699,-2.6256205309428,1.27381583852001,4.5,1.32287849355356e-5,Conv-CD40
2,305,-7.54892921037758,0,0,2.24654048907871,3,20,3,0,0.001,4790.12750563699,-2.6256205309428,1.27381583852001,4.5,1.32287849355356e-5,Conv-CD40
3,305,-7.98818428086808,0,0,1.36597253532297,3,20,3,0,0.001,4790.12750563699,-2.6256205309428,1.27381583852001,4.5,1.32287849355356e-5,Conv-CD40
4,305,-7.21064369452675,0,0,2.58444041374519,3,20,3,0,0.001,4790.12750563699,-2.6256205309428,1.27381583852001,4.5,1.32287849355356e-5,Conv-CD40
5,305,-7.53008413158504,0,0,1.49576196318846,3,20,3,0,0.001,4790.12750563699,-2.6256205309428,1.27381583852001,4.5,1.32287849355356e-5,Conv-CD40
6,305,-7.23334981165299,0,0,2.26879208401692,3,20,3,0,0.001,4790.12750563699,-2.6256205309428,1.27381583852001,4.5,1.32287849355356e-5,Conv-CD40
7,305,-7.82006224695908,0,0,1.45360848799784,3,20,3,0,0.001,4790.12750563699,-2.6256205309428,1.27381583852001,4.5,1.32287849355356e-5,Conv-CD40
8,305,-7.23522035944763,0,0,2.92975483538097,3,20,3,0,0.001,4790.12750563699,-2.6256205309428,1.27381583852001,4.5,1.32287849355356e-5,Conv-CD40
9,305,-7.86476927141215,0,0,1.97124286710119,3,20,3,0,0.001,4790.12750563699,-2.6256205309428,1.27381583852001,4.5,1.32287849355356e-5,Conv-CD40
10,305,-7.34322970901962,0,0,5.00604949011137,3,20,3,0,0.001,4790.12750563699,-2.6256205309428,1.27381583852001,4.5,1.32287849355356e-5,Conv-CD40
1,306,-7.20840236826744,0,0,0.754364837201617,3,20,3,0,0.001,4790.12750563699,-2.6256205309428,1.27381583852001,4.5,1.32287849355356e-5,Conv-CD40
2,306,-7.82360256713457,0,0,1.86804887402968,3,20,3,0,0.001,4790.12750563699,-2.6256205309428,1.27381583852001,4.5,1.32287849355356e-5,Conv-CD40
3,306,-7.96426091202916,0,0,2.48873522669612,3,20,3,0,0.001,4790.12750563699,-2.6256205309428,1.27381583852001,4.5,1.32287849355356e-5,Conv-CD40
4,306,-7.90244366504258,0,0,1.70838892762474,3,20,3,0,0.001,4790.12750563699,-2.6256205309428,1.27381583852001,4.5,1.32287849355356e-5,Conv-CD40
5,306,-7.66131049045853,0,0,1.73055962716351,3,20,3,0,0.001,4790.12750563699,-2.6256205309428,1.27381583852001,4.5,1.32287849355356e-5,Conv-CD40
6,306,-7.67183044683643,0,0,1.37640260798899,3,20,3,0,0.001,4790.12750563699,-2.6256205309428,1.27381583852001,4.5,1.32287849355356e-5,Conv-CD40
7,306,-8.11075716518202,0,0,0.792079806260943,3,20,3,0,0.001,4790.12750563699,-2.6256205309428,1.27381583852001,4.5,1.32287849355356e-5,Conv-CD40
8,306,-7.89642148463734,0,0,1.34070352190057,3,20,3,0,0.001,4790.12750563699,-2.6256205309428,1.27381583852001,4.5,1.32287849355356e-5,Conv-CD40
9,306,-7.32733855068788,0,0,3.77084811314115,3,20,3,0,0.001,4790.12750563699,-2.6256205309428,1.27381583852001,4.5,1.32287849355356e-5,Conv-CD40
10,306,-7.64507483630935,0,0,2.29995732251651,3,20,3,0,0.001,4790.12750563699,-2.6256205309428,1.27381583852001,4.5,1.32287849355356e-5,Conv-CD40
