rep,id,eta_beta_N_pow,eta_fact_beta_T,eta_fact_delta_T,eta_delta_N,eta_c,eta_cI,eta_k,eta_g,eta_mu,eta_P_N,eta_fact_P_T,eta_alpha_VLSG,eta_thresh_Weight,eta_beta_immuno,Group
1,101,-0.182317429365104,0,0,-0.0855002613627302,0,0,0,0,0,0,0,0,0,0,Naive
2,101,0.167471080211637,0,0,-0.366921062450252,0,0,0,0,0,0,0,0,0,0,Naive
3,101,-0.0635977283778995,0,0,-0.0739699783245328,0,0,0,0,0,0,0,0,0,0,Naive
4,101,-0.451358967457094,0,0,-0.537024927731765,0,0,0,0,0,0,0,0,0,0,Naive
5,101,0.67169997091758,0,0,-0.230988557890799,0,0,0,0,0,0,0,0,0,0,Naive
6,101,0.0693783831241095,0,0,-0.354693812606468,0,0,0,0,0,0,0,0,0,0,Naive
7,101,-0.257398089217704,0,0,-0.193954914917784,0,0,0,0,0,0,0,0,0,0,Naive
8,101,-0.375910795074213,0,0,-0.227397120370222,0,0,0,0,0,0,0,0,0,0,Naive
9,101,-0.191370349897413,0,0,-0.359990752293636,0,0,0,0,0,0,0,0,0,0,Naive
10,101,-0.51524527173172,0,0,-0.322725125371604,0,0,0,0,0,0,0,0,0,0,Naive
1,102,0.514729779093269,0,0,-0.749153613445515,0,0,0,0,0,0,0,0,0,0,Naive
2,102,-0.19521490384093,0,0,-0.438368349348263,0,0,0,0,0,0,0,0,0,0,Naive
3,102,-0.440638189140726,0,0,-0.627349966455565,0,0,0,0,0,0,0,0,0,0,Naive
4,102,0.12645334105358,0,0,-0.638347802783005,0,0,0,0,0,0,0,0,0,0,Naive
5,102,-0.153534769849978,0,0,-0.586519315669907,0,0,0,0,0,0,0,0,0,0,Naive
6,102,-0.0252558388295434,0,0,-0.72317368175081,0,0,0,0,0,0,0,0,0,0,Naive
7,102,-0.0526578347656691,0,0,-0.892836278169956,0,0,0,0,0,0,0,0,0,0,Naive
8,102,0.156816585009437,0,0,-0.810464628654413,0,0,0,0,0,0,0,0,0,0,Naive
9,102,0.671312270606128,0,0,-0.957099927755351,0,0,0,0,0,0,0,0,0,0,Naive
10,102,-0.270404497407096,0,0,-0.581693996547485,0,0,0,0,0,0,0,0,0,0,Naive
1,103,0.0801778267367092,0,0,0.267249024142888,0,0,0,0,0,0,0,0,0,0,Naive
2,103,-0.303275593295993,0,0,0.109009205424725,0,0,0,0,0,0,0,0,0,0,Naive
3,103,0.257717321867003,0,0,-0.0298497710384654,0,0,0,0,0,0,0,0,0,0,Naive
4,103,0.572204330257375,0,0,0.222954787322766,0,0,0,0,0,0,0,0,0,0,Naive
5,103,0.0441309711543078,0,0,0.262491519803126,0,0,0,0,0,0,0,0,0,0,Naive
6,103,-0.0681948279281581,0,0,0.298628284595059,0,0,0,0,0,0,0,0,0,0,Naive
7,103,-0.01297700437759,0,0,0.107448838207005,0,0,0,0,0,0,0,0,0,0,Naive
8,103,0.0434381735367437,0,0,0.238812121870732,0,0,0,0,0,0,0,0,0,0,Naive
9,103,0.052785235575877,0,0,0.373486115110459,0,0,0,0,0,0,0,0,0,0,Naive
10,103,0.214062134214867,0,0,0.0700364874603019,0,0,0,0,0,0,0,0,0,0,Naive
1,104,0.0486232907106239,0,0,-0.951139441736046,0,0,0,0,0,0,0,0,0,0,Naive
2,104,0.45201453730417,0,0,-0.416417733882496,0,0,0,0,0,0,0,0,0,0,Naive
3,104,0.679901020973256,0,0,-0.266902557387865,0,0,0,0,0,0,0,0,0,0,Naive
4,104,0.502096468468611,0,0,-0.325556697681763,0,0,0,0,0,0,0,0,0,0,Naive
5,104,0.141283433399447,0,0,-0.79299495839799,0,0,0,0,0,0,0,0,0,0,Naive
6,104,0.131429676333423,0,0,-0.688266673508261,0,0,0,0,0,0,0,0,0,0,Naive
7,104,0.398324851042795,0,0,-0.687319118324615,0,0,0,0,0,0,0,0,0,0,Naive
8,104,0.136922138917398,0,0,-0.677984456300762,0,0,0,0,0,0,0,0,0,0,Naive
9,104,0.435351211721347,0,0,-0.56206047304336,0,0,0,0,0,0,0,0,0,0,Naive
10,104,0.231585422525668,0,0,-0.426002380460096,0,0,0,0,0,0,0,0,0,0,Naive
1,105,-0.070515390489564,0,0,-0.621383542872377,0,0,0,0,0,0,0,0,0,0,Naive
2,105,0.399726119817767,0,0,-0.184802600150362,0,0,0,0,0,0,0,0,0,0,Naive
3,105,0.654929837806738,0,0,-0.0988837082644117,0,0,0,0,0,0,0,0,0,0,Naive
4,105,0.136399443275307,0,0,-0.315649318532753,0,0,0,0,0,0,0,0,0,0,Naive
5,105,0.280945353886681,0,0,-0.38805609467391,0,0,0,0,0,0,0,0,0,0,Naive
6,105,0.402202063240521,0,0,-0.120685168285244,0,0,0,0,0,0,0,0,0,0,Naive
7,105,0.109987899059584,0,0,-0.689180366500793,0,0,0,0,0,0,0,0,0,0,Naive
8,105,0.348289551045434,0,0,-0.446595389739069,0,0,0,0,0,0,0,0,0,0,Naive
9,105,0.500310284970983,0,0,-0.206711201869313,0,0,0,0,0,0,0,0,0,0,Naive
10,105,0.0211113659904751,0,0,-0.189040227057416,0,0,0,0,0,0,0,0,0,0,Naive
1,106,0.29534752685238,0,0,-0.262484859101733,0,0,0,0,0,0,0,0,0,0,Naive
2,106,0.228998503343132,0,0,-0.217483822979696,0,0,0,0,0,0,0,0,0,0,Naive
3,106,0.228135422730548,0,0,-0.246670443504299,0,0,0,0,0,0,0,0,0,0,Naive
4,106,0.338614060985884,0,0,-0.333550494807496,0,0,0,0,0,0,0,0,0,0,Naive
5,106,0.0274756120242883,0,0,-0.503588081699024,0,0,0,0,0,0,0,0,0,0,Naive
6,106,0.336563499457433,0,0,-0.176424822205001,0,0,0,0,0,0,0,0,0,0,Naive
7,106,-0.0931829568995514,0,0,-0.328547419346911,0,0,0,0,0,0,0,0,0,0,Naive
8,106,0.112442491026368,0,0,-0.119737671398932,0,0,0,0,0,0,0,0,0,0,Naive
9,106,0.261584399510694,0,0,-0.136835210111513,0,0,0,0,0,0,0,0,0,0,Naive
10,106,0.188673885457431,0,0,-0.334747006051848,0,0,0,0,0,0,0,0,0,0,Naive
1,201,0.325647495681854,0,0,-0.289360506677423,0,0,0,0,0,0,0,0,0,0,Convalescent
2,201,0.214349904446835,0,0,-0.512361996607528,0,0,0,0,0,0,0,0,0,0,Convalescent
3,201,-0.0574254022197945,0,0,-0.445808630131284,0,0,0,0,0,0,0,0,0,0,Convalescent
4,201,0.215864774935631,0,0,-0.292387658834836,0,0,0,0,0,0,0,0,0,0,Convalescent
5,201,0.3353848260448,0,0,-0.300198773818607,0,0,0,0,0,0,0,0,0,0,Convalescent
6,201,0.0537109430962759,0,0,-0.0471056794398299,0,0,0,0,0,0,0,0,0,0,Convalescent
7,201,0.196214684695129,0,0,0.0174996346811258,0,0,0,0,0,0,0,0,0,0,Convalescent
8,201,-0.0167917175911433,0,0,-0.135290796927276,0,0,0,0,0,0,0,0,0,0,Convalescent
9,201,0.0939761686713571,0,0,0.0157603511772346,0,0,0,0,0,0,0,0,0,0,Convalescent
10,201,0.0386281488358864,0,0,-0.0450242971358193,0,0,0,0,0,0,0,0,0,0,Convalescent
1,202,-0.136141265717556,0,0,0.248819097263367,0,0,0,0,0,0,0,0,0,0,Convalescent
2,202,-0.412426524047013,0,0,0.097138318288399,0,0,0,0,0,0,0,0,0,0,Convalescent
3,202,-0.160712465584786,0,0,0.714352195036781,0,0,0,0,0,0,0,0,0,0,Convalescent
4,202,-0.461672063891903,0,0,0.122323979836561,0,0,0,0,0,0,0,0,0,0,Convalescent
5,202,0.253289090427692,0,0,0.0755785106398793,0,0,0,0,0,0,0,0,0,0,Convalescent
6,202,-0.251545107951089,0,0,-0.149522735228867,0,0,0,0,0,0,0,0,0,0,Convalescent
7,202,-0.372200611318568,0,0,0.0812265248517559,0,0,0,0,0,0,0,0,0,0,Convalescent
8,202,-0.0717043655334171,0,0,0.891913466333469,0,0,0,0,0,0,0,0,0,0,Convalescent
9,202,0.149102707996284,0,0,0.726507656071342,0,0,0,0,0,0,0,0,0,0,Convalescent
10,202,0.0786020080832977,0,0,0.0543324756594162,0,0,0,0,0,0,0,0,0,0,Convalescent
1,203,-0.118787420581011,0,0,-0.332101390915392,0,0,0,0,0,0,0,0,0,0,Convalescent
2,203,0.199541527795593,0,0,0.713844275476367,0,0,0,0,0,0,0,0,0,0,Convalescent
3,203,0.177867809796688,0,0,-0.252045212346403,0,0,0,0,0,0,0,0,0,0,Convalescent
4,203,0.103672280282124,0,0,-0.0491440330523636,0,0,0,0,0,0,0,0,0,0,Convalescent
5,203,0.0488851540866257,0,0,0.119195462705656,0,0,0,0,0,0,0,0,0,0,Convalescent
6,203,-0.160546526909376,0,0,-0.153485226797178,0,0,0,0,0,0,0,0,0,0,Convalescent
7,203,-0.201989293353881,0,0,-0.309993755419717,0,0,0,0,0,0,0,0,0,0,Convalescent
8,203,0.230864469997845,0,0,0.039322854097515,0,0,0,0,0,0,0,0,0,0,Convalescent
9,203,0.026320745295909,0,0,-0.367906350861204,0,0,0,0,0,0,0,0,0,0,Convalescent
10,203,0.196798434517745,0,0,0.410175422059174,0,0,0,0,0,0,0,0,0,0,Convalescent
1,204,-0.0751231146866303,0,0,-0.350328170022817,0,0,0,0,0,0,0,0,0,0,Convalescent
2,204,-0.214572427545692,0,0,-0.0472940881802827,0,0,0,0,0,0,0,0,0,0,Convalescent
3,204,0.167540859826415,0,0,0.0606642506411912,0,0,0,0,0,0,0,0,0,0,Convalescent
4,204,0.199387618638216,0,0,0.216951432025393,0,0,0,0,0,0,0,0,0,0,Convalescent
5,204,0.539584581015165,0,0,-0.209411354670902,0,0,0,0,0,0,0,0,0,0,Convalescent
6,204,-0.488273821278538,0,0,0.0915807014099947,0,0,0,0,0,0,0,0,0,0,Convalescent
7,204,-0.170250753884833,0,0,-0.0757736563797406,0,0,0,0,0,0,0,0,0,0,Convalescent
8,204,0.157368405631135,0,0,0.0970900307265236,0,0,0,0,0,0,0,0,0,0,Convalescent
9,204,-0.0100524058099516,0,0,0.352724148021287,0,0,0,0,0,0,0,0,0,0,Convalescent
10,204,0.098882188772366,0,0,0.00329555968145744,0,0,0,0,0,0,0,0,0,0,Convalescent
1,205,-0.505759831541557,0,0,0.19839699883112,0,0,0,0,0,0,0,0,0,0,Convalescent
2,205,-0.433643851446227,0,0,0.222592715590649,0,0,0,0,0,0,0,0,0,0,Convalescent
3,205,-0.282636615894967,0,0,0.263262421332309,0,0,0,0,0,0,0,0,0,0,Convalescent
4,205,-0.369192705757181,0,0,0.399759055558757,0,0,0,0,0,0,0,0,0,0,Convalescent
5,205,-0.363360442384495,0,0,0.205931277645053,0,0,0,0,0,0,0,0,0,0,Convalescent
6,205,-0.691517290281781,0,0,0.0274445550631377,0,0,0,0,0,0,0,0,0,0,Convalescent
7,205,-0.247965445038896,0,0,0.324688638610353,0,0,0,0,0,0,0,0,0,0,Convalescent
8,205,-0.580911591790065,0,0,0.106817484813339,0,0,0,0,0,0,0,0,0,0,Convalescent
9,205,-0.32271995924889,0,0,0.24941083180532,0,0,0,0,0,0,0,0,0,0,Convalescent
10,205,-0.22102182662302,0,0,0.170127858078733,0,0,0,0,0,0,0,0,0,0,Convalescent
1,206,0.122426593834834,0,0,0.860324442723144,0,0,0,0,0,0,0,0,0,0,Convalescent
2,206,0.511675901748953,0,0,0.917833759305197,0,0,0,0,0,0,0,0,0,0,Convalescent
3,206,-0.39429632618833,0,0,0.845743556849127,0,0,0,0,0,0,0,0,0,0,Convalescent
4,206,-0.286713092970649,0,0,0.454739292592746,0,0,0,0,0,0,0,0,0,0,Convalescent
5,206,-0.496252577964087,0,0,0.333108566551778,0,0,0,0,0,0,0,0,0,0,Convalescent
6,206,-0.354553111715757,0,0,0.600433128187046,0,0,0,0,0,0,0,0,0,0,Convalescent
7,206,-0.489622309601502,0,0,0.428524529238099,0,0,0,0,0,0,0,0,0,0,Convalescent
8,206,-0.0674859395572427,0,0,0.365079562422825,0,0,0,0,0,0,0,0,0,0,Convalescent
9,206,0.0546826874060803,0,0,0.766264860582408,0,0,0,0,0,0,0,0,0,0,Convalescent
10,206,-0.176282316657773,0,0,0.944603279049994,0,0,0,0,0,0,0,0,0,0,Convalescent
1,301,0.134800461622226,0,0,-0.277180848596628,0,0,0,0,0,0,0,0,0,0,Conv-CD40
2,301,-0.0843438539847828,0,0,0.0731935793153972,0,0,0,0,0,0,0,0,0,0,Conv-CD40
3,301,-0.0071806769165268,0,0,0.68349792188074,0,0,0,0,0,0,0,0,0,0,Conv-CD40
4,301,-0.295766851722473,0,0,-0.186607246134465,0,0,0,0,0,0,0,0,0,0,Conv-CD40
5,301,0.111671743617703,0,0,0.548404539353743,0,0,0,0,0,0,0,0,0,0,Conv-CD40
6,301,0.176495902598379,0,0,1.03101113142404,0,0,0,0,0,0,0,0,0,0,Conv-CD40
7,301,-0.18044236566556,0,0,0.011643384174501,0,0,0,0,0,0,0,0,0,0,Conv-CD40
8,301,0.178639967381218,0,0,-0.251026021934643,0,0,0,0,0,0,0,0,0,0,Conv-CD40
9,301,-0.46114844167395,0,0,0.300960869125613,0,0,0,0,0,0,0,0,0,0,Conv-CD40
10,301,-0.105936237446509,0,0,0.422231344031285,0,0,0,0,0,0,0,0,0,0,Conv-CD40
1,302,-0.299883074412876,0,0,0.545923599468097,0,0,0,0,0,0,0,0,0,0,Conv-CD40
2,302,-0.267701960135832,0,0,0.322344767138517,0,0,0,0,0,0,0,0,0,0,Conv-CD40
3,302,-0.314898430714402,0,0,0.0822058163525205,0,0,0,0,0,0,0,0,0,0,Conv-CD40
4,302,0.174427082065404,0,0,1.08137469934708,0,0,0,0,0,0,0,0,0,0,Conv-CD40
5,302,-0.0516535308490074,0,0,0.648382039451567,0,0,0,0,0,0,0,0,0,0,Conv-CD40
6,302,-0.399141321809927,0,0,0.325679494853851,0,0,0,0,0,0,0,0,0,0,Conv-CD40
7,302,-0.0597395219397528,0,0,0.437773918548448,0,0,0,0,0,0,0,0,0,0,Conv-CD40
8,302,-0.254956120572818,0,0,0.596045169859865,0,0,0,0,0,0,0,0,0,0,Conv-CD40
9,302,-0.243469141238197,0,0,0.392001349464683,0,0,0,0,0,0,0,0,0,0,Conv-CD40
10,302,0.243142811462202,0,0,0.769866435334157,0,0,0,0,0,0,0,0,0,0,Conv-CD40
1,303,-0.0726970963238595,0,0,0.12553665996248,0,0,0,0,0,0,0,0,0,0,Conv-CD40
2,303,-0.221346730613491,0,0,0.329689095504474,0,0,0,0,0,0,0,0,0,0,Conv-CD40
3,303,0.269057453807782,0,0,0.411667005177421,0,0,0,0,0,0,0,0,0,0,Conv-CD40
4,303,-0.401253183792078,0,0,-0.167750798847679,0,0,0,0,0,0,0,0,0,0,Conv-CD40
5,303,0.0646014510318718,0,0,0.0600587559000453,0,0,0,0,0,0,0,0,0,0,Conv-CD40
6,303,0.0805426012120604,0,0,0.705730309750929,0,0,0,0,0,0,0,0,0,0,Conv-CD40
7,303,-0.210001530595286,0,0,0.157148483324407,0,0,0,0,0,0,0,0,0,0,Conv-CD40
8,303,-0.430818493032121,0,0,0.140915534250649,0,0,0,0,0,0,0,0,0,0,Conv-CD40
9,303,-0.203279042985063,0,0,0.214101309523724,0,0,0,0,0,0,0,0,0,0,Conv-CD40
10,303,0.31030765220396,0,0,0.0566293668229425,0,0,0,0,0,0,0,0,0,0,Conv-CD40
1,304,-0.24957609122485,0,0,-0.594740151691917,0,0,0,0,0,0,0,0,0,0,Conv-CD40
2,304,-0.0928089125724928,0,0,-0.414105371517312,0,0,0,0,0,0,0,0,0,0,Conv-CD40
3,304,-0.273709787245596,0,0,0.247098191068171,0,0,0,0,0,0,0,0,0,0,Conv-CD40
4,304,-0.39640595517957,0,0,-0.476973192396001,0,0,0,0,0,0,0,0,0,0,Conv-CD40
5,304,-0.13213102010727,0,0,0.0351682288185499,0,0,0,0,0,0,0,0,0,0,Conv-CD40
6,304,0.328052978951952,0,0,0.135295128515543,0,0,0,0,0,0,0,0,0,0,Conv-CD40
7,304,-0.372985876364331,0,0,-0.561676536468577,0,0,0,0,0,0,0,0,0,0,Conv-CD40
8,304,-0.0963032256001113,0,0,-0.140719434340075,0,0,0,0,0,0,0,0,0,0,Conv-CD40
9,304,-0.193648498274377,0,0,-0.326675861937246,0,0,0,0,0,0,0,0,0,0,Conv-CD40
10,304,0.217457895567614,0,0,-0.145462945499934,0,0,0,0,0,0,0,0,0,0,Conv-CD40
1,305,0.136409655677361,0,0,0.200020893372201,0,0,0,0,0,0,0,0,0,0,Conv-CD40
2,305,0.0130703294573341,0,0,0.35208045479667,0,0,0,0,0,0,0,0,0,0,Conv-CD40
3,305,-0.426184741033174,0,0,-0.145444362717581,0,0,0,0,0,0,0,0,0,0,Conv-CD40
4,305,0.351355845308161,0,0,0.492197992402052,0,0,0,0,0,0,0,0,0,0,Conv-CD40
5,305,0.0319154082498743,0,0,-0.0546752663748133,0,0,0,0,0,0,0,0,0,0,Conv-CD40
6,305,0.328649728181918,0,0,0.361936550536784,0,0,0,0,0,0,0,0,0,0,Conv-CD40
7,305,-0.258062707124166,0,0,-0.0832619403743143,0,0,0,0,0,0,0,0,0,0,Conv-CD40
8,305,0.326779180387284,0,0,0.617607727845562,0,0,0,0,0,0,0,0,0,0,Conv-CD40
9,305,-0.302769731577238,0,0,0.22135322307258,0,0,0,0,0,0,0,0,0,0,Conv-CD40
10,305,0.218769830815289,0,0,1.15333606136845,0,0,0,0,0,0,0,0,0,0,Conv-CD40
1,306,0.353597171567473,0,0,-0.739190176784507,0,0,0,0,0,0,0,0,0,0,Conv-CD40
2,306,-0.261603027299663,0,0,0.16758348554069,0,0,0,0,0,0,0,0,0,0,Conv-CD40
3,306,-0.402261372194245,0,0,0.4544636225938,0,0,0,0,0,0,0,0,0,0,Conv-CD40
4,306,-0.340444125207665,0,0,0.0782397610755503,0,0,0,0,0,0,0,0,0,0,Conv-CD40
5,306,-0.0993109506236224,0,0,0.0911338223584466,0,0,0,0,0,0,0,0,0,0,Conv-CD40
6,306,-0.109830907001519,0,0,-0.137837728021731,0,0,0,0,0,0,0,0,0,0,Conv-CD40
7,306,-0.548757625347108,0,0,-0.69040414451437,0,0,0,0,0,0,0,0,0,0,Conv-CD40
8,306,-0.334421944802429,0,0,-0.164116525217476,0,0,0,0,0,0,0,0,0,0,Conv-CD40
9,306,0.234660989147029,0,0,0.869988922106152,0,0,0,0,0,0,0,0,0,0,Conv-CD40
10,306,-0.0830752964744423,0,0,0.375579549584197,0,0,0,0,0,0,0,0,0,0,Conv-CD40
