id,time,y3,Weight,popPred_medianCOV,popPred,indivPred_SAEM,indivPred_mean,indivPred_mode,indWRes_SAEM,indWRes_mean,indWRes_mode
101,0,2.67761,5.00633,-5,-5,-5,-5,-5,6.38742,6.38742,6.38742
101,1,8.77434,5.00633,5.32691,5.32691,6.81548,6.80618,6.67429,1.62968,1.63742,1.74714
101,2,6.5144,5.00633,5.02828,5.02828,6.64191,6.63552,6.47316,-0.106081,-0.100762,0.0343087
101,3,6.38684,5.00633,4.55265,4.55265,6.37974,6.37613,6.17789,0.00590651,0.0089089,0.173833
101,4,5.35364,5.00633,4.04221,4.04221,6.10562,6.10514,5.87463,-0.625611,-0.625218,-0.433442
101,6,5.9113,5.00633,3.00648,3.00648,5.544,5.55031,5.2625,0.305574,0.300321,0.539766
101,9,3.86635,5.00633,1.45045,1.45045,4.69103,4.7078,4.34029,-0.686097,-0.700054,-0.3943
101,14,2.9995,5.00633,-1.14301,-1.14301,3.26509,3.29934,2.80183,-0.220965,-0.249455,0.164446
101,20,2.67761,5.00633,-4.25516,-4.25516,1.55346,1.60865,0.955542,0.935239,0.889319,1.43268
102,0,2.67761,3.70972,-5,-5,-5,-5,-5,6.38742,6.38742,6.38742
102,1,9.29936,3.70972,5.60325,5.60325,7.07544,7.05744,7.02018,1.85019,1.86517,1.89617
102,2,8.29755,3.70972,5.30773,5.30773,6.96788,6.94611,6.89674,1.10622,1.12434,1.16541
102,3,7.92152,3.70972,4.83849,4.83849,6.77093,6.74609,6.68574,0.957241,0.977907,1.02812
102,4,5.97264,3.70972,4.33651,4.33651,6.55371,6.52732,6.45891,-0.483424,-0.461466,-0.404549
102,6,5.43196,3.70972,3.31959,3.31959,6.08929,6.06252,5.98345,-0.546872,-0.524599,-0.458817
102,9,7.35313,3.70972,1.79234,1.79234,5.36417,5.33946,5.25003,1.65473,1.67529,1.74968
102,14,2.67761,3.70972,-0.753131,-0.753131,4.14054,4.12062,4.01717,-1.21709,-1.20052,-1.11446
102,20,3.03231,3.70972,-3.80759,-3.80759,2.66966,2.65571,2.53602,0.30171,0.313317,0.412892
103,0,2.67761,5.15609,-5,-5,-5,-5,-5,6.38742,6.38742,6.38742
103,1,7.06045,5.15609,5.32691,5.32691,5.61257,5.61298,5.59539,1.20457,1.20423,1.21887
103,2,4.40826,5.15609,5.02828,5.02828,5.29646,5.2991,5.28625,-0.738946,-0.741142,-0.730455
103,3,4.66562,5.15609,4.55265,4.55265,4.8057,4.81107,4.80351,-0.116541,-0.121008,-0.114714
103,4,2.69658,5.15609,4.04221,4.04221,4.28257,4.29089,4.28872,-1.31947,-1.3264,-1.3246
103,6,3.47487,5.15609,3.00648,3.00648,3.22422,3.23858,3.2472,0.20853,0.196578,0.189407
103,9,2.67761,5.15609,1.45045,1.45045,1.63519,1.65864,1.6834,0.867245,0.847732,0.827133
103,14,2.67761,5.15609,-1.14301,-1.14301,-1.01321,-0.97461,-0.922951,3.07059,3.03848,2.9955
103,20,2.67761,5.15609,-4.25516,-4.25516,-4.19128,-4.13454,-4.05052,5.7146,5.66739,5.59749
104,0,2.67761,3.50043,-5,-5,-5,-5,-5,6.38742,6.38742,6.38742
104,1,6.50412,3.50043,5.60325,5.60325,6.20994,6.23859,6.23807,0.244739,0.220903,0.221336
104,2,7.56065,3.50043,5.30773,5.30773,5.96345,5.99495,5.99243,1.3288,1.30259,1.30469
104,3,3.69978,3.50043,4.83849,4.83849,5.57567,5.61211,5.60726,-1.56066,-1.59097,-1.58694
104,4,5.19065,3.50043,4.33651,4.33651,5.17062,5.21277,5.20551,0.0166618,-0.0184078,-0.0123667
104,6,3.90787,3.50043,3.31959,3.31959,4.35729,4.41117,4.39907,-0.373893,-0.418723,-0.408659
104,9,3.6183,3.50043,1.79234,1.79234,3.13714,3.20863,3.18929,0.400301,0.340823,0.356918
104,14,2.67761,3.50043,-0.753131,-0.753131,1.10355,1.20439,1.17295,1.30954,1.22565,1.2518
104,20,2.67761,3.50043,-3.80759,-3.80759,-1.33674,-1.2007,-1.24663,3.33975,3.22657,3.26478
105,0,2.67761,3.66441,-5,-5,-5,-5,-5,6.38742,6.38742,6.38742
105,1,7.26764,3.66441,5.60325,5.60325,5.65538,5.6665,5.64858,1.34133,1.33208,1.34698
105,2,3.45785,3.66441,5.30773,5.30773,5.3594,5.36976,5.3529,-1.582,-1.59062,-1.5766
105,3,4.89207,3.66441,4.83849,4.83849,4.89076,4.90044,4.88447,0.00108972,-0.00696473,0.00632084
105,4,4.72472,3.66441,4.33651,4.33651,4.39009,4.39919,4.38394,0.278397,0.270831,0.283515
105,6,3.60152,3.66441,3.31959,3.31959,3.37647,3.38449,3.37051,0.187236,0.180562,0.192188
105,9,2.96487,3.66441,1.79234,1.79234,1.85433,1.86078,1.84865,0.923918,0.918553,0.92864
105,14,2.67761,3.66441,-0.753131,-0.753131,-0.682591,-0.678767,-0.687808,2.79553,2.79235,2.79987
105,20,2.67761,3.66441,-3.80759,-3.80759,-3.72685,-3.72617,-3.73151,5.32821,5.32765,5.33209
106,0,2.67761,3.39563,-5,-5,-5,-5,-5,6.38742,6.38742,6.38742
106,1,7.08281,3.39563,5.60325,5.60325,6.36794,6.39604,6.39206,0.594734,0.571357,0.574669
106,2,6.40295,3.39563,5.30773,5.30773,6.12888,6.16092,6.15244,0.228014,0.201356,0.20841
106,3,4.27734,3.39563,4.83849,4.83849,5.75967,5.7981,5.78433,-1.23323,-1.2652,-1.25374
106,4,4.3101,3.39563,4.33651,4.33651,5.3772,5.42273,5.4035,-0.887786,-0.925662,-0.909659
106,6,5.88177,3.39563,3.31959,3.31959,4.6104,4.67027,4.6401,1.05772,1.00791,1.03302
106,9,4.10988,3.39563,1.79234,1.79234,3.46004,3.54137,3.49481,0.54064,0.47297,0.511713
106,14,2.67761,3.39563,-0.753131,-0.753131,1.54271,1.65982,1.58593,0.944183,0.846753,0.908227
106,20,2.67761,3.39563,-3.80759,-3.80759,-0.758072,-0.598042,-0.704714,2.85833,2.72519,2.81394
201,0,2.67761,4.29105,-5,-5,-5,-5,-5,6.38742,6.38742,6.38742
201,1,5.71012,4.29105,5.60325,5.47125,5.59638,5.63332,5.61517,0.0946239,0.0638926,0.0789894
201,2,5.96937,4.29105,5.30773,4.98181,5.13307,5.16205,5.14716,0.695762,0.671656,0.68404
201,3,4.27365,4.29105,4.83849,4.27091,4.45813,4.4793,4.46744,-0.153478,-0.171089,-0.161224
201,4,2.67761,4.29105,4.33651,3.49974,3.73053,3.74453,3.73529,-0.875982,-0.887627,-0.879941
201,6,2.67761,4.29105,3.31959,1.91843,2.24633,2.24733,2.24258,0.358802,0.357967,0.361924
201,9,2.67761,4.29105,1.79234,-0.462863,0.0147609,-0.00295612,-0.00138267,2.21537,2.23011,2.2288
201,14,2.67761,4.29105,-0.753131,-4.43172,-3.70444,-3.75329,-3.74119,5.30957,5.35021,5.34014
201,20,2.67761,4.29105,-3.80759,-5,-5,-5,-5,6.38742,6.38742,6.38742
202,0,2.67761,3.50765,-5,-5,-5,-5,-5,6.38742,6.38742,6.38742
202,1,3.75428,3.50765,5.60325,5.47125,4.89233,4.84407,4.88738,-0.946809,-0.906658,-0.942688
202,2,3.74809,3.50765,5.30773,4.98181,4.38145,4.34202,4.38034,-0.526926,-0.494125,-0.526005
202,3,4.44246,3.50765,4.83849,4.27091,3.63238,3.60331,3.63594,0.673943,0.69813,0.670988
202,4,2.90268,3.50765,4.33651,3.49974,2.80624,2.78862,2.81512,0.0802319,0.0948901,0.072851
202,6,2.67761,3.50765,3.31959,1.91843,1.08239,1.08937,1.1031,1.32715,1.32134,1.30992
202,9,2.67761,3.50765,1.79234,-0.462863,-1.53844,-1.49351,-1.49901,3.50756,3.47018,3.47475
202,14,2.67761,3.50765,-0.753131,-4.43172,-5,-5,-5,6.38742,6.38742,6.38742
202,20,2.67761,3.50765,-3.80759,-5,-5,-5,-5,6.38742,6.38742,6.38742
203,0,2.67761,3.0958,-5,-5,-5,-5,-5,6.38742,6.38742,6.38742
203,1,5.01915,3.0958,5.60325,5.47125,5.12687,5.10948,5.1358,-0.0896161,-0.0751488,-0.097043
203,2,4.2304,3.0958,5.30773,4.98181,4.62563,4.61337,4.63748,-0.328818,-0.318615,-0.33867
203,3,4.37239,3.0958,4.83849,4.27091,3.89165,3.88534,3.9072,0.399956,0.40521,0.387021
203,4,2.91145,3.0958,4.33651,3.49974,3.08619,3.08637,3.10612,-0.145383,-0.145526,-0.161963
203,6,2.67761,3.0958,3.31959,1.91843,1.4158,1.4296,1.44567,1.04977,1.03828,1.02492
203,9,2.67761,3.0958,1.79234,-0.462863,-1.11338,-1.07891,-1.06776,3.15392,3.12525,3.11597
203,14,2.67761,3.0958,-0.753131,-4.43172,-5,-5,-5,6.38742,6.38742,6.38742
203,20,2.67761,3.0958,-3.80759,-5,-5,-5,-5,6.38742,6.38742,6.38742
204,0,2.67761,3.2607,-5,-5,-5,-5,-5,6.38742,6.38742,6.38742
204,1,5.98207,3.2607,5.60325,5.47125,5.0844,5.07757,5.09027,0.746821,0.752504,0.74194
204,2,3.03215,3.2607,5.30773,4.98181,4.58626,4.58517,4.59696,-1.29295,-1.29204,-1.30185
204,3,4.79571,3.2607,4.83849,4.27091,3.85535,3.86117,3.87204,0.782338,0.777494,0.768451
204,4,4.26972,3.2607,4.33651,3.49974,3.05267,3.0663,3.07632,1.01252,1.00118,0.99285
204,6,2.67761,3.2607,3.31959,1.91843,1.38691,1.41753,1.42607,1.0738,1.04832,1.04122
204,9,2.67761,3.2607,1.79234,-0.462863,-1.13643,-1.07946,-1.07287,3.1731,3.12571,3.12022
204,14,2.67761,3.2607,-0.753131,-4.43172,-5,-5,-5,6.38742,6.38742,6.38742
204,20,2.67761,3.2607,-3.80759,-5,-5,-5,-5,6.38742,6.38742,6.38742
205,0,2.67761,3.68253,-5,-5,-5,-5,-5,6.38742,6.38742,6.38742
205,1,5.17297,3.68253,5.60325,5.47125,5.03936,5.07251,5.06773,0.111161,0.0835846,0.0875614
205,2,3.65692,3.68253,5.30773,4.98181,4.55927,4.58811,4.58445,-0.750714,-0.774708,-0.771666
205,3,2.67761,3.68253,4.83849,4.27091,3.84988,3.87387,3.87153,-0.975276,-0.995235,-0.993286
205,4,5.15298,3.68253,4.33651,3.49974,3.07125,3.09012,3.08922,1.7319,1.7162,1.71695
205,6,2.67761,3.68253,3.31959,1.91843,1.45722,1.4657,1.46784,1.01531,1.00825,1.00647
205,9,2.67761,3.68253,1.79234,-0.462863,-0.986491,-0.99343,-0.986673,3.04836,3.05413,3.04851
205,14,2.67761,3.68253,-0.753131,-4.43172,-5,-5,-5,6.38742,6.38742,6.38742
205,20,2.67761,3.68253,-3.80759,-5,-5,-5,-5,6.38742,6.38742,6.38742
206,0,2.67761,5.95447,-5,-5,-5,-5,-5,6.38742,6.38742,6.38742
206,1,6.93289,5.95447,5.32691,5.1949,4.51901,4.57865,4.53872,2.00824,1.95862,1.99184
206,2,4.51516,5.95447,5.02828,4.70198,3.99765,4.05689,4.0187,0.43055,0.381263,0.413037
206,3,2.90499,5.95447,4.55265,3.98262,3.23373,3.29292,3.25656,-0.273498,-0.32274,-0.292487
206,4,2.67761,5.95447,4.04221,3.19809,2.38819,2.44779,2.41323,0.240779,0.191197,0.219953
206,6,2.67761,5.95447,3.00648,1.58166,0.61492,0.676657,0.64539,1.71606,1.6647,1.69071
206,9,2.67761,5.95447,1.45045,-0.857427,-2.09207,-2.0253,-2.05224,3.96815,3.9126,3.93502
206,14,2.67761,5.95447,-1.14301,-4.92282,-5,-5,-5,6.38742,6.38742,6.38742
206,20,2.67761,5.95447,-4.25516,-5,-5,-5,-5,6.38742,6.38742,6.38742
301,0,2.67761,4.55825,-5,-5,-5,-5,-5,6.38742,6.38742,6.38742
301,1,3.88199,4.55825,5.32691,4.62478,4.32707,4.32508,4.31121,-0.370286,-0.368629,-0.357096
301,2,4.15844,4.55825,5.02828,3.70824,3.40713,3.40711,3.39128,0.625052,0.625066,0.638241
301,3,2.67761,4.55825,4.55265,2.61883,2.31116,2.31174,2.2951,0.30487,0.304388,0.318229
301,4,2.67761,4.55825,4.04221,1.47241,1.15506,1.15592,1.13867,1.26668,1.26597,1.28033
301,6,2.67761,4.55825,3.00648,-0.88782,-1.2327,-1.23156,-1.25013,3.2532,3.25225,3.26769
301,9,2.67761,4.55825,1.45045,-4.48776,-4.88932,-4.8879,-4.90916,6.29534,6.29415,6.31184
301,14,2.67761,4.55825,-1.14301,-5,-5,-5,-5,6.38742,6.38742,6.38742
301,20,2.67761,4.55825,-4.25516,-5,-5,-5,-5,6.38742,6.38742,6.38742
302,0,2.67761,3.59307,-5,-5,-5,-5,-5,6.38742,6.38742,6.38742
302,1,4.72186,3.59307,5.60325,4.90105,4.07957,4.1141,4.0911,0.534351,0.505625,0.524765
302,2,2.67761,3.59307,5.30773,3.9869,3.15505,3.19197,3.16769,-0.397211,-0.427929,-0.407724
302,3,2.79956,3.59307,4.83849,2.90226,2.05427,2.09213,2.06732,0.620043,0.588544,0.60919
302,4,2.67761,3.59307,4.33651,1.76279,0.891778,0.930333,0.905098,1.48573,1.45365,1.47465
302,6,2.67761,3.59307,3.31959,-0.578302,-1.5141,-1.47411,-1.50026,3.48731,3.45404,3.47579
302,9,2.67761,3.59307,1.79234,-4.14107,-5,-5,-5,6.38742,6.38742,6.38742
302,14,2.67761,3.59307,-0.753131,-5,-5,-5,-5,6.38742,6.38742,6.38742
302,20,2.67761,3.59307,-3.80759,-5,-5,-5,-5,6.38742,6.38742,6.38742
303,0,2.67761,3.92373,-5,-5,-5,-5,-5,6.38742,6.38742,6.38742
303,1,6.2682,3.92373,5.60325,4.90105,4.54959,4.57544,4.5611,1.42981,1.4083,1.42023
303,2,4.68282,3.92373,5.30773,3.9869,3.63106,3.65743,3.64218,0.875015,0.853072,0.865763
303,3,3.98164,3.92373,4.83849,2.90226,2.53674,2.5637,2.54792,1.2021,1.17967,1.19279
303,4,2.67761,3.92373,4.33651,1.76279,1.3829,1.41065,1.39432,1.07713,1.05405,1.06763
303,6,2.67761,3.92373,3.31959,-0.578302,-0.998485,-0.968554,-0.98625,3.05834,3.03344,3.04816
303,9,2.67761,3.92373,1.79234,-4.14107,-4.64175,-4.60692,-4.62766,6.08937,6.06039,6.07764
303,14,2.67761,3.92373,-0.753131,-5,-5,-5,-5,6.38742,6.38742,6.38742
303,20,2.67761,3.92373,-3.80759,-5,-5,-5,-5,6.38742,6.38742,6.38742
304,0,2.67761,3.04282,-5,-5,-5,-5,-5,6.38742,6.38742,6.38742
304,1,2.67761,3.04282,5.60325,4.90105,5.0097,4.92018,4.99553,-1.94019,-1.86572,-1.92841
304,2,4.77962,3.04282,5.30773,3.9869,4.09975,4.00818,4.0855,0.565624,0.641804,0.577473
304,3,5.14114,3.04282,4.83849,2.90226,3.02055,2.92489,3.0057,1.76423,1.84381,1.77659
304,4,2.67761,3.04282,4.33651,1.76279,1.88843,1.78689,1.87263,0.656559,0.741038,0.669708
304,6,2.67761,3.04282,3.31959,-0.578302,-0.433215,-0.550559,-0.451599,2.58806,2.68569,2.60335
304,9,2.67761,3.04282,1.79234,-4.14107,-3.95966,-4.10638,-3.98287,5.5219,5.64396,5.54121
304,14,2.67761,3.04282,-0.753131,-5,-5,-5,-5,6.38742,6.38742,6.38742
304,20,2.67761,3.04282,-3.80759,-5,-5,-5,-5,6.38742,6.38742,6.38742
305,0,2.67761,3.84913,-5,-5,-5,-5,-5,6.38742,6.38742,6.38742
305,1,6.05993,3.84913,5.60325,4.90105,4.41597,4.43367,4.42779,1.3677,1.35297,1.35786
305,2,2.67761,3.84913,5.30773,3.9869,3.49646,3.51244,3.50745,-0.681245,-0.694541,-0.690395
305,3,2.67761,3.84913,4.83849,2.90226,2.4,2.41566,2.41088,0.230954,0.21793,0.221903
305,4,2.67761,3.84913,4.33651,1.76279,1.24295,1.25869,1.25394,1.19357,1.18047,1.18443
305,6,2.67761,3.84913,3.31959,-0.578302,-1.14779,-1.13134,-1.13627,3.18255,3.16887,3.17297
305,9,2.67761,3.84913,1.79234,-4.14107,-4.81088,-4.79277,-4.79806,6.23008,6.21501,6.21941
305,14,2.67761,3.84913,-0.753131,-5,-5,-5,-5,6.38742,6.38742,6.38742
305,20,2.67761,3.84913,-3.80759,-5,-5,-5,-5,6.38742,6.38742,6.38742
306,0,2.67761,4.90005,-5,-5,-5,-5,-5,6.38742,6.38742,6.38742
306,1,2.67761,4.90005,5.32691,4.62478,4.08165,4.14163,4.09669,-1.1681,-1.218,-1.18061
306,2,2.76924,4.90005,5.02828,3.70824,3.15968,3.21845,3.17539,-0.32483,-0.373725,-0.337905
306,3,2.67761,4.90005,4.55265,2.61883,2.0606,2.11948,2.07664,0.513325,0.464339,0.499977
306,4,2.67761,4.90005,4.04221,1.47241,0.900024,0.959538,0.916368,1.47887,1.42935,1.46527
306,6,2.67761,4.90005,3.00648,-0.88782,-1.5007,-1.43891,-1.48364,3.47616,3.42476,3.46196
306,9,2.67761,4.90005,1.45045,-4.48776,-5,-5,-5,6.38742,6.38742,6.38742
306,14,2.67761,4.90005,-1.14301,-5,-5,-5,-5,6.38742,6.38742,6.38742
306,20,2.67761,4.90005,-4.25516,-5,-5,-5,-5,6.38742,6.38742,6.38742