time,id,TT_SAEM,I1T_SAEM,I2T_SAEM,VIT_SAEM,VNIT_SAEM,ViniT_SAEM,TN_SAEM,I1N_SAEM,I2N_SAEM,VIN_SAEM,VNIN_SAEM,ViniN_SAEM,Marker_SAEM,TT_mean,I1T_mean,I2T_mean,VIT_mean,VNIT_mean,ViniT_mean,TN_mean,I1N_mean,I2N_mean,VIN_mean,VNIN_mean,ViniN_mean,Marker_mean,TT_mode,I1T_mode,I2T_mode,VIT_mode,VNIT_mode,ViniT_mode,TN_mode,I1N_mode,I2N_mode,VIN_mode,VNIN_mode,ViniN_mode,Marker_mode
0,101,7500,0,0,0,0,6.555e+9,22727.3,0,0,0,0,3.97273e+8,154557,7500,0,0,0,0,6.555e+9,22727.3,0,0,0,0,3.97273e+8,154557,7500,0,0,0,0,6.555e+9,22727.3,0,0,0,0,3.97273e+8,154557
1,101,3.38286,382.138,1992.53,543.769,543238,13.5112,12656.8,1162.99,2944.31,7790.48,8.45807e+6,0.818594,237367,2.6309,381.823,1979.29,518.676,518167,13.5124,12444.3,1172.69,2987.22,7621.9,8.28725e+6,0.818661,237367,4.05317,382.373,1950.25,513.359,512860,13.5111,12930,1104.34,2807.39,7217.19,7.83553e+6,0.818587,237367
2,101,3.35512,19.0322,410.053,176.531,176361,2.68076e-8,10954.3,513.617,1394.62,4415.86,4.90033e+6,1.62371e-9,320177,2.6097,19.015,404.442,167.451,167289,2.67874e-8,10765.2,506.048,1387.37,4249.55,4.72602e+6,1.62247e-9,320177,4.02274,19.0445,391.228,163.577,163422,2.68056e-8,11369.1,470.738,1278.52,3945.11,4.38765e+6,1.62359e-9,320177
3,101,3.34802,0.949122,73.8582,36.473,36438.5,-3.57863e-16,10169.2,233.569,677.016,2173.96,2.40391e+6,-2.16125e-17,402987,2.6043,0.94789,72.3369,34.3865,34353.6,-6.52217e-15,10004.4,225.934,661.184,2053.49,2.27591e+6,-3.94939e-16,402987,4.0151,0.949847,68.5335,33.0312,33000.2,9.16118e-14,10665.4,208.87,602.484,1878.35,2.08395e+6,5.54862e-15,402987
4,101,3.34663,0.0475532,13.6644,6.85738,6850.92,-1.29754e-21,9804.15,109.281,335.019,1072.96,1.181e+6,-7.83647e-23,485797,2.60324,0.0474186,13.2964,6.42392,6417.79,-2.67952e-20,9656.55,103.938,321.783,996.103,1.09888e+6,-1.62259e-21,485797,4.01363,0.0476,12.3273,6.05051,6044.88,-1.63792e-22,10345.3,95.6151,291.075,902.657,997214,-9.92181e-24,485797
6,101,3.34632,0.000130957,0.443506,0.23245,232.231,-1.81964e-29,9544.32,25.0046,75.8354,250.171,274901,-1.09894e-30,385481,2.60301,0.000127301,0.425562,0.214904,214.7,-5.31672e-28,9414.05,23.0505,70.5165,224.832,247635,-3.21959e-29,385481,4.01332,0.000131001,0.376902,0.19379,193.61,7.38875e-31,10123.3,21.0249,63.0931,201.272,222075,4.47478e-32,385481
9,101,3.34631,8.45713e-8,0.00174345,0.0010368,1.03583,-1.48454e-36,9480.15,2.26735,6.4143,21.9802,24223.3,-8.96516e-38,235006,2.603,6.56216e-8,0.0016276,0.000935188,0.934304,-2.58224e-35,9356.2,1.99084,5.66965,18.7882,20758.2,-1.56353e-36,235006,4.01331,7.8444e-8,0.0013375,0.000785805,0.785083,-3.75142e-38,10070.9,1.79201,5.00159,16.5788,18352.4,-2.27214e-39,235006
14,101,3.34631,4.80144e-12,9.68056e-8,6.31271e-8,6.30688e-5,-8.33293e-48,9474.57,0.0292501,0.079848,0.277801,306.744,-5.03375e-49,177866,2.603,3.33729e-12,8.55224e-8,5.40271e-8,5.39764e-5,9.03832e-46,9351.43,0.0235432,0.064638,0.217537,240.839,5.47335e-47,177866,4.01331,3.68876e-12,6.15526e-8,3.99287e-8,3.98925e-5,6.72123e-50,10066.6,0.0207127,0.0557245,0.187583,208.088,4.0709e-51,177866
20,101,3.34631,2.85918e-17,4.92139e-13,3.47774e-13,3.47455e-10,-4.63118e-57,9474.5,0.00012653,0.00033315,0.00117917,1.30439,-2.79832e-58,109298,2.603,1.85635e-17,4.04436e-13,2.77517e-13,2.77258e-10,8.7561e-55,9351.37,9.14113e-5,0.000241857,0.000828394,0.918886,5.30299e-56,109298,4.01331,1.74979e-17,2.46515e-13,1.74296e-13,1.74139e-10,1.26571e-59,10066.6,7.82014e-5,0.000202723,0.000694548,0.771977,7.66592e-61,109298
0,102,11250,0,0,0,0,9.8325e+9,31250,0,0,0,0,5.4625e+8,1.65162e+6,11250,0,0,0,0,9.8325e+9,31250,0,0,0,0,5.4625e+8,1.65162e+6,11250,0,0,0,0,9.8325e+9,31250,0,0,0,0,5.4625e+8,1.65162e+6
1,102,25.3991,576.867,5766.55,1288.24,1.28706e+6,20.2672,20419,1357.9,5515.64,12760.4,1.35868e+7,1.12565,1.51619e+6,27.4075,577.054,5867.82,1249.06,1.24792e+6,20.2673,20603.4,1313.23,5509.34,12243.3,1.3031e+7,1.12566,1.51619e+6,183.661,579.945,5681.59,1212.72,1.21201e+6,20.2668,23887.4,815.436,3761.26,8637.79,9.07401e+6,1.1257,1.51619e+6
2,102,25.0665,28.8128,2486.74,758.151,757491,4.28103e-8,17467.7,943.689,4201.75,11539.2,1.24447e+7,2.37715e-9,1.38075e+6,27.0608,28.8265,2594.13,749.828,749180,4.28196e-8,17766.5,909.429,4206.49,11099.2,1.19712e+7,2.37768e-9,1.38075e+6,182.127,29.2998,2439.46,713.553,713290,4.2855e-8,22303.3,510.409,2589.83,7151.73,7.63606e+6,2.3799e-9,1.38075e+6
3,102,24.9115,1.47424,893.282,299.068,298814,1.28823e-16,15444.9,625.758,2882.61,8329.13,8.94465e+6,7.1519e-18,1.24532e+6,26.8956,1.47777,958.735,303.374,303118,1.29192e-16,15803.5,608.177,2901.68,8041.41,8.63966e+6,7.17241e-18,1.24532e+6,181.412,1.64123,869.524,279.787,279712,1.30873e-16,21229.4,331.775,1651.17,4733.1,5.05889e+6,7.26667e-18,1.24532e+6
4,102,24.8544,0.0875327,291.196,102.9,102814,3.87467e-25,14196.5,382.676,1787.41,5389.88,5.76672e+6,2.15075e-26,1.10989e+6,26.8331,0.0891441,322.189,107.396,107307,3.91252e-25,14579.6,375.817,1815.3,5242.34,5.61248e+6,2.17176e-26,1.10989e+6,181.15,0.146413,280.719,95.4567,95436.1,4.39975e-25,20572.8,201.181,977.574,2888.82,3.08687e+6,2.44256e-26,1.10989e+6
6,102,24.8293,0.00193385,30.6117,10.7554,10746.4,4.00916e-38,13049.5,129.323,650.719,1979.18,2.1064e+6,2.22527e-39,1.23451e+6,26.8047,0.00222144,36.0099,11.9295,11919.6,-5.5958e-38,13437.2,129.941,675.128,1964.72,2.09257e+6,-3.10581e-39,1.23451e+6,181.036,0.00808999,28.9396,9.7842,9782.32,5.45577e-33,19972.3,67.6356,341.03,1001.31,1.06788e+6,3.02891e-34,1.23451e+6
9,102,24.8264,7.14039e-5,1.39248,0.461866,461.475,8.28768e-47,12550.9,29.6659,162.969,486.464,515614,4.59873e-48,1.42145e+6,26.8012,9.09407e-5,1.78711,0.559914,559.445,-1.00851e-45,12927.3,30.8501,174.898,499.539,529859,-5.59754e-47,1.42145e+6,181.023,0.000313134,1.28565,0.409793,409.696,-8.25693e-41,19711,15.6097,84.463,241.655,257008,-4.58546e-42,1.42145e+6
14,102,24.8263,3.83779e-7,0.00645563,0.0023308,2.32885,1.95962e-55,12405.3,2.51164,12.6775,39.8783,42347.5,1.08738e-56,1.09068e+6,26.801,5.65123e-7,0.00961459,0.00327121,3.2685,-5.11484e-60,12772.4,2.7678,14.4386,43.4325,46154.1,-2.9307e-61,1.09068e+6,181.023,1.61638e-6,0.00570421,0.00198296,1.98259,-1.70615e-49,19633.9,1.3426,6.62922,19.96,21281.2,-9.47491e-51,1.09068e+6
20,102,24.8263,1.88049e-10,2.26026e-6,9.69604e-7,0.000968822,3.0911e-65,12395.6,0.0488189,0.209765,0.714313,762.368,1.71458e-66,693761,26.801,3.3535e-10,4.12035e-6,1.65637e-6,0.00165505,-3.31266e-69,12761.4,0.057896,0.257413,0.837771,894.772,-1.89767e-70,693761,181.023,7.35161e-10,1.83657e-6,7.62257e-7,0.00076223,3.10733e-59,19628.7,0.0262201,0.109944,0.358604,384.44,1.72557e-60,693761
0,103,7500,0,0,0,0,6.555e+9,22727.3,0,0,0,0,3.97273e+8,773411,7500,0,0,0,0,6.555e+9,22727.3,0,0,0,0,3.97273e+8,773411,7500,0,0,0,0,6.555e+9,22727.3,0,0,0,0,3.97273e+8,773411
1,103,4842.4,153.361,969.837,237.127,237315,13.5115,22120.9,40.0585,222.644,649.558,654182,0.818861,637645,4575.44,168.408,1059.69,248.876,249104,13.5112,22042.4,45.6363,249.89,701.308,707023,0.81884,637645,4828.48,154.137,997.207,231.92,232103,13.5115,22117.2,40.2058,229.011,638.231,642788,0.818861,637645
2,103,4841.31,7.9131,246.719,95.5381,95741.1,2.63567e-8,22106.9,5.60368,63.6452,279.685,283273,1.5973e-9,501880,4574.23,8.69402,266.653,99.4512,99684.6,2.63347e-8,22025.4,6.64865,71.3546,301.13,305520,1.59596e-9,501880,4827.4,7.95076,261.994,95.6769,95878.4,2.63613e-8,22103.3,5.62016,67.2586,280.702,284295,1.59758e-9,501880
3,103,4840.98,0.468608,46.4308,22.0492,22116.6,-5.69835e-15,22102.2,1.36441,14.7768,74.5875,75789.8,-3.4534e-16,366114,4573.86,0.51523,49.4708,22.7027,22778.9,-5.39906e-15,22019.8,1.64637,16.6094,80.3515,81818.8,-3.272e-16,366114,4827.06,0.47227,51.2113,22.7628,22831.2,-1.72457e-14,22098.5,1.39291,16.0389,76.6819,77910,-1.04513e-15,366114
4,103,4840.91,0.0380848,7.34021,4.01792,4033.09,-8.63703e-20,22101.1,0.326552,3.0778,16.8444,17149.5,-5.23432e-21,230349,4573.78,0.0417333,7.68425,4.07991,4096.82,-8.38546e-20,22018.4,0.395981,3.47233,18.1933,18565.9,-5.08184e-21,230349,4826.99,0.0391243,8.43801,4.29575,4311.59,-2.6051e-19,22097.3,0.341038,3.42642,17.7447,18063.3,-1.57875e-20,230349
6,103,4840.9,0.000591447,0.16021,0.0960212,96.4693,1.52626e-27,22100.8,0.0148674,0.129209,0.719867,733.989,9.24972e-29,257033,4573.77,0.000630071,0.161457,0.0942205,94.7044,2.35016e-27,22018,0.0181702,0.147302,0.784406,801.761,1.42428e-28,257033,4826.98,0.000659038,0.200619,0.111057,111.557,-1.3816e-27,22097,0.0162547,0.150619,0.794506,809.939,-8.37239e-29,257033
9,103,4840.9,1.93516e-6,0.00057323,0.000335259,0.336852,-2.95402e-35,22100.8,0.000137058,0.00123812,0.00674889,6.87906,-1.79025e-36,297058,4573.77,1.9501e-6,0.000546821,0.00031129,0.31292,-9.06461e-36,22018,0.000170186,0.00143452,0.0074745,7.63704,-5.49331e-37,297058,4826.98,2.45656e-6,0.000815569,0.000440429,0.442437,2.54482e-35,22097,0.000160482,0.00154515,0.00797619,8.12853,1.54216e-36,297058
14,103,4840.9,1.87588e-10,6.18844e-8,3.43476e-8,3.45006e-5,4.72309e-47,22100.8,6.67295e-8,6.3875e-7,3.38501e-6,0.00344828,2.86228e-48,353812,4573.77,1.72728e-10,5.41454e-8,2.91972e-8,2.93406e-5,-1.81789e-47,22018,8.51359e-8,7.60197e-7,3.85155e-6,0.00393275,-1.10164e-48,353812,4826.98,2.95282e-10,1.08648e-7,5.58108e-8,5.605e-5,1.88375e-47,22097,8.77604e-8,8.95133e-7,4.49285e-6,0.00457603,1.14151e-48,353812
20,103,4840.9,4.35719e-15,1.60912e-12,8.44789e-13,8.48297e-10,-1.51177e-54,22100.8,9.4149e-12,9.61529e-11,4.93529e-10,5.02441e-7,-9.16154e-56,421917,4573.77,3.75364e-15,1.31873e-12,6.72373e-13,6.7545e-10,2.54835e-56,22018,1.24965e-11,1.18985e-10,5.84087e-10,5.95987e-7,1.54429e-57,421917,4826.98,8.71483e-15,3.57445e-12,1.74024e-12,1.74721e-9,2.71757e-56,22097,1.41931e-11,1.54434e-10,7.50807e-10,7.64235e-7,1.6466e-57,421917
0,104,11250,0,0,0,0,9.8325e+9,31250,0,0,0,0,5.4625e+8,272269,11250,0,0,0,0,9.8325e+9,31250,0,0,0,0,5.4625e+8,272269,11250,0,0,0,0,9.8325e+9,31250,0,0,0,0,5.4625e+8,272269
1,104,3437.27,439.17,3026.06,725.279,726210,20.2677,29161.8,159.562,819.006,2272.73,2.31371e+6,1.12592,239863,3311.43,445.622,3106.02,711.131,712032,20.2667,29099,164.163,852.1,2266.44,2.30849e+6,1.12586,239863,3088.06,457.075,3161.05,726.334,727234,20.2676,28975.4,175.41,892.893,2376.37,2.42298e+6,1.1259,239863
2,104,3432.84,23.0199,909.044,323.501,324413,4.33306e-8,29037.8,41.4367,313.273,1178.08,1.21251e+6,2.40696e-9,207457,3307.1,23.3191,946.317,320.541,321432,4.32773e-8,28971.1,42.7451,329.372,1185.06,1.22062e+6,2.40399e-9,207457,3083.72,23.889,950.015,323.882,324770,4.32989e-8,28834.6,46.7805,344.77,1238.68,1.27789e+6,2.40517e-9,207457
3,104,3431.29,1.51013,227.114,91.25,91584,2.84931e-14,28984.8,15.4484,112.558,443.615,458316,1.58273e-15,175051,3305.57,1.52248,240.248,91.6637,91993.5,-3.96179e-15,28916.1,16.0686,119.472,450.39,465695,-2.20069e-16,175051,3082.2,1.54644,237.49,91.4011,91726.7,3.01936e-14,28774.1,17.6641,125.35,471.232,488094,1.67716e-15,175051
4,104,3430.88,0.168838,53.7602,22.6269,22719,-8.46208e-22,28965.4,5.62399,39.9204,159.215,164660,-4.70055e-23,142645,3305.16,0.170192,57.8279,23.0852,23177.4,7.10869e-23,28895.7,5.90234,42.7574,163.122,168841,3.94873e-24,142645,3081.8,0.168895,56.2357,22.6744,22764.3,-2.32446e-21,28751.6,6.50335,44.9845,171.087,177398,-1.29122e-22,142645
6,104,3430.76,0.00685848,3.01705,1.27343,1278.87,2.97567e-30,28956,0.716568,5.13843,20.3026,20998.1,1.65281e-31,190682,3305.04,0.00710976,3.35717,1.34318,1348.81,-5.27326e-30,28885.8,0.765599,5.60285,21.1768,21920.5,-2.92916e-31,190682,3081.68,0.00674242,3.15857,1.27702,1282.34,-2.13356e-29,28740.6,0.848096,5.92844,22.3361,23161,-1.18521e-30,190682
9,104,3430.75,9.67972e-5,0.0463347,0.0188843,18.9621,3.13556e-43,28954.7,0.035422,0.264637,1.0248,1059.16,1.74166e-44,262737,3305.03,0.000105652,0.0542467,0.0209641,21.0487,-4.46915e-43,28884.3,0.0388946,0.296565,1.09859,1136.35,-2.48263e-44,262737,3081.67,9.52447e-5,0.0486442,0.0189836,19.0598,-2.21526e-42,28739,0.0434565,0.316461,1.16866,1210.91,-1.23062e-43,262737
14,104,3430.75,1.02258e-7,4.95733e-5,2.01585e-5,0.0202405,-2.64115e-53,28954.6,0.000271153,0.00202858,0.00786455,8.12757,-1.46708e-54,251390,3305.03,1.21521e-7,6.31675e-5,2.43588e-5,0.0244558,2.64472e-53,28884.2,0.000311866,0.00238125,0.00883099,9.13371,1.46926e-54,251390,3081.67,1.01209e-7,5.2357e-5,2.03859e-5,0.0204666,1.93924e-52,28738.9,0.000353245,0.00257571,0.00952306,9.86642,1.07732e-53,251390
20,104,3430.75,2.66061e-11,1.27294e-8,5.21052e-9,5.23189e-6,2.80331e-63,28954.6,7.56249e-7,5.61495e-6,2.18499e-5,0.0225835,1.55718e-64,237772,3305.03,3.49941e-11,1.79545e-8,6.96895e-9,6.99694e-6,-6.69056e-64,28884.2,9.19381e-7,6.96682e-6,2.59334e-5,0.0268259,-3.71691e-65,237772,3081.67,2.6512e-11,1.35337e-8,5.30471e-9,5.32589e-6,2.72088e-62,28738.9,1.05847e-6,7.65971e-6,2.84254e-5,0.0294544,1.51165e-63,237772
0,105,11250,0,0,0,0,9.8325e+9,31250,0,0,0,0,5.4625e+8,659875,11250,0,0,0,0,9.8325e+9,31250,0,0,0,0,5.4625e+8,659875,11250,0,0,0,0,9.8325e+9,31250,0,0,0,0,5.4625e+8,659875
1,105,8032.11,186.359,1236.66,296.585,296736,20.2671,30662.3,37.6486,226.779,653.138,656226,1.12594,581128,7754.76,202.152,1326.43,306.053,306240,20.267,30601.1,41.7516,247.39,687.185,690845,1.12593,581128,7850.68,196.693,1311.53,301.013,301186,20.2671,30622.5,40.2847,243.098,672.113,675543,1.12593,581128
2,105,8030.92,9.58825,352.805,129.013,129216,4.40601e-8,30652,4.55276,70.0895,297.875,300439,2.44771e-9,502382,7753.45,10.4026,371.53,131.298,131529,4.40109e-8,30589.3,5.16209,75.4786,310.009,312995,2.44497e-9,502382,7849.41,10.1219,376.162,131.445,131666,4.4035e-8,30611.3,4.95411,75.6725,308.073,310915,2.44631e-9,502382
3,105,8030.52,0.570163,79.7858,33.9705,34045.8,3.18092e-14,30648.4,1.0944,18.2037,86.6928,87615.5,1.76712e-15,423635,7753.02,0.617482,82.1761,33.9505,34034.1,-1.64431e-15,30585.1,1.24488,19.3616,89.1827,90244.5,-9.13421e-17,423635,7848.98,0.602911,85.5566,34.781,34862.6,3.03586e-14,30607.3,1.20786,19.8182,90.2922,91319,1.68653e-15,423635
4,105,8030.42,0.0500884,16.3123,7.52376,7543.36,1.4494e-19,30647.4,0.285075,4.42291,22.1696,22428,8.052e-21,344888,7752.91,0.0535628,16.3859,7.35761,7378.9,-2.39135e-20,30584,0.321439,4.64613,22.5361,22830.1,-1.32841e-21,344888,7848.88,0.0532818,17.5889,7.74348,7764.77,1.22968e-19,30606.2,0.317507,4.85568,23.2726,23562.1,6.83133e-21,344888
6,105,8030.4,0.00128932,0.706347,0.32207,322.98,1.41766e-25,30647.1,0.0176376,0.27933,1.36145,1377.7,7.87566e-27,478249,7752.89,0.00130634,0.675314,0.299951,300.894,-1.28956e-27,30583.6,0.0194452,0.287159,1.3528,1370.86,-7.16302e-29,478249,7848.85,0.00139334,0.770545,0.335169,336.166,1.40345e-25,30605.8,0.0199734,0.312021,1.45359,1472.07,7.79668e-27,478249
9,105,8030.4,1.38689e-5,0.00974472,0.00399168,4.00154,1.50469e-33,30647.1,0.000344267,0.00641516,0.0288277,29.1428,8.35873e-35,678291,7752.89,1.30538e-5,0.00874692,0.00347542,3.48498,1.46698e-34,30583.6,0.000368344,0.00642045,0.0278456,28.1858,8.14856e-36,678291,7848.85,1.53006e-5,0.0108508,0.00423883,4.24987,7.30895e-33,30605.8,0.000400859,0.00736826,0.0316504,32.0192,4.06034e-34,678291
14,105,8030.4,1.61127e-8,1.23931e-5,4.90222e-6,0.00491341,4.06404e-44,30647.1,8.75628e-7,1.73081e-5,7.60358e-5,0.0768346,2.25769e-45,714990,7752.89,1.37567e-8,1.01342e-5,3.88233e-6,0.00389219,1.05962e-44,30583.6,8.98192e-7,1.66217e-5,7.04567e-5,0.0712835,5.88586e-46,714990,7848.85,1.8451e-8,1.43219e-5,5.40287e-6,0.0054159,7.94724e-44,30605.8,1.07014e-6,2.08595e-5,8.76059e-5,0.0885874,4.4153e-45,714990
20,105,8030.4,6.23865e-12,4.99053e-9,1.93592e-9,1.94021e-6,-7.88386e-55,30647.1,8.18862e-10,1.66954e-8,7.22255e-8,7.29713e-5,-4.37976e-56,759029,7752.89,4.77833e-12,3.66615e-9,1.37638e-9,1.37977e-6,4.07052e-55,30583.6,8.00593e-10,1.52907e-8,6.38084e-8,6.45444e-5,2.26109e-56,759029,7848.85,7.47711e-12,6.03628e-9,2.23314e-9,2.23838e-6,-9.35438e-55,30605.8,1.06103e-9,2.13317e-8,8.82253e-8,8.91971e-5,-5.19747e-56,759029
0,106,11250,0,0,0,0,9.8325e+9,31250,0,0,0,0,5.4625e+8,531196,11250,0,0,0,0,9.8325e+9,31250,0,0,0,0,5.4625e+8,531196,11250,0,0,0,0,9.8325e+9,31250,0,0,0,0,5.4625e+8,531196
1,106,2633.77,480.024,3311.28,790.687,791594,20.2666,28689,203.91,1000.21,2736.09,2.79595e+6,1.12584,684406,2513.36,485.916,3300.54,759.216,760067,20.2674,28612.3,208.978,1014.04,2679.41,2.74004e+6,1.12588,684406,2737.16,474.798,3266.25,747.421,748297,20.2675,28762.8,194.888,969.516,2557.75,2.61236e+6,1.12589,684406
2,106,2629.16,25.116,1108.99,373.254,374181,4.31632e-8,28504.1,61.0325,440.418,1543.14,1.59554e+6,2.39759e-9,837615,2509.04,25.3311,1083.07,352.505,353370,4.32109e-8,28427.3,61.1085,437.586,1485.05,1.53737e+6,2.40022e-9,837615,2732.76,24.8021,1092.37,352.443,353333,4.32409e-8,28594.8,55.8299,420.181,1426.58,1.47409e+6,2.40192e-9,837615
3,106,2627.39,1.68503,353.156,124.548,124922,1.03541e-16,28414.1,26.8905,203.602,710.098,735901,5.75097e-18,990824,2507.4,1.66054,337.993,115.405,115749,5.22268e-17,28338.9,26.3755,198.554,670.594,695912,2.90072e-18,990824,2731.07,1.6498,347.649,117.497,117856,9.88287e-17,28514.1,24.0767,190.741,645.288,668354,5.48926e-18,990824
4,106,2626.81,0.227251,121.199,41.5387,41665.2,1.93378e-25,28372,12.6499,101.757,344.564,356839,1.07398e-26,1.14403e+6,2506.88,0.211903,113.885,37.7587,37872.9,2.94879e-26,28298.3,12.1797,97.5976,319.729,331559,1.63747e-27,1.14403e+6,2730.51,0.218979,119.354,39.1829,39304.1,1.31836e-25,28477,11.1234,93.7439,307.694,318482,7.32186e-27,1.14403e+6
6,106,2626.54,0.0189334,11.8781,4.44485,4459.17,-3.03389e-32,28341.3,2.94025,21.304,77.306,80166,-1.68491e-33,726137,2506.64,0.0165055,10.6982,3.88483,3897.28,3.39187e-33,28269.3,2.73306,19.6618,69.1818,71842.9,1.88352e-34,726137,2730.26,0.0180796,11.682,4.19143,4205.15,1.10377e-32,28450.5,2.49933,18.9356,66.7016,69131.6,6.1304e-34,726137
9,106,2626.52,0.000305027,0.10575,0.0548953,55.1451,-1.66248e-38,28334.8,0.160033,0.813194,3.53963,3695.96,-9.23303e-40,99292.5,2506.62,0.00024621,0.0859511,0.0439885,44.1904,2.94415e-39,28263.4,0.13875,0.691179,2.93645,3072.12,1.63492e-40,99292.5,2730.24,0.000288438,0.102053,0.0510735,51.3105,7.17673e-39,28445.1,0.127733,0.670677,2.85205,2976.8,3.98606e-40,99292.5
14,106,2626.52,4.24251e-8,1.23321e-5,6.63604e-6,0.00667179,2.28442e-51,28334.5,0.000373009,0.00189689,0.00808495,8.4495,1.26819e-52,213555,2506.62,2.82627e-8,8.12123e-6,4.3319e-6,0.0043558,2.15325e-51,28263.2,0.000279579,0.00139364,0.00579184,6.06535,1.19567e-52,213555,2730.24,3.83458e-8,1.13153e-5,5.87867e-6,0.0059111,7.10743e-51,28444.9,0.000259214,0.00135988,0.00566119,5.91448,3.94768e-52,213555
20,106,2626.52,1.39605e-12,5.00234e-10,2.42747e-10,2.43899e-7,2.02485e-63,28334.5,3.86315e-7,2.14732e-6,8.76484e-6,0.009142,1.12444e-64,350671,2506.62,7.31948e-13,2.62848e-10,1.25572e-10,1.26177e-7,-9.75818e-62,28263.2,2.44962e-7,1.33892e-6,5.32091e-6,0.0055603,-5.41857e-63,350671,2730.24,1.19675e-12,4.37438e-10,2.04455e-10,2.05446e-7,-1.72661e-62,28444.9,2.28809e-7,1.31648e-6,5.23988e-6,0.00546322,-9.58899e-64,350671
0,201,11250,0,0,0,0,9.8325e+9,31250,0,0,0,0,5.4625e+8,289282,11250,0,0,0,0,9.8325e+9,31250,0,0,0,0,5.4625e+8,289282,11250,0,0,0,0,9.8325e+9,31250,0,0,0,0,5.4625e+8,289282
1,201,9441.78,105.292,593.412,149.066,149058,20.269,30945.2,18.665,100.376,304.844,305482,1.12605,295528,9406.29,107.339,601.748,145.08,145074,20.2674,30938.7,19.0443,101.955,298.308,298953,1.12596,295528,9276.32,114.851,646.825,155.745,155749,20.2672,30914.4,20.5963,110.375,322.323,323097,1.12595,295528
2,201,9441.43,5.32963,143.886,56.8563,56893.8,4.46456e-8,30942.8,1.52408,25.5,119.344,119866,2.48027e-9,301774,9405.95,5.43042,144.833,55.0339,55072.1,4.4455e-8,30936.3,1.54041,25.695,116.101,116623,2.46968e-9,301774,9275.93,5.81681,156.597,59.3234,59370.7,4.44059e-8,30911.7,1.71708,28.0735,126.207,126827,2.46695e-9,301774
3,201,9441.33,0.288415,28.7769,13.2114,13225.9,-1.70468e-16,30942.1,0.240111,5.55513,29.406,29572.6,-9.4703e-18,308020,9405.85,0.292991,28.7231,12.6997,12714.2,-2.39956e-16,30935.6,0.239092,5.54579,28.3863,28551.9,-1.33307e-17,308020,9275.82,0.315618,31.2702,13.7655,13783,-2.12504e-15,30910.9,0.276696,6.13524,31.1564,31353.4,-1.18056e-16,308020
4,201,9441.31,0.0192264,5.54609,2.67771,2681.28,-8.88299e-22,30941.9,0.0493764,1.19255,6.51128,6551.92,-4.93493e-23,314266,9405.82,0.0193253,5.48664,2.55344,2556.98,-1.36131e-21,30935.5,0.0485948,1.17904,6.22935,6269.44,-7.56273e-23,314266,9275.79,0.0211937,6.01719,2.78589,2790.14,-1.04103e-20,30910.7,0.0574682,1.32262,6.92203,6970.12,-5.78345e-22,314266
6,201,9441.3,0.000272882,0.178916,0.0937935,93.9402,5.18022e-28,30941.9,0.00221612,0.049103,0.285002,286.926,2.87786e-29,188586,9405.82,0.000263735,0.173429,0.0878056,87.9485,6.9684e-28,30935.4,0.0021377,0.0475127,0.267248,269.111,3.87128e-29,188586,9275.79,0.000305346,0.193212,0.0972133,97.386,5.98048e-27,30910.6,0.0026042,0.0548952,0.305377,307.668,3.32245e-28,188586
9,201,9441.3,1.16404e-6,0.000631923,0.000389805,0.390574,2.64556e-35,30941.9,1.54178e-5,0.000269753,0.00177091,1.78454,1.46974e-36,67.4378,9405.82,1.08243e-6,0.000588821,0.000352319,0.353044,3.6541e-35,30935.4,1.43777e-5,0.000250893,0.00160118,1.61394,2.03003e-36,67.4378,9275.79,1.29529e-6,0.00067337,0.000399649,0.400539,-2.86074e-34,30910.6,1.83046e-5,0.000304472,0.00191623,1.9326,-1.58928e-35,67.4378
14,201,9441.3,6.68243e-11,3.09481e-8,2.02134e-8,2.02599e-5,7.10264e-47,30941.9,1.99128e-9,3.20862e-8,2.15839e-7,0.000217612,3.94591e-48,134.53,9405.82,5.79912e-11,2.6746e-8,1.69859e-8,1.70268e-5,1.48441e-46,30935.4,1.73471e-9,2.78011e-8,1.81944e-7,0.000183495,8.24666e-48,134.53,9275.79,7.24888e-11,3.20411e-8,2.01592e-8,2.02114e-5,-1.81983e-44,30910.6,2.40153e-9,3.68242e-8,2.37354e-7,0.000239516,-1.01102e-45,134.53
20,201,9441.3,9.20123e-16,4.24944e-13,2.77624e-13,2.78265e-10,3.49613e-52,30941.9,5.62579e-14,9.06619e-13,6.09795e-12,6.14806e-9,1.94229e-53,215.04,9405.82,7.46395e-16,3.4383e-13,2.18366e-13,2.18893e-10,1.05211e-54,30935.4,4.45061e-14,7.13377e-13,4.66811e-12,4.70791e-9,5.84492e-56,215.04,9275.79,9.99268e-16,4.40577e-13,2.77261e-13,2.77982e-10,4.8719e-50,30910.6,6.72378e-14,1.03115e-12,6.64552e-12,6.70604e-9,2.70661e-51,215.04
0,202,11250,0,0,0,0,9.8325e+9,31250,0,0,0,0,5.4625e+8,64343.9,11250,0,0,0,0,9.8325e+9,31250,0,0,0,0,5.4625e+8,64343.9,11250,0,0,0,0,9.8325e+9,31250,0,0,0,0,5.4625e+8,64343.9
1,202,10801.4,26.2409,117.921,31.7911,31767.6,20.269,31179.3,4.17887,18.5986,60.9929,60977.8,1.12605,85703.7,10776.1,27.7179,125.825,32.3944,32370.9,20.2675,31175.3,4.42039,19.8684,62.4554,62442.5,1.12597,85703.7,10776.2,27.7116,127.126,32.6179,32594.3,20.2675,31175.3,4.41962,20.0735,62.8858,62872.8,1.12597,85703.7
2,202,10801.4,1.31081,21.4971,9.86808,9862.98,4.42479e-8,31179.2,0.232265,3.43428,19.0547,19062.1,2.45821e-9,107064,10776.1,1.3847,23.2437,10.1489,10143.9,4.48153e-8,31175.1,0.246447,3.71817,19.6952,19704.4,2.48973e-9,107064,10776.2,1.38445,23.8064,10.318,10312.9,4.4814e-8,31175.2,0.246743,3.80775,20.0229,20032,2.48966e-9,107064
3,202,10801.4,0.0661751,3.13269,1.77793,1777.31,1.45266e-13,31179.2,0.0167022,0.514288,3.48832,3491.28,8.07032e-15,128423,10776.1,0.0699386,3.44001,1.85008,1849.48,1.43253e-13,31175.1,0.0179257,0.565544,3.64873,3652.16,7.95845e-15,128423,10776.2,0.0699497,3.57895,1.90365,1903.03,1.39975e-13,31175.1,0.0180739,0.588116,3.75397,3757.45,7.77635e-15,128423
4,202,10801.4,0.00344121,0.435679,0.269808,269.742,3.8613e-19,31179.2,0.00167437,0.0743971,0.544069,544.688,2.14516e-20,149783,10776.1,0.00364424,0.48662,0.284721,284.661,3.82749e-19,31175.1,0.00183244,0.0832068,0.57723,577.944,2.12638e-20,149783,10776.2,0.00365086,0.514935,0.297157,297.092,-3.5506e-19,31175.1,0.00187461,0.0879436,0.602204,602.936,-1.97255e-20,149783
6,202,10801.4,1.25287e-5,0.00760348,0.00517538,5.1747,3.88728e-27,31179.2,2.86648e-5,0.00143442,0.0113293,11.3454,2.1596e-28,89901.3,10776.1,1.35809e-5,0.00880444,0.00564264,5.6421,2.2187e-26,31175.1,3.26403e-5,0.00166162,0.0124167,12.4356,1.23261e-27,89901.3,10776.2,1.38972e-5,0.00966306,0.00608617,6.0855,2.05965e-26,31175.1,3.45678e-5,0.00181695,0.0133675,13.3873,1.14425e-27,89901.3
9,202,10801.4,1.0944e-8,1.30656e-5,1.00596e-5,0.0100595,-2.51112e-44,31179.2,7.00457e-8,2.96569e-6,2.59476e-5,0.0259915,-1.39507e-45,78.3477,10776.1,1.28926e-8,1.59852e-5,1.15569e-5,0.0115572,-1.77181e-43,31175.1,8.39469e-8,3.61939e-6,2.99125e-5,0.0299663,-9.84339e-45,78.3477,10776.2,1.42857e-8,1.86048e-5,1.31684e-5,0.0131684,-1.29119e-43,31175.1,9.34472e-8,4.17295e-6,3.38727e-5,0.033932,-7.17324e-45,78.3477
14,202,10801.4,2.13666e-13,2.43819e-10,1.97073e-10,1.97089e-7,-2.72483e-57,31179.2,2.07043e-12,7.99003e-11,7.20571e-10,7.21919e-7,-1.5138e-58,75.6588,10776.1,2.773e-13,3.27009e-10,2.47738e-10,2.47767e-7,-3.20796e-53,31175.1,2.695e-12,1.06135e-10,9.03507e-10,9.05296e-7,-1.7822e-54,75.6588,10776.2,3.40731e-13,4.21225e-10,3.11681e-10,3.11709e-7,-4.50718e-54,31175.1,3.26787e-12,1.33664e-10,1.11661e-9,1.11876e-6,-2.50398e-55,75.6588
20,202,10801.4,-2.81534e-17,-3.20636e-14,-2.59274e-14,-2.59296e-11,-8.217e-66,31179.2,-3.04472e-16,-1.17416e-14,-1.05885e-13,-1.06083e-10,-4.56501e-67,72.4321,10776.1,-6.79009e-17,-7.98628e-14,-6.05346e-14,-6.05419e-11,-1.61974e-61,31175.1,-7.79386e-16,-3.06684e-14,-2.61056e-13,-2.61573e-10,-8.99853e-63,72.4321,10776.2,-5.014e-17,-6.18832e-14,-4.58051e-14,-4.58094e-11,2.32741e-61,31175.1,-5.15578e-16,-2.10758e-14,-1.7606e-13,-1.76399e-10,1.293e-62,72.4321
0,203,11250,0,0,0,0,9.8325e+9,31250,0,0,0,0,5.4625e+8,522687,11250,0,0,0,0,9.8325e+9,31250,0,0,0,0,5.4625e+8,522687,11250,0,0,0,0,9.8325e+9,31250,0,0,0,0,5.4625e+8,522687
1,203,10630.7,36.2087,205.325,51.6959,51662,20.269,31151.6,5.8487,32.6487,99.9334,99934.1,1.12605,412942,10643,35.4897,206.542,49.4067,49373.8,20.2671,31153.6,5.72486,32.8179,95.813,95811.3,1.12595,412942,10614.4,37.1568,215.511,51.6106,51577.1,20.2677,31149,6.00639,34.2914,100.216,100219,1.12598,412942
2,203,10630.6,1.81356,46.0109,19.0212,19013.9,4.42486e-8,31151.4,0.352886,7.43339,37.086,37115.5,2.45824e-9,303197,10642.9,1.77726,48.0087,18.6647,18657.1,4.47515e-8,31153.4,0.343922,7.74128,36.4874,36514.5,2.48618e-9,303197,10614.4,1.86118,49.8439,19.4269,19419.6,4.48252e-8,31148.7,0.363488,8.05456,38.0414,38072.8,2.49028e-9,303197
3,203,10630.6,0.092926,7.56804,3.93078,3930.06,-1.60377e-13,31151.3,0.0327856,1.26329,7.81988,7830.58,-8.9098e-15,193452,10642.9,0.0910708,8.24523,3.98901,3988.16,-1.67488e-13,31153.3,0.0320758,1.36972,7.94513,7955.28,-9.30487e-15,193452,10614.4,0.0954698,8.50901,4.13256,4131.83,-1.64999e-13,31148.6,0.0344026,1.4188,8.25261,8264.11,-9.16656e-15,193452
4,203,10630.6,0.00509183,1.05312,0.63855,638.536,6.25873e-19,31151.3,0.00439661,0.184622,1.31361,1315.98,3.47705e-20,83706.9,10642.9,0.00500797,1.20314,0.673778,673.734,7.24288e-19,31153.3,0.00440805,0.208863,1.38385,1386.18,4.0238e-20,83706.9,10614.3,0.00526478,1.23324,0.694181,694.167,7.09513e-19,31148.6,0.00476649,0.215394,1.43174,1434.35,3.94172e-20,83706.9
6,203,10630.6,2.53222e-5,0.0167217,0.0117632,11.7657,1.51398e-26,31151.3,9.27144e-5,0.00336614,0.026931,26.995,8.41095e-28,50258.4,10642.9,2.63305e-5,0.0211181,0.0135609,13.5628,-1.21135e-26,31153.3,9.98217e-5,0.00414262,0.0306703,30.7376,-6.7297e-28,50258.4,10614.3,2.79189e-5,0.0213347,0.0137939,13.7966,3.6114e-28,31148.6,0.000107729,0.00423887,0.031488,31.5624,2.00644e-29,50258.4
9,203,10630.6,3.11269e-8,2.83572e-5,2.17444e-5,0.0217524,2.93295e-44,31151.3,2.3156e-7,7.37083e-6,6.26252e-5,0.0627937,1.62941e-45,85.6843,10642.9,3.83315e-8,4.17897e-5,2.90265e-5,0.0290344,-1.48064e-40,31153.3,2.79964e-7,1.02482e-5,8.04009e-5,0.0806,-8.22569e-42,85.6843,10614.3,4.02017e-8,4.12784e-5,2.89005e-5,0.0289103,3.24314e-42,31148.6,2.99169e-7,1.03794e-5,8.16882e-5,0.0819051,1.80184e-43,85.6843
14,203,10630.6,6.71005e-13,5.86566e-10,4.62591e-10,4.62798e-7,1.06734e-57,31151.3,8.05316e-12,2.44366e-10,2.10599e-9,2.11193e-6,5.92963e-59,75.5664,10642.9,1.06805e-12,1.11911e-9,7.96678e-10,7.96948e-7,-6.99603e-51,31153.3,1.18328e-11,4.13734e-10,3.29148e-9,3.30001e-6,-3.88665e-52,75.5664,10614.3,1.08008e-12,1.06416e-9,7.63991e-10,7.64306e-7,1.42348e-52,31148.6,1.2445e-11,4.12539e-10,3.29178e-9,3.30092e-6,7.90863e-54,75.5664
20,203,10630.6,4.77497e-17,4.1621e-14,3.28407e-14,3.28556e-11,-5.8086e-66,31151.3,8.06581e-16,2.44657e-14,2.10827e-13,2.11422e-10,-3.22701e-67,63.4249,10642.9,4.85544e-16,5.08078e-13,3.61776e-13,3.61899e-10,-7.59413e-62,31153.3,6.3848e-15,2.23182e-13,1.77547e-12,1.78008e-9,-4.21888e-63,63.4249,10614.3,4.39445e-16,4.32359e-13,3.10478e-13,3.10606e-10,7.15455e-63,31148.6,6.07773e-15,2.01418e-13,1.60711e-12,1.61158e-9,3.97495e-64,63.4249
0,204,11250,0,0,0,0,9.8325e+9,31250,0,0,0,0,5.4625e+8,88410.6,11250,0,0,0,0,9.8325e+9,31250,0,0,0,0,5.4625e+8,88410.6,11250,0,0,0,0,9.8325e+9,31250,0,0,0,0,5.4625e+8,88410.6
1,204,10591.3,38.5052,185.423,48.9829,48952.3,20.2683,31145.2,6.22879,29.5496,94.8675,94877.2,1.12601,77164.2,10516.7,42.8511,207.706,52.463,52432.3,20.2678,31132.9,6.96539,33.2204,102.335,102359,1.12599,77164.2,10529.7,42.0971,206.476,51.9521,51921.3,20.2667,31135.1,6.83708,33.0016,101.278,101299,1.12592,77164.2
2,204,10591.2,1.92714,35.9507,15.9764,15971.4,4.48714e-8,31144.9,0.367795,5.83515,31.235,31266.6,2.49284e-9,65917.9,10516.7,2.14545,40.6118,17.2125,17208.4,4.47919e-8,31132.6,0.416545,6.62397,33.916,33958,2.48842e-9,65917.9,10529.6,2.10767,41.0159,17.2379,17233.5,4.46523e-8,31134.8,0.408651,6.68203,33.9388,33979.1,2.48067e-9,65917.9
3,204,10591.2,0.0981554,5.45768,3.00353,3003.28,1.75323e-13,31144.9,0.0311734,0.920405,6.00829,6018.26,9.74014e-15,54671.5,10516.7,0.109467,6.22583,3.26021,3260.25,2.34819e-13,31132.6,0.036416,1.05766,6.58339,6596.25,1.30454e-14,54671.5,10529.6,0.107566,6.40474,3.31168,3311.63,2.06972e-13,31134.7,0.0358738,1.08536,6.67799,6690.52,1.14984e-14,54671.5
4,204,10591.2,0.00525323,0.768417,0.468369,468.403,-9.54254e-19,31144.9,0.0037546,0.136943,0.973916,975.938,-5.30139e-20,43425.2,10516.7,0.00589337,0.885891,0.512887,512.982,-1.19957e-18,31132.5,0.00452561,0.159545,1.07926,1081.86,-6.66425e-20,43425.2,10529.6,0.00580242,0.92985,0.529778,529.857,-1.00314e-18,31134.7,0.00451243,0.166676,1.11191,1114.47,-5.57297e-20,43425.2
6,204,10591.2,2.33033e-5,0.0140475,0.00928336,9.2856,-3.17955e-26,31144.9,7.70027e-5,0.00287823,0.0216801,21.7335,-1.76641e-27,26091.1,10516.7,2.7262e-5,0.0165586,0.0103731,10.3769,-4.77837e-26,31132.5,9.64768e-5,0.00345294,0.0246781,24.7478,-2.65464e-27,26091.1,10529.6,2.75597e-5,0.0181372,0.0111378,11.1413,-3.57114e-26,31134.7,9.94122e-5,0.00374003,0.026308,26.3789,-1.98396e-27,26091.1
9,204,10591.2,3.04402e-8,3.15368e-5,2.1778e-5,0.0217852,2.17503e-43,31144.9,2.31356e-7,8.19128e-6,6.35727e-5,0.06374,1.20835e-44,89.9649,10516.7,3.83375e-8,3.845e-5,2.51467e-5,0.0251583,3.68739e-43,31132.5,3.02985e-7,1.02748e-5,7.5596e-5,0.0758229,2.04854e-44,89.9649,10529.6,4.20404e-8,4.49967e-5,2.87846e-5,0.0287963,1.97453e-43,31134.7,3.29047e-7,1.17477e-5,8.50067e-5,0.0852501,1.09696e-44,89.9649
14,204,10591.2,1.07164e-12,1.12254e-9,7.84406e-10,7.84692e-7,1.12415e-57,31144.9,1.27531e-11,4.4207e-10,3.4532e-9,3.46248e-6,6.24526e-59,71.6043,10516.7,1.43616e-12,1.44941e-9,9.58947e-10,9.59422e-7,-1.41322e-56,31132.5,1.79946e-11,5.97858e-10,4.42623e-9,4.43978e-6,-7.85119e-58,71.6043,10529.6,1.76018e-12,1.89169e-9,1.22332e-9,1.22386e-6,1.94284e-57,31134.7,2.13271e-11,7.46396e-10,5.43404e-9,5.44992e-6,1.07935e-58,71.6043
20,204,10591.2,1.00574e-15,1.05319e-12,7.36018e-13,7.36287e-10,6.88181e-66,31144.9,1.38618e-14,4.80449e-13,3.75298e-12,3.76307e-9,3.82322e-67,49.5716,10516.7,-3.53738e-16,-3.5694e-13,-2.36169e-13,-2.36286e-10,6.31953e-64,31132.5,-4.7053e-15,-1.56319e-13,-1.15731e-12,-1.16085e-9,3.51083e-65,49.5716,10529.6,3.83843e-16,4.12425e-13,2.66727e-13,2.66844e-10,-1.57172e-65,31134.7,5.19065e-15,1.81644e-13,1.32245e-12,1.32631e-9,-8.7318e-67,49.5716
0,205,11250,0,0,0,0,9.8325e+9,31250,0,0,0,0,5.4625e+8,287859,11250,0,0,0,0,9.8325e+9,31250,0,0,0,0,5.4625e+8,287859,11250,0,0,0,0,9.8325e+9,31250,0,0,0,0,5.4625e+8,287859
1,205,10701.3,32.0863,176.701,44.7807,44749.7,20.2683,31163.1,5.15403,28.0007,86.293,86283.8,1.12601,237315,10732.3,30.2765,170.145,41.043,41013.8,20.2667,31168.2,4.85025,26.9178,79.2774,79264.6,1.12593,237315,10692.7,32.5858,183.685,44.2671,44236.6,20.2668,31161.8,5.23552,29.1163,85.6564,85648.2,1.12593,237315
2,205,10701.3,1.60578,39.8334,16.3828,16375.4,4.42482e-8,31162.9,0.30337,6.40155,31.8108,31829.6,2.45822e-9,186771,10732.3,1.51466,39.4412,15.3228,15315.4,4.471e-8,31168,0.282467,6.31883,29.8011,29815.5,2.48388e-9,186771,10692.7,1.6308,42.7597,16.576,16568.5,4.47086e-8,31161.6,0.308511,6.87026,32.3125,32331.8,2.4838e-9,186771
3,205,10701.3,0.081991,6.96184,3.48129,3480.29,1.74476e-13,31162.9,0.0267791,1.15072,6.8813,6888.6,9.69305e-15,136227,10732.3,0.0772449,7.12047,3.34099,3339.87,2.05832e-13,31168,0.0245201,1.16949,6.60241,6608.46,1.14351e-14,136227,10692.7,0.0833299,7.75838,3.62849,3627.45,1.81869e-13,31161.5,0.0276215,1.28024,7.19572,7203.34,1.01038e-14,136227
4,205,10701.3,0.0044637,1.10015,0.609904,609.799,-7.32072e-19,31162.9,0.00356663,0.189207,1.24106,1242.76,-4.06705e-20,85682.9,10732.2,0.00419805,1.16531,0.603127,602.987,-8.87739e-19,31167.9,0.0032726,0.198169,1.22299,1224.45,-4.93186e-20,85682.9,10692.7,0.00456091,1.27674,0.6581,657.983,-7.85867e-19,31161.5,0.0037955,0.218662,1.34165,1343.47,-4.36591e-20,85682.9
6,205,10701.2,2.38827e-5,0.0242897,0.0147179,14.7173,-3.52061e-25,31162.9,8.90928e-5,0.00462147,0.0326084,32.6632,-1.95588e-26,51440.6,10732.2,2.2936e-5,0.027683,0.0155709,15.5689,-8.4628e-25,31167.9,8.55726e-5,0.0051391,0.03402,34.07,-4.70154e-26,51440.6,10692.7,2.61005e-5,0.0306878,0.0171739,17.1728,-7.58201e-25,31161.5,0.000102005,0.00577038,0.0379175,37.9799,-4.21221e-26,51440.6
9,205,10701.2,4.676e-8,6.82736e-5,4.40062e-5,0.0440077,1.78466e-38,31162.9,3.29206e-7,1.54848e-5,0.000114892,0.115106,9.91469e-40,77.1238,10732.2,5.02567e-8,8.7079e-5,5.19242e-5,0.0519213,2.91216e-32,31167.9,3.44268e-7,1.88106e-5,0.000130794,0.131007,1.61786e-33,77.1238,10692.7,6.01506e-8,9.83122e-5,5.82896e-5,0.0582902,2.48287e-32,31161.5,4.2157e-7,2.17138e-5,0.000149725,0.149996,1.37936e-33,77.1238
14,205,10701.2,2.32936e-12,3.30359e-9,2.16877e-9,2.16893e-6,6.84205e-49,31162.9,2.27679e-11,1.03007e-9,7.73773e-9,7.75274e-6,3.80111e-50,66.2373,10732.2,3.01929e-12,5.08755e-9,3.08546e-9,3.08539e-6,-4.53466e-44,31167.9,2.74736e-11,1.44538e-9,1.01729e-8,1.01902e-5,-2.51928e-45,66.2373,10692.7,3.73276e-12,5.92387e-9,3.57134e-9,3.5715e-6,8.25889e-44,31161.5,3.52354e-11,1.74931e-9,1.22049e-8,1.22279e-5,4.58827e-45,66.2373
20,205,10701.2,-2.68089e-16,-3.80144e-13,-2.49571e-13,-2.49589e-10,-1.59363e-55,31162.9,-2.57144e-15,-1.16327e-13,-8.73837e-13,-8.75532e-10,-8.8534e-57,53.1736,10732.2,-1.07773e-15,-1.81494e-12,-1.10081e-12,-1.10079e-9,1.77869e-52,31167.9,-1.09494e-14,-5.75927e-13,-4.05347e-12,-4.06036e-9,9.88171e-54,53.1736,10692.7,2.10894e-16,3.34543e-13,2.017e-13,2.01709e-10,3.52436e-53,31161.5,2.31977e-15,1.15151e-13,8.03397e-13,8.04911e-10,1.95798e-54,53.1736
0,206,7500,0,0,0,0,6.555e+9,22727.3,0,0,0,0,3.97273e+8,180512,7500,0,0,0,0,6.555e+9,22727.3,0,0,0,0,3.97273e+8,180512,7500,0,0,0,0,6.555e+9,22727.3,0,0,0,0,3.97273e+8,180512
1,206,7361.2,8.12502,37.1373,9.94906,9940.33,13.5117,22701.5,1.51464,6.88935,22.4741,22460,0.81889,211771,7354.3,8.52819,38.8328,9.97941,9970.71,13.5117,22700.2,1.59062,7.20723,22.6383,22624.6,0.818891,211771,7351.23,8.70813,40.4768,10.3329,10323.9,13.5117,22699.7,1.62481,7.51394,23.4448,23430.8,0.818891,211771
2,206,7361.19,0.405169,6.98455,3.15211,3149.66,2.74972e-8,22701.5,0.0799295,1.30396,7.14314,7140.93,1.66649e-9,243030,7354.3,0.425274,7.26981,3.15114,3148.73,2.74971e-8,22700.2,0.0839636,1.35796,7.1715,7169.54,1.66649e-9,243030,7351.22,0.43428,7.78211,3.32505,3322.52,2.74971e-8,22699.6,0.0860008,1.45404,7.56924,7567.24,1.66649e-9,243030
3,206,7361.19,0.0203116,1.06437,0.58582,585.409,9.95512e-14,22701.5,0.00495828,0.201385,1.33815,1338.04,6.0334e-15,274289,7354.3,0.021319,1.10236,0.583328,582.928,1.00258e-13,22700.2,0.00520986,0.208728,1.33829,1338.24,6.07625e-15,274289,7351.22,0.0217809,1.21664,0.630245,629.814,9.68818e-14,22699.6,0.0054072,0.230412,1.44642,1446.37,5.87161e-15,274289
4,206,7361.19,0.00103448,0.15683,0.0928467,92.7858,-2.49184e-19,22701.5,0.000411732,0.030244,0.214979,214.99,-1.5102e-20,305548,7354.3,0.00108561,0.161618,0.0920443,91.9855,-2.1299e-19,22700.2,0.000432101,0.0311998,0.214091,214.114,-1.29085e-20,305548,7351.22,0.00111153,0.184331,0.102262,102.197,-1.88386e-19,22699.6,0.000462996,0.0355807,0.23794,237.966,-1.14173e-20,305548
6,206,7361.19,3.25175e-6,0.00290984,0.00193787,1.9367,1.00482e-25,22701.5,6.04705e-6,0.000588935,0.00466917,4.67008,6.08982e-27,183345,7354.3,3.40147e-6,0.00296232,0.0019014,1.90029,1.6296e-25,22700.2,6.29468e-6,0.0006007,0.00460496,4.60616,9.87633e-27,183345,7351.22,3.59485e-6,0.00362968,0.00225269,2.25137,1.9712e-25,22699.6,7.33085e-6,0.000734874,0.00545421,5.45558,1.19466e-26,183345
9,206,7361.19,2.0046e-9,4.13988e-6,3.49559e-6,0.00349379,-3.97185e-34,22701.5,1.33414e-8,9.2752e-7,9.15255e-6,0.00915667,-2.40718e-35,40.7991,7354.3,2.04629e-9,4.1023e-6,3.35551e-6,0.00335388,-2.44638e-33,22700.2,1.36433e-8,9.23067e-7,8.8451e-6,0.00884982,-1.48265e-34,40.7991,7351.22,2.5625e-9,5.66911e-6,4.42576e-6,0.00442356,-4.52059e-33,22699.6,1.76487e-8,1.26735e-6,1.1631e-5,0.0116369,-2.73975e-34,40.7991
14,206,7361.19,2.3627e-14,4.18932e-11,3.98198e-11,3.98035e-8,-1.085e-43,22701.5,2.21725e-13,1.20376e-11,1.2976e-10,1.29851e-7,-6.57577e-45,41.3743,7354.3,2.29221e-14,3.92357e-11,3.62852e-11,3.62717e-8,1.17804e-43,22700.2,2.17511e-13,1.14181e-11,1.19802e-10,1.199e-7,7.13964e-45,41.3743,7351.22,3.56721e-14,6.71641e-11,5.85601e-11,5.85371e-8,-8.27136e-44,22699.6,3.36111e-13,1.90721e-11,1.90319e-10,1.90464e-7,-5.01293e-45,41.3743
20,206,7361.19,-1.04955e-16,-1.8761e-13,-1.77963e-13,-1.77889e-10,-2.50875e-47,22701.5,-9.55006e-16,-5.21176e-14,-5.61594e-13,-5.61986e-10,-1.52045e-48,42.0645,7354.3,1.26522e-17,2.95794e-14,2.55383e-14,2.5524e-11,-3.10161e-46,22700.2,-1.1362e-16,-4.56878e-15,-4.88189e-14,-4.88839e-11,-1.87976e-47,42.0645,7351.22,-2.61964e-17,-4.89192e-14,-4.27271e-14,-4.27105e-11,4.20191e-51,22699.6,-2.69591e-16,-1.52294e-14,-1.52002e-13,-1.5212e-10,2.54661e-52,42.0645
0,301,7500,0,0,0,0,6.555e+9,22727.3,0,0,0,0,3.97273e+8,90698.8,7500,0,0,0,0,6.555e+9,22727.3,0,0,0,0,3.97273e+8,90698.8,7500,0,0,0,0,6.555e+9,22727.3,0,0,0,0,3.97273e+8,90698.8
1,301,7437.86,3.63883,16.066,4.36118,4357.06,13.5116,22715.8,0.672727,2.96387,9.80228,9794.13,0.818882,88321.5,7440.3,3.4957,16.1044,4.13077,4126.86,13.5124,22716.3,0.646071,2.97035,9.31818,9310.36,0.818931,88321.5,7437.82,3.64115,16.4952,4.25422,4250.2,13.5127,22715.8,0.673118,3.04299,9.59821,9590.23,0.81895,88321.5
2,301,7437.86,0.181291,2.8033,1.31969,1318.5,2.74969e-8,22715.8,0.0343475,0.518678,2.97042,2968.38,1.66648e-9,85944.1,7440.3,0.174156,2.97063,1.29964,1298.47,2.74948e-8,22716.3,0.0329651,0.549363,2.93559,2933.53,1.66635e-9,85944.1,7437.82,0.181405,2.97638,1.3179,1316.72,2.7494e-8,22715.8,0.0343619,0.550604,2.9775,2975.45,1.6663e-9,85944.1
3,301,7437.86,0.00905116,0.379403,0.226887,226.692,-2.2041e-14,22715.8,0.00188325,0.0706587,0.512555,512.262,-1.33582e-15,83566.7,7440.3,0.00869524,0.428816,0.234528,234.324,8.97499e-14,22716.3,0.00181033,0.0797571,0.531496,531.177,5.43939e-15,83566.7,7437.82,0.00905727,0.418795,0.233275,233.074,-1.59465e-14,22715.8,0.00188746,0.0779469,0.528862,528.556,-9.66456e-16,83566.7
4,301,7437.86,0.000454426,0.04751,0.0320217,31.9951,1.50255e-19,22715.8,0.000120028,0.00893756,0.0728102,72.7745,9.10636e-21,81189.4,7440.3,0.000436805,0.0576247,0.0350461,35.0165,-4.61754e-19,22716.3,0.000117157,0.0108102,0.0798814,79.8391,-2.79851e-20,81189.4,7437.82,0.000454916,0.0547246,0.0340732,34.0447,9.32075e-20,22715.8,0.000121626,0.0102799,0.0777201,77.6811,5.64894e-21,81189.4
6,301,7437.86,1.21498e-6,0.000668166,0.000505505,0.505101,-1.13829e-26,22715.8,9.19019e-7,0.000129246,0.00117405,1.17358,-6.89873e-28,48723.1,7440.3,1.18414e-6,0.000943261,0.000632382,0.631864,7.46425e-25,22716.3,1.00249e-6,0.000181061,0.00146785,1.46718,4.52378e-26,48723.1,7437.82,1.22685e-6,0.000843418,0.000582901,0.582431,-1.09406e-25,22715.8,9.99503e-7,0.000162446,0.00135578,1.35522,-6.63064e-27,48723.1
9,301,7437.86,3.12108e-10,9.24888e-7,7.68595e-7,0.000768001,-1.12462e-34,22715.8,1.29939e-9,1.88767e-7,1.87007e-6,0.00186948,-6.81589e-36,23.7616,7440.3,3.73839e-10,1.65898e-6,1.20436e-6,0.0012034,-1.66355e-32,22716.3,1.77909e-9,3.32304e-7,2.90382e-6,0.00290267,-1.00821e-33,23.7616,7437.82,3.5676e-10,1.34829e-6,1.01463e-6,0.00101383,1.6461e-33,22715.8,1.62304e-9,2.72208e-7,2.46011e-6,0.00245924,9.97637e-35,23.7616
14,301,7437.86,3.14602e-15,1.4761e-11,1.26918e-11,1.26822e-8,-4.89104e-45,22715.8,2.4529e-14,3.32692e-12,3.39249e-11,3.39155e-8,-2.96365e-46,48.6707,7440.3,5.90951e-15,3.70992e-11,2.76726e-11,2.76507e-8,-4.42765e-45,22716.3,4.57501e-14,8.05197e-12,7.20705e-11,7.20442e-8,-2.68342e-46,48.6707,7437.82,5.04867e-15,2.7761e-11,2.15049e-11,2.14883e-8,7.14457e-44,22715.8,3.86623e-14,6.09741e-12,5.65179e-11,5.65e-8,4.33005e-45,48.6707
20,301,7437.86,-3.05471e-18,-1.4472e-14,-1.24523e-14,-1.24428e-11,-2.64746e-51,22715.8,-2.46093e-17,-3.32912e-15,-3.39601e-14,-3.39507e-11,-1.60419e-52,78.5617,7440.3,-1.32822e-18,-8.38601e-15,-6.2591e-15,-6.25417e-12,1.51729e-53,22716.3,-1.07496e-17,-1.88755e-15,-1.69016e-14,-1.68955e-11,9.19571e-55,78.5617,7437.82,-9.24734e-19,-5.17287e-15,-4.01267e-15,-4.00957e-12,-1.27816e-50,22715.8,-7.2738e-18,-1.14303e-15,-1.06059e-14,-1.06025e-11,-7.74645e-52,78.5617
0,302,11250,0,0,0,0,9.8325e+9,31250,0,0,0,0,5.4625e+8,53834.4,11250,0,0,0,0,9.8325e+9,31250,0,0,0,0,5.4625e+8,53834.4,11250,0,0,0,0,9.8325e+9,31250,0,0,0,0,5.4625e+8,53834.4
1,302,11216,1.99115,8.44737,2.31941,2317.14,20.2672,31244.7,0.307992,1.30573,4.3693,4365.18,1.12595,76083.8,11216.7,1.95011,8.59948,2.2339,2231.71,20.267,31244.9,0.301624,1.32919,4.2241,4220.11,1.12594,76083.8,11211.4,2.26318,9.95283,2.58777,2585.24,20.2669,31244,0.350174,1.53877,4.89437,4889.79,1.12594,76083.8
2,302,11216,0.0991575,1.43257,0.684652,683.993,4.4871e-8,31244.7,0.0154589,0.221657,1.29037,1289.22,2.49283e-9,98333.1,11216.7,0.0971131,1.53265,0.682734,682.076,4.48334e-8,31244.9,0.0151378,0.237113,1.29158,1290.42,2.49074e-9,98333.1,11211.4,0.112708,1.76762,0.788925,788.17,4.48297e-8,31244,0.0175964,0.273575,1.49292,1491.61,2.49054e-9,98333.1
3,302,11216,0.00494148,0.192173,0.11589,115.781,1.30191e-14,31244.7,0.000794461,0.0298003,0.21869,218.503,7.23282e-16,120583,11216.7,0.00483975,0.217721,0.120645,120.53,-1.03547e-13,31244.9,0.000778608,0.0337503,0.228492,228.295,-5.7526e-15,120583,11211.4,0.00561777,0.250089,0.138983,138.852,-8.615e-14,31244,0.00090948,0.0387962,0.263353,263.132,-4.78611e-15,120583
4,302,11216,0.000246729,0.0244382,0.0163399,16.3246,1.38686e-20,31244.7,4.32759e-5,0.00380245,0.0309018,30.8762,7.70476e-22,142832,11216.7,0.000241701,0.0294758,0.0178998,17.8829,-5.75045e-19,31244.9,4.26863e-5,0.00458278,0.0339687,33.9402,-3.1947e-20,142832,11211.4,0.000280685,0.0337098,0.0205463,20.5271,-1.17216e-19,31244,5.05171e-5,0.00524749,0.0390228,38.9911,-6.51199e-21,142832
6,302,11216,6.28187e-7,0.000352407,0.00026437,0.264125,6.16346e-33,31244.7,1.95928e-7,5.53391e-5,0.000503524,0.503122,3.42415e-34,85732,11216.7,6.18365e-7,0.000486775,0.000326417,0.326113,-4.19669e-31,31244.9,2.08799e-7,7.62749e-5,0.000623315,0.622808,-2.33149e-32,85732,11211.4,7.21547e-7,0.000551468,0.000371548,0.371206,-5.99851e-27,31244,2.61955e-7,8.66314e-5,0.000710808,0.710251,-3.3325e-28,85732
9,302,11216,1.08021e-10,4.49786e-7,3.89058e-7,0.000388702,-4.1007e-46,31244.7,1.88125e-10,7.19549e-8,7.5262e-7,0.000752043,-2.27817e-47,82.114,11216.7,1.1869e-10,7.71737e-7,5.87004e-7,0.000586462,1.20641e-44,31244.9,2.53567e-10,1.22778e-7,1.13571e-6,0.00113482,6.70229e-46,82.114,11211.4,1.44512e-10,8.61067e-7,6.58792e-7,0.000658192,6.61601e-41,31244,3.31395e-10,1.37693e-7,1.27979e-6,0.00127882,3.67556e-42,82.114
14,302,11216,4.0665e-16,4.9661e-12,4.59045e-12,4.5863e-9,-1.62902e-54,31244.7,2.42538e-15,8.28859e-13,9.2288e-12,9.222e-9,-9.0501e-56,129.877,11216.7,5.35438e-16,1.06171e-11,8.59527e-12,8.58741e-9,-7.09844e-52,31244.9,4.07567e-15,1.75572e-12,1.72326e-11,1.72195e-8,-3.94358e-53,129.877,11211.4,1.31651e-15,1.5652e-11,1.2591e-11,1.25796e-8,1.10972e-48,31244,6.86137e-15,2.58909e-12,2.52415e-11,2.52231e-8,6.16512e-50,129.877
20,302,11216,-1.18104e-18,-1.38426e-14,-1.27812e-14,-1.27696e-11,-8.50747e-60,31244.7,-6.82455e-18,-2.33e-15,-2.59125e-14,-2.58934e-11,-4.72638e-61,187.194,11216.7,-5.8273e-19,-8.73225e-15,-7.00727e-15,-7.00086e-12,-1.05403e-58,31244.9,-3.35759e-18,-1.46173e-15,-1.4228e-14,-1.42171e-11,-5.85571e-60,187.194,11211.4,-1.00209e-18,-1.25723e-14,-1.01452e-14,-1.01361e-11,2.59674e-55,31244,-5.66859e-18,-2.11786e-15,-2.07034e-14,-2.06883e-11,1.44263e-56,187.194
0,303,11250,0,0,0,0,9.8325e+9,31250,0,0,0,0,5.4625e+8,373100,11250,0,0,0,0,9.8325e+9,31250,0,0,0,0,5.4625e+8,373100,11250,0,0,0,0,9.8325e+9,31250,0,0,0,0,5.4625e+8,373100
1,303,11172.5,4.54039,23.6895,6.10285,6097.02,20.2677,31238,0.704554,3.66929,11.5182,11508.1,1.12598,335246,11171.9,4.57545,24.2305,5.952,5946.31,20.2673,31237.9,0.70998,3.75314,11.2765,11266.6,1.12596,335246,11167.6,4.82664,25.5356,6.27459,6268.62,20.267,31237.2,0.749184,3.95609,11.8899,11879.6,1.12594,335246
2,303,11172.5,0.226211,5.01158,2.13001,2128.05,4.42456e-8,31238,0.0359146,0.777824,4.02437,4021.26,2.45809e-9,297391,11171.9,0.227956,5.23042,2.10767,2105.73,4.48865e-8,31237.9,0.0361811,0.811735,3.99726,3994.17,2.49369e-9,297391,11167.6,0.240479,5.50456,2.21971,2217.68,4.48489e-8,31237.2,0.0382261,0.854547,4.21077,4207.57,2.4916e-9,297391
3,303,11172.5,0.0112995,0.821518,0.428914,428.53,1.50228e-13,31238,0.00198458,0.12804,0.812461,811.89,8.34602e-15,259536,11171.9,0.0113867,0.877644,0.432248,431.861,1.50366e-13,31237.9,0.00200018,0.136751,0.821797,821.219,8.35367e-15,259536,11167.6,0.0120143,0.922158,0.454653,454.249,1.51247e-13,31237.2,0.00212401,0.143764,0.864723,864.129,8.40263e-15,259536
4,303,11172.5,0.000569143,0.122473,0.0711299,71.0677,-8.82246e-20,31238,0.00013368,0.0192057,0.135318,135.23,-4.90137e-21,221682,11171.9,0.000573665,0.134179,0.0732262,73.162,-1.05684e-18,31237.9,0.000135575,0.0210283,0.139792,139.701,-5.87132e-20,221682,11167.6,0.000605646,0.140737,0.0769077,76.8408,-1.03866e-18,31237.2,0.000145677,0.022075,0.14691,146.817,-5.77035e-20,221682
6,303,11172.5,1.60968e-6,0.00227057,0.0015006,1.49932,-3.07763e-25,31238,1.39613e-6,0.000361985,0.00289262,2.89091,-1.7098e-26,133032,11171.9,1.63491e-6,0.00262285,0.00162063,1.61925,-1.05206e-23,31237.9,1.47961e-6,0.000417421,0.00313254,3.13066,-5.84476e-25,133032,11167.6,1.73658e-6,0.00274058,0.00169633,1.69489,-9.76101e-24,31237.2,1.62681e-6,0.000436921,0.00328316,3.28127,-5.42278e-25,133032
9,303,11172.5,6.9037e-10,3.79801e-6,2.98219e-6,0.00297973,-1.15613e-34,31238,2.87386e-9,6.26256e-7,5.91442e-6,0.00591135,-6.42295e-36,58.4418,11171.9,7.66412e-10,4.76019e-6,3.47604e-6,0.00347315,9.62168e-32,31237.9,3.28992e-9,7.8151e-7,6.89911e-6,0.00689547,5.34538e-33,58.4418,11167.6,8.35187e-10,4.94323e-6,3.61779e-6,0.00361483,7.44344e-32,31237.2,3.62679e-9,8.14448e-7,7.20085e-6,0.00719724,4.13524e-33,58.4418
14,303,11172.5,1.00656e-14,5.96749e-11,5.0466e-11,5.04256e-8,1.20742e-43,31238,5.83952e-14,1.06119e-11,1.07224e-10,1.07175e-7,6.70788e-45,67.5558,11171.9,1.2976e-14,8.53001e-11,6.68037e-11,6.67498e-8,2.4751e-40,31237.9,7.51833e-14,1.5008e-11,1.41288e-10,1.41222e-7,1.37505e-41,67.5558,11167.6,1.44078e-14,8.93738e-11,7.0156e-11,7.01001e-8,-2.37294e-40,31237.2,8.38339e-14,1.58282e-11,1.49205e-10,1.4914e-7,-1.3183e-41,67.5558
20,303,11172.5,6.31692e-17,3.75877e-13,3.17391e-13,3.17136e-10,-8.75119e-47,31238,3.54549e-16,6.491e-14,6.55229e-13,6.54928e-10,-4.86177e-48,78.4927,11171.9,-1.05717e-16,-6.92936e-13,-5.43322e-13,-5.42884e-10,1.67207e-44,31237.9,-6.25527e-16,-1.24186e-13,-1.17001e-12,-1.16946e-9,9.28925e-46,78.4927,11167.6,-3.34795e-17,-2.07202e-13,-1.6279e-13,-1.62661e-10,1.18835e-45,31237.2,-2.00367e-16,-3.76789e-14,-3.5538e-13,-3.55225e-10,6.60193e-47,78.4927
0,304,11250,0,0,0,0,9.8325e+9,31250,0,0,0,0,5.4625e+8,197514,11250,0,0,0,0,9.8325e+9,31250,0,0,0,0,5.4625e+8,197514,11250,0,0,0,0,9.8325e+9,31250,0,0,0,0,5.4625e+8,197514
1,304,11009.1,14.1022,72.9492,18.8256,18809.4,20.269,31212.4,2.21402,11.3882,35.7853,35763.5,1.12605,182334,11023.7,13.2435,69.1448,17.0449,17030.1,20.2668,31214.7,2.0766,10.7862,32.5021,32481.6,1.12593,182334,11005.5,14.3131,76.0925,18.6488,18632.8,20.2691,31211.8,2.24737,11.8803,35.589,35567.4,1.12606,182334
2,304,11009.1,0.703614,15.5362,6.57382,6568.88,4.4247e-8,31212.4,0.118368,2.44073,12.5379,12534.2,2.45816e-9,167153,11023.7,0.660643,14.9107,6.00583,6001.22,4.47836e-8,31214.7,0.110363,2.33921,11.4868,11482.9,2.48798e-9,167153,11005.5,0.71415,16.8175,6.68814,6683.12,4.4247e-8,31211.8,0.120244,2.64166,12.805,12801.3,2.45816e-9,167153
3,304,11009.1,0.035387,2.62049,1.3432,1342.3,1.3634e-13,31212.4,0.00782833,0.416999,2.58239,2582.18,7.57445e-15,151973,11023.7,0.0331993,2.55138,1.24115,1240.29,1.39869e-13,31214.7,0.00716915,0.404879,2.39095,2390.61,7.77047e-15,151973,11005.4,0.0359307,2.96137,1.41378,1412.82,1.33897e-13,31211.8,0.00803372,0.470833,2.72767,2727.43,7.43871e-15,151973
4,304,11009.1,0.00182643,0.41209,0.230355,230.211,-7.87426e-19,31212.4,0.000744668,0.0667766,0.448761,448.785,-4.37458e-20,136792,11023.7,0.00170945,0.407456,0.215691,215.551,-8.10848e-19,31214.7,0.000667516,0.0657107,0.420445,420.436,-4.50471e-20,136792,11005.4,0.00185957,0.487875,0.252329,252.17,9.61679e-20,31211.8,0.000789486,0.0788855,0.492961,492.982,5.34265e-21,136792
6,304,11009.1,6.67971e-6,0.0090999,0.00553949,5.53632,-5.95272e-25,31212.4,1.40262e-5,0.00154359,0.0112161,11.2182,-3.30706e-26,82107.8,11023.7,6.16939e-6,0.00928976,0.00534312,5.33989,-5.89235e-25,31214.7,1.255e-5,0.00156006,0.0107788,10.7799,-3.27352e-26,82107.8,11005.4,7.15036e-6,0.0118833,0.00664282,6.63895,1.44919e-26,31211.8,1.63645e-5,0.00200333,0.0134507,13.4529,8.05102e-28,82107.8
9,304,11009.1,7.91552e-9,2.33899e-5,1.56281e-5,0.0156199,-1.33741e-41,31212.4,4.46843e-8,4.30998e-6,3.41228e-5,0.0341332,-7.43004e-43,80.7738,11023.7,7.40951e-9,2.50525e-5,1.57924e-5,0.0157835,-3.2659e-42,31214.7,4.138e-8,4.52605e-6,3.40575e-5,0.0340647,-1.81439e-43,80.7738,11005.4,1.04786e-8,3.55836e-5,2.16954e-5,0.0216836,-9.36302e-43,31211.8,5.99181e-8,6.46271e-6,4.70474e-5,0.0470601,-5.20167e-44,80.7738
14,304,11009.1,3.08093e-13,8.89899e-10,6.13669e-10,6.13363e-7,1.07577e-52,31212.4,2.15269e-12,1.92364e-10,1.56306e-9,1.56365e-6,5.97649e-54,66.4837,11023.7,3.11533e-13,1.03246e-9,6.71134e-10,6.70773e-7,5.88914e-52,31214.7,2.11765e-12,2.14713e-10,1.65806e-9,1.65852e-6,3.27174e-53,66.4837,11005.4,5.31549e-13,1.75223e-9,1.09892e-9,1.09835e-6,1.56883e-52,31211.8,3.64926e-12,3.669e-10,2.73546e-9,2.73637e-6,8.71569e-54,66.4837
20,304,11009.1,3.42404e-16,9.88274e-13,6.81614e-13,6.81275e-10,1.14501e-59,31212.4,2.48496e-15,2.21927e-13,1.80336e-12,1.80404e-9,6.36116e-61,49.3356,11023.7,-1.77729e-16,-5.8844e-13,-3.82579e-13,-3.82374e-10,4.39265e-58,31214.7,-1.26648e-15,-1.28311e-13,-9.90899e-13,-9.91174e-10,2.44035e-59,49.3356,11005.4,-4.77058e-18,-1.57185e-14,-9.85983e-15,-9.85474e-12,-4.16389e-63,31211.8,-2.79649e-17,-2.81038e-15,-2.09568e-14,-2.09638e-11,-2.31326e-64,49.3356
0,305,11250,0,0,0,0,9.8325e+9,31250,0,0,0,0,5.4625e+8,156208,11250,0,0,0,0,9.8325e+9,31250,0,0,0,0,5.4625e+8,156208,11250,0,0,0,0,9.8325e+9,31250,0,0,0,0,5.4625e+8,156208
1,305,11167.9,4.80575,21.9439,5.89539,5889.78,20.2676,31237.3,0.745867,3.39973,11.129,11119.3,1.12598,143493,11165.6,4.9445,22.7928,5.84877,5843.21,20.2667,31236.9,0.767477,3.5316,11.0841,11074.5,1.12593,143493,11160.1,5.26439,24.4091,6.25168,6245.76,20.2671,31236.1,0.817442,3.78301,11.8504,11840.3,1.12595,143493
2,305,11167.9,0.239415,3.96395,1.8315,1829.83,4.42456e-8,31237.3,0.0379302,0.61556,3.46141,3458.81,2.45809e-9,130779,11165.6,0.246327,4.16866,1.83292,1831.25,4.48044e-8,31236.9,0.0390302,0.647389,3.47757,3474.99,2.48913e-9,130779,11160.1,0.262275,4.49873,1.96977,1968,4.48641e-8,31236.1,0.0416346,0.698928,3.73838,3735.67,2.49245e-9,130779
3,305,11167.9,0.0119511,0.552925,0.323272,322.988,-6.62989e-15,31237.3,0.00205379,0.0863039,0.612739,612.334,-3.68325e-16,118064,11165.6,0.0122963,0.589858,0.327032,326.746,-3.0007e-15,31236.9,0.00211523,0.0920641,0.62225,621.844,-1.66707e-16,118064,11160.1,0.0130951,0.642299,0.35383,353.522,1.64226e-13,31236.1,0.0022706,0.100318,0.673566,673.141,9.12366e-15,118064
4,305,11167.9,0.000599838,0.0708122,0.0467168,46.6769,3.76643e-20,31237.3,0.000127927,0.0111398,0.0890022,88.9492,2.09245e-21,105349,11165.6,0.000617261,0.0767279,0.0478608,47.82,1.59332e-20,31236.9,0.000132334,0.0120672,0.0915233,91.4696,8.85187e-22,105349,11160.1,0.000657824,0.0843771,0.052197,52.153,-8.07206e-19,31236.1,0.000144347,0.0132847,0.0998934,99.8372,-4.48448e-20,105349
6,305,11167.9,1.60337e-6,0.00102336,0.000763035,0.762405,-4.79049e-26,31237.3,9.42718e-7,0.000164539,0.00147806,1.4773,-2.66137e-27,63224.1,11165.6,1.65517e-6,0.00114604,0.000804813,0.804151,-2.54136e-26,31236.9,1.00227e-6,0.000184073,0.00156414,1.56334,-1.41188e-27,63224.1,11160.1,1.77759e-6,0.00128743,0.000894264,0.893537,7.4837e-25,31236.1,1.15133e-6,0.000207212,0.00174084,1.74,4.15761e-26,63224.1
9,305,11167.9,4.16929e-10,1.41709e-6,1.18056e-6,0.00117961,1.35136e-33,31237.3,1.33163e-9,2.37808e-7,2.37233e-6,0.00237126,7.50751e-35,37.2153,11165.6,4.49681e-10,1.66898e-6,1.30583e-6,0.00130478,-6.28157e-35,31236.9,1.48993e-9,2.79281e-7,2.6292e-6,0.00262803,-3.48979e-36,37.2153,11160.1,5.16011e-10,1.93977e-6,1.49758e-6,0.0014964,3.49724e-33,31236.1,1.79893e-9,3.25802e-7,3.02508e-6,0.00302382,1.94291e-34,37.2153
14,305,11167.9,4.44907e-15,2.27904e-11,1.97894e-11,1.97739e-8,-8.18735e-43,31237.3,2.52697e-14,4.135e-12,4.27865e-11,4.27689e-8,-4.5485e-44,45.7278,11165.6,5.38335e-15,2.92433e-11,2.3803e-11,2.37844e-8,3.72057e-47,31236.9,3.06001e-14,5.26905e-12,5.13808e-11,5.136e-8,2.067e-48,45.7278,11160.1,5.87427e-15,3.16201e-11,2.5412e-11,2.53924e-8,-4.58147e-44,31236.1,3.48743e-14,5.78024e-12,5.56037e-11,5.55829e-8,-2.54526e-45,45.7278
20,305,11167.9,-1.40849e-18,-7.30919e-15,-6.35407e-15,-6.34908e-12,-6.48203e-50,31237.3,-8.06168e-18,-1.31569e-15,-1.36262e-14,-1.36206e-11,-3.60111e-51,55.9428,11165.6,-1.27977e-18,-7.15132e-15,-5.83645e-15,-5.83188e-12,-1.10912e-53,31236.9,-7.66511e-18,-1.31018e-15,-1.28018e-14,-1.27967e-11,-6.16181e-55,55.9428,11160.1,-8.94583e-19,-4.83754e-15,-3.89049e-15,-3.88749e-12,5.77695e-51,31236.1,-5.37034e-18,-8.87747e-16,-8.54347e-15,-8.5403e-12,3.20941e-52,55.9428
0,306,7500,0,0,0,0,6.555e+9,22727.3,0,0,0,0,3.97273e+8,258440,7500,0,0,0,0,6.555e+9,22727.3,0,0,0,0,3.97273e+8,258440,7500,0,0,0,0,6.555e+9,22727.3,0,0,0,0,3.97273e+8,258440
1,306,7471.86,1.64775,8.48821,2.18946,2187.33,13.5112,22722.1,0.303551,1.56204,4.9102,4905.65,0.818863,274388,7471.58,1.66465,8.41668,2.09254,2090.5,13.5112,22722,0.306656,1.5489,4.71078,4706.42,0.818861,274388,7470.36,1.73603,9.11647,2.23908,2236.9,13.5111,22721.8,0.319855,1.67782,5.04106,5036.41,0.818857,274388
2,306,7471.86,0.082068,1.84481,0.771733,770.995,2.74971e-8,22722.1,0.0153253,0.339896,1.73182,1730.31,1.66649e-9,290335,7471.58,0.0829078,1.78451,0.724486,723.794,2.74972e-8,22722,0.0154711,0.328785,1.63198,1630.57,1.6665e-9,290335,7470.36,0.0864658,2.03331,0.804123,803.356,2.74973e-8,22721.8,0.0161571,0.374661,1.81155,1809.99,1.6665e-9,290335
3,306,7471.86,0.00409344,0.327358,0.162497,162.344,4.70967e-14,22722.1,0.000814329,0.0604575,0.365205,364.903,2.85435e-15,306282,7471.58,0.00413476,0.307802,0.149138,148.997,5.06541e-14,22722,0.000818466,0.0568451,0.336447,336.17,3.06995e-15,306282,7470.36,0.00431325,0.371767,0.173413,173.25,4.73707e-14,22721.8,0.000861803,0.0686641,0.391261,390.94,2.87095e-15,306282
4,306,7471.86,0.000205237,0.0559772,0.0295083,29.4806,1.72728e-19,22722.1,5.03102e-5,0.0103718,0.0664822,66.4286,1.04684e-20,322229,7471.58,0.000207172,0.0510675,0.0263754,26.3508,1.56641e-19,22722,4.96982e-5,0.00946214,0.0596473,59.5996,9.49341e-21,322229,7470.36,0.000216377,0.0656464,0.0323898,32.3595,3.03754e-18,22721.8,5.41169e-5,0.0121634,0.0732579,73.1993,1.84094e-19,322229
6,306,7471.86,5.62811e-7,0.00140371,0.000817235,0.816476,-1.13719e-24,22722.1,4.95296e-7,0.000262177,0.00185392,1.85247,-6.89204e-26,193385,7471.58,5.6042e-7,0.00119809,0.000687688,0.687051,-1.16261e-25,22722,4.45779e-7,0.000223802,0.00156596,1.56475,-7.04612e-27,193385,7470.36,6.01679e-7,0.00176163,0.000955418,0.954533,1.364e-23,22721.8,5.83219e-7,0.000328939,0.00217548,2.17379,8.26668e-25,193385
9,306,7471.86,2.57834e-10,3.2105e-6,2.28558e-6,0.00228349,-7.85984e-33,22722.1,1.37309e-9,6.0941e-7,5.2568e-6,0.0052529,-4.76354e-34,118.921,7471.58,2.17816e-10,2.43596e-6,1.73134e-6,0.00172976,-8.52598e-35,22722,1.09441e-9,4.62722e-7,3.99838e-6,0.00399546,-5.16726e-36,118.921,7470.36,3.23571e-10,4.48312e-6,2.95179e-6,0.0029491,1.06829e-31,22721.8,1.81474e-9,8.50136e-7,6.81107e-6,0.00680606,6.47451e-33,118.921
14,306,7471.86,5.55605e-15,7.20421e-11,5.58189e-11,5.57687e-8,4.62727e-42,22722.1,3.97551e-14,1.42099e-11,1.32939e-10,1.32846e-7,2.80441e-43,98.8403,7471.58,3.69715e-15,4.4746e-11,3.49426e-11,3.49113e-8,-3.07293e-43,22722,2.65148e-14,8.85039e-12,8.36768e-11,8.36196e-8,-1.86238e-44,98.8403,7470.36,8.67741e-15,1.21083e-10,8.62472e-11,8.61696e-8,8.13818e-42,22721.8,6.22954e-14,2.38027e-11,2.05684e-10,2.0554e-7,4.93223e-43,98.8403
20,306,7471.86,-2.06658e-17,-2.66901e-13,-2.07048e-13,-2.06862e-10,-3.61802e-47,22722.1,-1.50266e-16,-5.33533e-14,-4.99614e-13,-4.99265e-10,-2.19274e-48,74.7431,7471.58,-1.20404e-18,-1.44884e-14,-1.13355e-14,-1.13254e-11,-2.62427e-50,22722,-8.95114e-18,-2.95622e-15,-2.7989e-14,-2.79699e-11,-1.59047e-51,74.7431,7470.36,-2.59527e-17,-3.62902e-13,-2.58353e-13,-2.58121e-10,-5.28998e-46,22721.8,-1.85433e-16,-7.10785e-14,-6.13937e-13,-6.13508e-10,-3.20605e-47,74.7431
