id,time,y1,Weight_,ECL_Slope,ECL_Intercept,popPred_medianCOV,popPred,indivPred_SAEM,indivPred_mean,indivPred_mode,indWRes_SAEM,indWRes_mean,indWRes_mode
101,0,2.67761,5.00633,-227224,1.05997e+6,-5,-5,-5,-5,-5,7.12599,7.12599,7.12599
101,1,5.66745,5.00633,-227224,1.05997e+6,5.88905,5.88905,5.91472,5.91293,5.91129,-0.229504,-0.22784,-0.226317
101,2,3.70812,5.00633,-227224,1.05997e+6,5.47341,5.47341,5.53416,5.53164,5.52769,-1.69484,-1.69251,-1.68884
101,3,4.42351,5.00633,-227224,1.05997e+6,4.85901,4.85901,4.96488,4.96145,4.95447,-0.50247,-0.499282,-0.492807
101,4,4.7715,5.00633,26405.3,45454.9,4.18976,4.18976,4.34753,4.34305,4.33261,0.393515,0.397672,0.407363
101,6,2.67761,5.00633,26405.3,45454.9,2.81173,2.81173,3.08217,3.07545,3.05753,-0.375497,-0.369256,-0.352627
101,9,2.67761,5.00633,2770.75,258166,0.730811,0.730811,1.17506,1.16489,1.1355,1.39459,1.40403,1.43131
101,14,2.67761,5.00633,2770.75,258166,-2.73882,-2.73882,-2.00418,-2.0201,-2.06866,4.34541,4.36019,4.40525
101,20,2.67761,5.00633,0,313581,-5,-5,-5,-5,-5,7.12599,7.12599,7.12599
102,0,2.67761,3.70972,121482,552049,-5,-5,-5,-5,-5,7.12599,7.12599,7.12599
102,1,5.93337,3.70972,121482,552049,6.03842,6.03842,6.09066,6.09302,6.08784,-0.145988,-0.148177,-0.143372
102,2,5.72082,3.70972,121482,552049,5.62965,5.62965,5.75124,5.76136,5.74918,-0.0282351,-0.0376203,-0.0263227
102,3,4.43074,3.70972,121482,552049,5.0185,5.0185,5.22916,5.24905,5.2279,-0.741063,-0.75952,-0.73989
102,4,6.30035,3.70972,-119446,1.51576e+6,4.35302,4.35302,4.66525,4.69614,4.66489,1.51762,1.48895,1.51795
102,6,4.83362,3.70972,-119446,1.51576e+6,2.98574,2.98574,3.51547,3.56962,3.51707,1.22344,1.17318,1.22196
102,9,2.67761,3.70972,12404.7,329105,0.916528,0.916528,1.78092,1.87044,1.78536,0.832258,0.74917,0.828142
102,14,2.67761,3.70972,12404.7,329105,-2.54387,-2.54387,-1.11677,-0.968169,-1.10783,3.52176,3.38383,3.51346
102,20,2.67761,3.70972,0,577199,-5,-5,-4.59341,-4.37392,-4.57904,6.74861,6.54489,6.73527
103,0,2.67761,5.15609,-56696.2,387296,-5,-5,-5,-5,-5,7.12599,7.12599,7.12599
103,1,6.14006,5.15609,-56696.2,387296,5.72973,5.72973,5.66288,5.66333,5.6655,0.442901,0.442486,0.44047
103,2,4.06553,5.15609,-56696.2,387296,5.32673,5.32673,5.17438,5.17439,5.18281,-1.02918,-1.0292,-1.03701
103,3,3.50323,5.15609,-56696.2,387296,4.71683,4.71683,4.45553,4.45505,4.47126,-0.88388,-0.883428,-0.898481
103,4,2.67761,5.15609,-168.925,161187,4.05063,4.05063,3.66201,3.66094,3.68632,-0.913672,-0.912683,-0.936243
103,6,3.07839,5.15609,-168.925,161187,2.67774,2.67774,2.00356,2.00117,2.04757,0.997612,0.999826,0.956758
103,9,2.67761,5.15609,-5099.52,205562,0.604217,0.604217,-0.522634,-0.527166,-0.446563,2.97031,2.97452,2.89971
103,14,2.67761,5.15609,-5099.52,205562,-2.85339,-2.85339,-4.74149,-4.74966,-4.61113,6.88605,6.89364,6.76505
103,20,2.67761,5.15609,0,103572,-5,-5,-5,-5,-5,7.12599,7.12599,7.12599
104,0,2.67761,3.50043,-6490.93,207751,-5,-5,-5,-5,-5,7.12599,7.12599,7.12599
104,1,3.93231,3.50043,-6490.93,207751,5.89361,5.89361,5.92999,5.92834,5.92984,-1.85415,-1.85261,-1.85401
104,2,6.8876,3.50043,-6490.93,207751,5.49112,5.49112,5.59234,5.58943,5.58863,1.2022,1.2049,1.20564
104,3,4.71436,3.50043,-6490.93,207751,4.88171,4.88171,5.06588,5.06139,5.05769,-0.326268,-0.322097,-0.318662
104,4,3.85189,3.50043,54322.9,-35503.7,4.21634,4.21634,4.49536,4.48907,4.4821,-0.597241,-0.591401,-0.584931
104,6,4.86624,3.50043,54322.9,-35503.7,2.84647,2.84647,3.32966,3.31955,3.30563,1.42618,1.43557,1.44848
104,9,2.84409,3.50043,-28790,712512,0.782342,0.782342,1.57808,1.56213,1.53766,1.17505,1.18985,1.21257
104,14,2.67761,3.50043,-28790,712512,-2.65147,-2.65147,-1.33632,-1.362,-1.40404,3.72554,3.74937,3.78839
104,20,2.67761,3.50043,0,136712,-5,-5,-4.84301,-4.88035,-4.94353,6.98028,7.01493,7.07358
105,0,2.67761,3.66441,21652.4,149358,-5,-5,-5,-5,-5,7.12599,7.12599,7.12599
105,1,4.9394,3.66441,21652.4,149358,5.85702,5.85702,5.81405,5.8106,5.81024,-0.811812,-0.808605,-0.808273
105,2,5.95252,3.66441,21652.4,149358,5.45538,5.45538,5.36532,5.35526,5.35558,0.545013,0.554347,0.554051
105,3,6.37785,3.66441,21652.4,149358,4.84643,4.84643,4.69602,4.67761,4.67878,1.56099,1.57808,1.577
105,4,4.36328,3.66441,-25313.9,337223,4.18171,4.18171,3.96111,3.93295,3.9351,0.373272,0.39941,0.397417
105,6,2.67761,3.66441,-25313.9,337223,2.81354,2.81354,2.4378,2.38776,2.39212,0.222574,0.269019,0.264976
105,9,2.67761,3.66441,-2437.09,131332,0.746822,0.746822,0.12851,0.0438316,0.0516886,2.36595,2.44454,2.43725
105,14,2.67761,3.66441,-2437.09,131332,-2.70265,-2.70265,-3.72856,-3.87163,-3.85786,5.9459,6.07869,6.06591
105,20,2.67761,3.66441,0,82590,-5,-5,-5,-5,-5,7.12599,7.12599,7.12599
106,0,2.67761,3.39563,-25770.4,371857,-5,-5,-5,-5,-5,7.12599,7.12599,7.12599
106,1,6.16288,3.39563,-25770.4,371857,5.97895,5.97895,6.01103,6.00808,6.00906,0.140937,0.143679,0.142763
106,2,6.10571,3.39563,-25770.4,371857,5.57373,5.57373,5.65249,5.64852,5.64888,0.42066,0.424342,0.424005
106,3,5.64844,3.39563,-25770.4,371857,4.96328,4.96328,5.10181,5.09651,5.09613,0.507349,0.512271,0.512628
106,4,4.12379,3.39563,-10868.5,312249,4.29701,4.29701,4.50412,4.49729,4.49606,-0.353,-0.346659,-0.345522
106,6,2.67761,3.39563,-10868.5,312249,2.92463,2.92463,3.28009,3.26999,3.26696,-0.559197,-0.549819,-0.547012
106,9,2.86835,3.39563,-9237.37,297569,0.851871,0.851871,1.43571,1.42059,1.41482,1.32971,1.34374,1.3491
106,14,2.67761,3.39563,-9237.37,297569,-2.60542,-2.60542,-1.63989,-1.66337,-1.67372,4.00729,4.02908,4.0387
106,20,2.67761,3.39563,0,112821,-5,-5,-5,-5,-5,7.12599,7.12599,7.12599
201,0,2.67761,4.29105,-12498.5,146812,-5,-5,-5,-5,-5,7.12599,7.12599,7.12599
201,1,6.09252,4.29105,-12498.5,146812,5.85414,4.58703,4.65612,4.64715,4.65327,1.33319,1.34152,1.33584
201,2,3.20227,4.29105,-12498.5,146812,5.45238,4.18905,4.32184,4.31051,4.31647,-1.03913,-1.02861,-1.03414
201,3,4.8367,4.29105,-12498.5,146812,4.84311,3.57919,3.79391,3.77956,3.78529,0.967867,0.981187,0.975862
201,4,3.52609,4.29105,-19339.4,174175,4.1777,2.91153,3.22033,3.20253,3.20803,0.283799,0.300311,0.295214
201,6,4.06981,4.29105,-19339.4,174175,2.80709,1.53465,2.04686,2.02173,2.02671,1.87761,1.90093,1.89631
201,9,2.67761,4.29105,-9.1592,203.215,0.73663,-0.545328,0.279783,0.243464,0.24764,2.22555,2.25926,2.25538
201,14,2.67761,4.29105,-9.1592,203.215,-2.71759,-4.0137,-2.66594,-2.72091,-2.71807,4.95962,5.01065,5.00801
201,20,2.67761,4.29105,0,20.0305,-5,-5,-5,-5,-5,7.12599,7.12599,7.12599
202,0,2.67761,3.50765,-469.321,172538,-5,-5,-5,-5,-5,7.12599,7.12599,7.12599
202,1,4.52848,3.50765,-469.321,172538,5.87157,4.61609,4.584,4.57746,4.57971,-0.0515338,-0.0454606,-0.0475508
202,2,4.17619,3.50765,-469.321,172538,5.46956,4.21815,4.14589,4.13922,4.13999,0.0281208,0.0343092,0.0335954
202,3,2.67761,3.50765,-469.321,172538,4.86032,3.60832,3.48455,3.47773,3.4766,-0.748968,-0.742633,-0.741589
202,4,2.67761,3.50765,-34124.9,307160,4.19512,2.9407,2.75684,2.74983,2.74648,-0.0735412,-0.0670323,-0.0639267
202,6,2.67761,3.50765,-34124.9,307160,2.82522,1.56394,1.24659,1.23915,1.23081,1.32821,1.33511,1.34285
202,9,2.67761,3.50765,-1.25476,46.9056,0.755231,-0.515936,-1.04268,-1.05078,-1.06704,3.45299,3.46051,3.4756
202,14,2.67761,3.50765,-1.25476,46.9056,-2.6998,-3.9843,-4.862,-4.87119,-4.90078,6.9979,7.00643,7.0339
202,20,2.67761,3.50765,0,21.8104,-5,-5,-5,-5,-5,7.12599,7.12599,7.12599
203,0,2.67761,3.0958,14939.5,88608.1,-5,-5,-5,-5,-5,7.12599,7.12599,7.12599
203,1,4.2055,3.0958,14939.5,88608.1,5.81431,4.52422,4.52887,4.53084,4.52581,-0.300133,-0.301966,-0.2973
203,2,4.9955,3.0958,14939.5,88608.1,5.41329,4.12631,4.12582,4.13067,4.12389,0.807187,0.802686,0.808983
203,3,2.67761,3.0958,14939.5,88608.1,4.8044,3.51648,3.50939,3.51794,3.5089,-0.772025,-0.779955,-0.771563
203,4,2.67761,3.0958,-29653.6,266981,4.13952,2.84884,2.83409,2.84693,2.83527,-0.145245,-0.157158,-0.146332
203,6,2.67761,3.0958,-29653.6,266981,2.77063,1.47203,1.44045,1.46273,1.44529,1.14827,1.12759,1.14378
203,9,2.67761,3.0958,-4.86805,141.903,0.702495,-0.607879,-0.665648,-0.628673,-0.655083,3.10305,3.06873,3.09324
203,14,2.67761,3.0958,-4.86805,141.903,-2.74948,-4.07624,-4.17784,-4.11627,-4.1577,6.36289,6.30575,6.3442
203,20,2.67761,3.0958,0,44.5424,-5,-5,-5,-5,-5,7.12599,7.12599,7.12599
204,0,2.67761,3.2607,-11241.5,134505,-5,-5,-5,-5,-5,7.12599,7.12599,7.12599
204,1,4.68525,3.2607,-11241.5,134505,5.8458,4.57351,4.5672,4.57046,4.57124,0.109566,0.106544,0.105814
204,2,5.83251,3.2607,-11241.5,134505,5.44419,4.17552,4.167,4.17416,4.17073,1.54584,1.5392,1.54238
204,3,2.67761,3.2607,-11241.5,134505,4.83497,3.56567,3.55429,3.56646,3.55762,-0.813696,-0.824987,-0.816783
204,4,2.67761,3.2607,-17890.3,161101,4.16958,2.898,2.88332,2.9013,2.88618,-0.190932,-0.207619,-0.193585
204,6,2.67761,3.2607,-17890.3,161101,2.79904,1.52112,1.49916,1.52991,1.50099,1.09378,1.06524,1.09208
204,9,2.67761,3.2607,-5.11755,133.92,0.728769,-0.558876,-0.592137,-0.54154,-0.5919,3.03482,2.98786,3.0346
204,14,2.67761,3.2607,-5.11755,133.92,-2.72502,-4.02723,-4.07943,-3.99562,-4.08186,6.27156,6.19377,6.27381
204,20,2.67761,3.2607,0,31.5692,-5,-5,-5,-5,-5,7.12599,7.12599,7.12599
205,0,2.67761,3.68253,11472.9,257207,-5,-5,-5,-5,-5,7.12599,7.12599,7.12599
205,1,5.3961,3.68253,11472.9,257207,5.92317,4.70994,4.70555,4.69951,4.702,0.640939,0.646542,0.644234
205,2,4.44089,3.68253,11472.9,257207,5.52003,4.31205,4.30344,4.30002,4.30233,0.127568,0.130745,0.1286
205,3,3.51356,3.68253,11472.9,257207,4.91057,3.70228,3.68824,3.68818,3.69026,-0.162136,-0.162076,-0.164011
205,4,2.67761,3.68253,-60603.4,545512,4.24544,3.03476,3.01443,3.01826,3.02008,-0.31262,-0.316176,-0.317869
205,6,2.68668,3.68253,-60603.4,545512,2.87598,1.65825,1.62408,1.63648,1.63773,0.986259,0.974753,0.973591
205,9,2.67761,3.68253,-3.005,108.781,0.805481,-0.421401,-0.477096,-0.45137,-0.451009,2.92804,2.90417,2.90383
205,14,2.67761,3.68253,-3.005,108.781,-2.65247,-3.88984,-3.98147,-3.93351,-3.93465,6.18064,6.13613,6.13718
205,20,2.67761,3.68253,0,48.6805,-5,-5,-5,-5,-5,7.12599,7.12599,7.12599
206,0,2.67761,5.95447,-45694.8,267024,-5,-5,-5,-5,-5,7.12599,7.12599,7.12599
206,1,4.92768,5.95447,-45694.8,267024,5.65158,4.36873,4.30276,4.30806,4.30737,0.58002,0.5751,0.575744
206,2,3.35656,5.95447,-45694.8,267024,5.25009,3.97062,3.82596,3.83436,3.83661,-0.435678,-0.443474,-0.445561
206,3,2.67761,5.95447,-45694.8,267024,4.64063,3.36071,3.11558,3.1279,3.13387,-0.406509,-0.41794,-0.423483
206,4,2.67761,5.95447,-16836.9,151592,3.97468,2.69297,2.33014,2.34708,2.35744,0.322504,0.306783,0.297164
206,6,2.67761,5.95447,-16836.9,151592,2.60226,1.31589,0.688452,0.716017,0.736461,1.84624,1.82065,1.80168
206,9,2.67761,5.95447,0.546994,55.3736,0.528896,-0.764466,-1.81176,-1.7669,-1.7301,4.16682,4.12518,4.09102
206,14,2.67761,5.95447,0.546994,55.3736,-2.92955,-4.23327,-5,-5,-5,7.12599,7.12599,7.12599
206,20,2.67761,5.95447,0,66.3135,-5,-5,-5,-5,-5,7.12599,7.12599,7.12599
301,0,2.67761,4.55825,-3.14855,55.617,-5,-5,-5,-5,-5,7.12599,7.12599,7.12599
301,1,4.38997,4.55825,-3.14855,55.617,5.43656,3.22291,3.22227,3.21688,3.22144,1.0838,1.0888,1.08457
301,2,2.69568,4.55825,-3.14855,55.617,5.03724,2.82178,2.81768,2.81251,2.8121,-0.113231,-0.108436,-0.108058
301,3,2.97254,4.55825,-3.14855,55.617,4.42824,2.21182,2.20328,2.19846,2.19161,0.713986,0.718461,0.724819
301,4,2.67761,4.55825,-1.66233,49.6722,3.76252,1.54394,1.53025,1.52583,1.51149,1.06492,1.06902,1.08233
301,6,2.67761,4.55825,-1.66233,49.6722,2.39104,0.166493,0.141482,0.137946,0.107101,2.35391,2.35719,2.38582
301,9,2.67761,4.55825,-0.549727,39.6587,0.320184,-1.91435,-1.95697,-1.95913,-2.01568,4.30159,4.3036,4.35609
301,14,2.67761,4.55825,-0.549727,39.6587,-3.13256,-5,-5,-5,-5,7.12599,7.12599,7.12599
301,20,2.67761,4.55825,0,28.6642,-5,-5,-5,-5,-5,7.12599,7.12599,7.12599
302,0,2.67761,3.59307,2.90129,27.9761,-5,-5,-5,-5,-5,7.12599,7.12599,7.12599
302,1,2.67761,3.59307,2.90129,27.9761,5.74607,3.57366,3.52947,3.54049,3.5349,-0.790661,-0.800889,-0.795694
302,2,2.67761,3.59307,2.90129,27.9761,5.34578,3.1737,3.08293,3.09733,3.0918,-0.376202,-0.38957,-0.384437
302,3,2.67761,3.59307,2.90129,27.9761,4.73682,2.56374,2.41358,2.43222,2.42682,0.245055,0.227753,0.232769
302,4,2.67761,3.59307,1.97312,31.6888,4.07152,1.89587,1.67635,1.69997,1.69471,0.92932,0.907398,0.912276
302,6,2.67761,3.59307,1.97312,31.6888,2.70126,0.518445,0.144478,0.179323,0.174401,2.35113,2.31879,2.32336
302,9,2.67761,3.59307,-0.837744,56.9866,0.63249,-1.56236,-2.17898,-2.12629,-2.13069,4.50765,4.45875,4.46283
302,14,2.67761,3.59307,-0.837744,56.9866,-2.8168,-5,-5,-5,-5,7.12599,7.12599,7.12599
302,20,2.67761,3.59307,0,40.2317,-5,-5,-5,-5,-5,7.12599,7.12599,7.12599
303,0,2.67761,3.92373,-2.51322,36.9082,-5,-5,-5,-5,-5,7.12599,7.12599,7.12599
303,1,2.67761,3.92373,-2.51322,36.9082,5.74608,3.57367,3.56184,3.56686,3.56487,-0.8207,-0.825364,-0.823519
303,2,3.39131,3.92373,-2.51322,36.9082,5.34578,3.17371,3.14639,3.1532,3.1508,0.227317,0.220993,0.223227
303,3,2.67761,3.92373,-2.51322,36.9082,4.73683,2.56375,2.51663,2.5257,2.52277,0.149413,0.140991,0.143711
303,4,2.67761,3.92373,2.9694,14.9778,4.07152,1.89588,1.82572,1.83743,1.83389,0.790678,0.779811,0.783098
303,6,2.67761,3.92373,2.9694,14.9778,2.70126,0.518454,0.397464,0.415009,0.410115,2.11632,2.10003,2.10458
303,9,2.67761,3.92373,1.17259,31.149,0.632496,-1.56235,-1.76258,-1.73591,-1.74293,4.12117,4.09642,4.10293
303,14,2.67761,3.92373,1.17259,31.149,-2.81679,-5,-5,-5,-5,7.12599,7.12599,7.12599
303,20,2.67761,3.92373,0,54.6009,-5,-5,-5,-5,-5,7.12599,7.12599,7.12599
304,0,2.67761,3.04282,-1.55133,51.3073,-5,-5,-5,-5,-5,7.12599,7.12599,7.12599
304,1,4.07838,3.04282,-1.55133,51.3073,5.74609,3.57369,3.61955,3.61815,3.62202,0.425859,0.42716,0.423567
304,2,3.70166,3.04282,-1.55133,51.3073,5.3458,3.17372,3.26976,3.27539,3.27411,0.400872,0.395643,0.396834
304,3,4.4669,3.04282,-1.55133,51.3073,4.73684,2.56377,2.72408,2.73877,2.73083,1.6176,1.60396,1.61133
304,4,3.91144,3.04282,0.316193,43.8372,4.07153,1.8959,2.1302,2.15523,2.13971,1.65326,1.63003,1.64444
304,6,2.67761,3.04282,0.316193,43.8372,2.70128,0.518471,0.91331,0.960447,0.928696,1.63754,1.59379,1.62326
304,9,2.67761,3.04282,2.50195,24.1653,0.632508,-1.56233,-0.920101,-0.839147,-0.895712,3.33922,3.26408,3.31658
304,14,2.67761,3.04282,2.50195,24.1653,-2.81678,-5,-3.97633,-3.83891,-3.93689,6.17586,6.04832,6.13926
304,20,2.67761,3.04282,0,74.2044,-5,-5,-5,-5,-5,7.12599,7.12599,7.12599
305,0,2.67761,3.84913,5.77973,76.4137,-5,-5,-5,-5,-5,7.12599,7.12599,7.12599
305,1,3.48227,3.84913,5.77973,76.4137,5.74611,3.57372,3.55306,3.55491,3.55834,-0.0657118,-0.0674207,-0.070604
305,2,4.34397,3.84913,5.77973,76.4137,5.34582,3.17375,3.12613,3.12912,3.13562,1.13034,1.12757,1.12154
305,3,3.12144,3.84913,5.77973,76.4137,4.73686,2.56379,2.4817,2.48614,2.49655,0.593776,0.589655,0.57999
305,4,2.67761,3.84913,-8.47701,133.441,4.07155,1.89592,1.77367,1.7798,1.79479,0.838995,0.833297,0.819389
305,6,2.67761,3.84913,-8.47701,133.441,2.7013,0.518499,0.307322,0.317252,0.34242,2.19998,2.19077,2.16741
305,9,2.67761,3.84913,-0.342433,60.2294,0.632529,-1.5623,-1.91248,-1.89659,-1.85542,4.2603,4.24555,4.20734
305,14,2.67761,3.84913,-0.342433,60.2294,-2.81676,-5,-5,-5,-5,7.12599,7.12599,7.12599
305,20,2.67761,3.84913,0,53.3808,-5,-5,-5,-5,-5,7.12599,7.12599,7.12599
306,0,2.67761,4.90005,-15.6001,100.171,-5,-5,-5,-5,-5,7.12599,7.12599,7.12599
306,1,3.59329,4.90005,-15.6001,100.171,5.4366,3.22296,3.21863,3.22564,3.21985,0.347737,0.341234,0.346605
306,2,2.75436,4.90005,-15.6001,100.171,5.03728,2.82183,2.81858,2.8286,2.81737,-0.0596065,-0.0689118,-0.0584832
306,3,4.66587,4.90005,-15.6001,100.171,4.42828,2.21187,2.21005,2.22389,2.2057,2.27937,2.26653,2.28341
306,4,2.67761,4.90005,6.61932,11.2935,3.76256,1.54399,1.54384,1.56209,1.53585,1.05231,1.03537,1.05973
306,6,2.67761,4.90005,6.61932,11.2935,2.39108,0.166542,0.170043,0.197996,0.154055,2.3274,2.30146,2.34224
306,9,2.67761,4.90005,-0.551241,75.8286,0.320223,-1.9143,-1.90513,-1.86212,-1.93354,4.25347,4.21356,4.27985
306,14,2.67761,4.90005,-0.551241,75.8286,-3.13252,-5,-5,-5,-5,7.12599,7.12599,7.12599
306,20,2.67761,4.90005,0,64.8038,-5,-5,-5,-5,-5,7.12599,7.12599,7.12599