time,id,TT_SAEM,I1T_SAEM,I2T_SAEM,VIT_SAEM,VNIT_SAEM,ViniT_SAEM,TN_SAEM,I1N_SAEM,I2N_SAEM,VIN_SAEM,VNIN_SAEM,ViniN_SAEM,Marker_SAEM,TT_mean,I1T_mean,I2T_mean,VIT_mean,VNIT_mean,ViniT_mean,TN_mean,I1N_mean,I2N_mean,VIN_mean,VNIN_mean,ViniN_mean,Marker_mean,TT_mode,I1T_mode,I2T_mode,VIT_mode,VNIT_mode,ViniT_mode,TN_mode,I1N_mode,I2N_mode,VIN_mode,VNIN_mode,ViniN_mode,Marker_mode
0,101,7500,0,0,0,0,6.555e+9,22727.3,0,0,0,0,3.97273e+8,1.05997e+6,7500,0,0,0,0,6.555e+9,22727.3,0,0,0,0,3.97273e+8,1.05997e+6,7500,0,0,0,0,6.555e+9,22727.3,0,0,0,0,3.97273e+8,1.05997e+6
1,101,7.7948,383.001,2668.25,819.735,818941,13.5127,13640.7,992.24,3402.71,10682.9,1.12206e+7,0.818755,832748,7.65646,382.976,2665.22,816.15,815359,13.5112,13617.5,995.984,3408.17,10711.7,1.12522e+7,0.818662,832748,8.46899,383.124,2661.1,815.205,814416,13.5111,13736.2,980.042,3358.93,10570,1.10999e+7,0.818656,832748
2,101,7.75206,19.0781,747.977,339.798,339469,2.67724e-8,12554.8,311.559,1587.19,6632.71,6.91528e+6,1.62198e-9,605524,7.61448,19.0766,746.002,337.921,337594,2.67968e-8,12525.5,313.3,1590.2,6651.3,6.93554e+6,1.62346e-9,605524,8.42331,19.0848,743.308,337.035,336710,2.6798e-8,12665.4,307.337,1561.47,6541.23,6.81988e+6,1.62353e-9,605524
3,101,7.74414,0.951415,178.514,91.0988,91009.9,7.19376e-17,12260.7,81.6349,598.069,2823.28,2.90091e+6,4.35813e-18,378300,7.6067,0.951316,177.739,90.4641,90375.7,7.17216e-17,12229.3,82.2197,599.373,2832.03,2.91023e+6,4.34504e-18,378300,8.41485,0.951856,176.672,90.0447,89956.9,7.24099e-17,12375.4,80.4922,586.86,2776.75,2.8533e+6,4.38676e-18,378300
4,101,7.74303,0.0475893,41.3329,21.8469,21825.4,-2.909e-23,12197.4,17.7376,192.817,994.844,1.01151e+6,-1.76223e-24,151076,7.6056,0.0475805,41.0802,21.6588,21637.5,2.16427e-22,12165.4,17.8949,193.258,998.124,1.01495e+6,1.31115e-23,151076,8.41366,0.0476255,40.7299,21.508,21486.9,2.24537e-22,12312.9,17.4807,188.736,976.09,992523,1.36029e-23,151076
6,101,7.74279,0.000130662,2.18471,1.16966,1168.51,-7.07599e-31,12177.4,1.40944,16.7068,90.9882,92305.1,-4.28654e-32,203887,7.60537,0.000130389,2.16347,1.15547,1154.33,9.63919e-30,12145.3,1.4232,16.7448,91.2902,92620.5,5.83958e-31,203887,8.41341,0.000131477,2.13395,1.14163,1140.5,1.45997e-29,12293.3,1.38313,16.2701,88.8305,90123.3,8.84479e-31,203887
9,101,7.74278,2.11953e-7,0.0264671,0.0141835,14.1695,1.28825e-38,12175.2,0.0456938,0.461535,2.4533,2496.49,7.80428e-40,283103,7.60536,2.06898e-7,0.0260665,0.0139349,13.9212,-1.90584e-37,12143.1,0.0461248,0.462763,2.46219,2505.8,-1.15462e-38,283103,8.4134,2.20446e-7,0.0255113,0.0136614,13.6479,-1.5259e-37,12291.2,0.0444838,0.446221,2.37758,2419.64,-9.24474e-39,283103
14,101,7.74278,1.35983e-10,1.69103e-5,9.0622e-6,0.00905328,2.92892e-48,12175.2,0.000140181,0.00135783,0.00713156,7.26446,1.7744e-49,296957,7.60536,1.31275e-10,1.65029e-5,8.82244e-6,0.00881375,-6.31708e-47,12143,0.000141599,0.0013627,0.00716388,7.29818,-3.82716e-48,296957,8.4134,1.38711e-10,1.5943e-5,8.53762e-6,0.00852922,-5.92036e-47,12291.1,0.000134833,0.00129736,0.00683005,6.95792,-3.58691e-48,296957
20,101,7.74278,2.08411e-14,2.48235e-9,1.33029e-9,1.32898e-6,5.44524e-58,12175.2,1.40245e-7,1.31616e-6,6.87042e-6,0.00700366,3.29868e-59,313581,7.60536,1.98979e-14,2.39617e-9,1.28099e-9,1.27972e-6,-1.4175e-56,12143,1.41813e-7,1.32246e-6,6.90975e-6,0.00704451,-8.5874e-58,313581,8.4134,2.07e-14,2.27909e-9,1.22047e-9,1.21927e-6,-1.54495e-56,12291.1,1.32987e-7,1.23995e-6,6.48777e-6,0.00661414,-9.35988e-58,313581
0,102,11250,0,0,0,0,9.8325e+9,31250,0,0,0,0,5.4625e+8,552049,11250,0,0,0,0,9.8325e+9,31250,0,0,0,0,5.4625e+8,552049,11250,0,0,0,0,9.8325e+9,31250,0,0,0,0,5.4625e+8,552049
1,102,633.554,569.98,4148.28,1228.08,1.22845e+6,20.2669,25909.8,605.668,2131.91,6569.22,6.89913e+6,1.12574,673531,666.328,568.89,4201.45,1232.94,1.23335e+6,20.2666,26001.5,593.886,2124.17,6536.39,6.85888e+6,1.12573,673531,679.751,568.426,4152.55,1222.49,1.22292e+6,20.2666,26042.9,586.456,2088.02,6447.4,6.76426e+6,1.12573,673531
2,102,628.343,29.8434,1302.91,559.095,560079,4.28515e-8,24581.5,440.472,1353.02,4678.89,5.10087e+6,2.37969e-9,795014,660.889,29.8585,1348.03,570.653,571698,4.28431e-8,24692.8,434.72,1360.35,4701.98,5.11841e+6,2.37924e-9,795014,674.314,29.8312,1313.45,559.673,560725,4.28449e-8,24765.4,423.757,1319.63,4583.5,4.98918e+6,2.37934e-9,795014
3,102,625.803,2.13971,352.572,166.931,167494,1.26203e-16,23408.2,386.681,1018.78,3274.55,3.6569e+6,7.00658e-18,916496,658.193,2.18394,373.609,173.966,174569,1.27693e-16,23526.8,384.693,1031.05,3316.04,3.69638e+6,7.08935e-18,916496,671.65,2.17191,358.214,168.239,168837,1.26949e-16,23639.5,370.84,988.516,3192.49,3.55912e+6,7.0481e-18,916496
4,102,624.819,0.354377,93.2668,45.222,45460.7,-7.51773e-25,22255.2,389.69,899.333,2662.8,3.04941e+6,-4.17318e-26,1.03798e+6,657.126,0.378845,101.321,48.2468,48507,2.57152e-25,22373.6,390.111,914.916,2713.4,3.10037e+6,1.42705e-26,1.03798e+6,670.612,0.370113,95.5397,45.9263,46180.2,1.29782e-25,22536.8,372.471,868.234,2583.05,2.95253e+6,7.20058e-27,1.03798e+6
6,102,624.482,0.0157229,6.47518,3.16945,3181.82,8.69958e-33,20667.6,184.92,588.222,1987.92,2.17067e+6,4.83888e-34,799085,656.751,0.0178446,7.39724,3.55386,3567.95,-1.57119e-32,20773.4,187.325,606.534,2049.14,2.23423e+6,-8.71811e-34,799085,670.254,0.0168484,6.74439,3.27236,3285.75,-3.33091e-34,21022,176.475,565.85,1916.25,2.09063e+6,-1.87094e-35,799085
9,102,624.469,0.000114371,0.11679,0.0575173,57.574,3.72232e-39,20138.8,16.8752,93.0831,390.321,406789,2.07045e-40,440747,656.736,0.00014033,0.143905,0.0695564,69.627,-6.36693e-39,20231.3,17.6003,99.2296,414.577,431745,-3.53372e-40,440747,670.239,0.000126012,0.124685,0.0608782,60.9432,-1.49078e-40,20515.9,16.2371,90.2341,378.32,394162,-8.37451e-42,440747
14,102,624.469,1.3188e-7,0.000143297,7.06183e-5,0.0706794,-9.58951e-50,20095.4,0.329169,1.72213,7.28837,7609.92,-5.33404e-51,502770,656.736,1.84282e-7,0.000200316,9.68837e-5,0.0969709,1.69568e-49,20185,0.366482,1.96046,8.26583,8623.68,9.41155e-51,502770,670.239,1.51589e-7,0.000159363,7.7862e-5,0.0779356,3.68405e-51,20473.9,0.323021,1.70283,7.20498,7520.47,2.06959e-52,502770
20,102,624.469,5.14243e-11,4.6116e-8,2.27096e-8,2.27383e-5,3.39012e-64,20094.4,0.0045577,0.0211259,0.0859003,90.3676,1.88538e-65,577199,656.736,8.35577e-11,7.50038e-8,3.62489e-8,3.62962e-5,1.84704e-64,20183.9,0.0054608,0.0258592,0.104833,110.183,1.02513e-65,577199,670.239,6.20486e-11,5.38685e-8,2.62991e-8,2.63347e-5,-1.72877e-65,20472.9,0.00456764,0.0213318,0.0867472,91.2236,-9.71028e-67,577199
0,103,7500,0,0,0,0,6.555e+9,22727.3,0,0,0,0,3.97273e+8,387296,7500,0,0,0,0,6.555e+9,22727.3,0,0,0,0,3.97273e+8,387296,7500,0,0,0,0,6.555e+9,22727.3,0,0,0,0,3.97273e+8,387296
1,103,2450.89,284.135,1389.63,456.693,457241,13.5111,21166.5,117.444,442.213,1644.78,1.67372e+6,0.818808,330600,2426.93,285.386,1397.48,457.5,458049,13.5125,21152.5,118.752,446.66,1661.97,1.69147e+6,0.818888,330600,2453.95,283.983,1421.1,461.886,462436,13.5125,21167.5,117.679,451.72,1670.38,1.69962e+6,0.818889,330600
2,103,2448.86,14.6189,269.052,146.906,147281,2.65991e-8,21099.9,22.0355,116.035,630.466,647530,1.61189e-9,273903,2424.9,14.6821,270.92,147.29,147666,2.65731e-8,21084.6,22.4363,117.636,638.585,656006,1.61031e-9,273903,2451.88,14.6234,283.553,151.804,152186,2.65729e-8,21099.4,22.5091,121.696,653.785,671304,1.6103e-9,273903
3,103,2448.43,0.817653,41.5473,27.7664,27854.4,5.27739e-14,21082,5.13158,28.2944,167.111,171855,3.19805e-15,217207,2424.46,0.821092,41.8996,27.8713,27959.5,5.26837e-14,21066.2,5.25025,28.8121,169.902,174760,3.19258e-15,217207,2451.43,0.822454,45.3348,29.4772,29568.7,-3.86073e-14,21080.6,5.36581,30.4509,177.455,182423,-2.33958e-15,217207
4,103,2448.36,0.0537668,6.03888,4.41331,4427.71,2.15605e-19,21078,1.12838,6.68585,40.898,41973.6,1.30656e-20,160511,2424.4,0.0540032,6.10021,4.43614,4450.59,2.13183e-19,21062.1,1.15968,6.83804,41.7566,42862.6,1.29188e-20,160511,2451.36,0.0550878,6.84165,4.83636,4851.67,-1.17023e-19,21076.3,1.20861,7.38256,44.5182,45670.4,-7.09159e-21,160511
6,103,2448.35,0.000497498,0.12185,0.0942641,94.5803,-8.77548e-26,21076.9,0.0579349,0.351262,2.20478,2260.42,-5.31795e-27,160173,2424.39,0.000500959,0.123518,0.0950564,95.3749,-8.04767e-26,21061,0.0600693,0.362382,2.27038,2328.1,-4.87688e-27,160173,2451.35,0.000556065,0.14937,0.111107,111.465,2.22312e-26,21075.1,0.0652961,0.408485,2.52544,2588.12,1.34721e-27,160173
9,103,2448.35,1.20723e-6,0.000342987,0.000268322,0.269249,-1.80074e-41,21076.9,0.000697604,0.00422654,0.0265486,27.219,-1.09126e-42,159666,2424.39,1.22239e-6,0.000349549,0.000272003,0.272942,-1.61799e-41,21061,0.000732761,0.00441744,0.0276962,28.4006,-9.80511e-43,159666,2451.35,1.54354e-6,0.000474332,0.000356101,0.357276,9.9353e-34,21075.1,0.000849329,0.00530987,0.0328519,33.6675,6.02077e-35,159666
14,103,2448.35,6.37058e-11,1.9181e-8,1.50257e-8,1.50743e-5,1.06069e-53,21076.9,4.06483e-7,2.55672e-6,1.62473e-5,0.0166371,6.42582e-55,134169,2424.39,6.50955e-11,1.97237e-8,1.53685e-8,1.54181e-5,9.34609e-54,21061,4.3635e-7,2.73054e-6,1.73196e-5,0.0177382,5.66185e-55,134169,2451.35,9.96831e-11,3.24437e-8,2.43838e-8,2.4459e-5,1.28701e-47,21075.1,5.62988e-7,3.65603e-6,2.28761e-5,0.0234156,7.88658e-49,134169
20,103,2448.35,4.67956e-16,1.52186e-13,1.1934e-13,1.19688e-10,7.21814e-73,21076.9,4.71077e-11,3.10818e-10,2.00785e-9,2.0529e-6,4.37296e-74,103572,2424.39,4.90017e-16,1.60084e-13,1.24863e-13,1.25227e-10,1.79899e-73,21061,5.20523e-11,3.41546e-10,2.20214e-9,2.25194e-6,1.09009e-74,103572,2451.35,9.1804e-16,3.22955e-13,2.42957e-13,2.43631e-10,2.46194e-69,21075.1,7.61397e-11,5.1911e-10,3.30026e-9,3.37302e-6,1.50846e-70,103572
0,104,11250,0,0,0,0,9.8325e+9,31250,0,0,0,0,5.4625e+8,207751,11250,0,0,0,0,9.8325e+9,31250,0,0,0,0,5.4625e+8,207751,11250,0,0,0,0,9.8325e+9,31250,0,0,0,0,5.4625e+8,207751
1,104,3879.87,416.281,2888.23,847.322,848405,20.2667,29361.2,147.238,748.476,2508.2,2.54815e+6,1.12587,201261,3872.03,416.687,2885.09,843.916,844995,20.2667,29357.5,147.592,748.417,2512.22,2.55232e+6,1.12587,201261,3821.19,419.365,2900.4,848.873,849958,20.2667,29333.7,149.831,756.793,2540.18,2.58123e+6,1.12587,201261
2,104,3874.7,22.0755,900.146,387.188,388246,4.3223e-8,29238.7,40.5394,300.472,1346.06,1.38e+6,2.40102e-9,194770,3866.89,22.0882,896.508,384.756,385809,4.32215e-8,29234.7,40.6331,299.866,1345.89,1.37992e+6,2.40094e-9,194770,3816.02,22.2267,899.42,386.376,387433,4.32148e-8,29208.1,41.5017,303.46,1361.08,1.3959e+6,2.40056e-9,194770
3,104,3872.87,1.53379,239.925,114.498,114889,5.76238e-17,29184.9,15.752,115.675,537.688,552627,3.20077e-18,188279,3865.07,1.53092,238.158,113.45,113838,1.56477e-17,29180.8,15.7653,115.244,536.701,551654,8.69081e-19,188279,3814.2,1.53869,238.391,113.702,114092,1.4348e-17,29153,16.1331,116.803,543.411,558721,7.96882e-19,188279
4,104,3872.36,0.193589,62.3123,30.5837,30695.4,-2.87499e-25,29164.2,6.04052,44.5929,208.271,214084,-1.59693e-26,181788,3864.57,0.192142,61.638,30.2046,30315.2,-8.27941e-26,29160.1,6.03592,44.3529,207.541,213350,-4.59838e-27,181788,3813.7,0.192517,61.5534,30.2048,30315.4,-7.7681e-26,29131.7,6.18582,45.0221,210.453,216409,-4.31432e-27,181788
6,104,3872.18,0.012102,4.16446,2.0587,2068.6,4.58968e-35,29152,1.12378,7.02545,31.8338,32924.6,2.54935e-36,290433,3864.39,0.011889,4.09043,2.01909,2028.82,1.91257e-33,29148,1.11846,6.96468,31.6177,32703.4,1.06223e-34,290433,3813.52,0.0118392,4.06536,2.00962,2019.31,-2.72098e-34,29119.3,1.14991,7.09472,32.1667,33283.2,-1.51122e-35,290433
9,104,3872.16,0.000315794,0.0724688,0.035648,35.9278,2.93794e-47,29149,0.1315,0.623627,2.59977,2728.54,1.632e-48,453402,3864.37,0.000306516,0.0704255,0.0345921,34.8637,8.12299e-46,29145,0.130051,0.615063,2.56897,2696.33,4.51194e-47,453402,3813.51,0.000303024,0.0694953,0.0341845,34.453,-7.78363e-47,29116.2,0.134608,0.63128,2.63207,2763.91,-4.32364e-48,453402
14,104,3872.16,2.91398e-7,8.53082e-5,4.20788e-5,0.0423279,2.00672e-57,29148.6,0.00213526,0.012487,0.0546654,56.7439,1.11482e-58,309452,3864.37,2.78122e-7,8.14414e-5,4.01121e-5,0.0403499,5.63109e-56,29144.6,0.00209489,0.0122071,0.0535405,55.5798,3.12806e-57,309452,3813.51,2.7175e-7,7.94153e-5,3.91708e-5,0.0394031,-5.43554e-57,29115.8,0.002197,0.0126897,0.0555785,57.7177,-3.01955e-58,309452
20,104,3872.16,5.59835e-11,2.5465e-8,1.26211e-8,1.26644e-5,4.24319e-67,29148.6,6.40273e-6,5.0712e-5,0.000239734,0.245891,2.35685e-68,136712,3864.37,5.23766e-11,2.37992e-8,1.1778e-8,1.18186e-5,5.21254e-66,29144.6,6.22713e-6,4.90787e-5,0.000232454,0.238443,2.89432e-67,136712,3813.51,5.045e-11,2.28772e-8,1.13382e-8,1.13772e-5,7.61403e-67,29115.8,6.60373e-6,5.15471e-5,0.000243915,0.250268,4.23097e-68,136712
0,105,11250,0,0,0,0,9.8325e+9,31250,0,0,0,0,5.4625e+8,149358,11250,0,0,0,0,9.8325e+9,31250,0,0,0,0,5.4625e+8,149358,11250,0,0,0,0,9.8325e+9,31250,0,0,0,0,5.4625e+8,149358
1,105,4540.54,381.124,2035.31,647.111,648085,20.2683,29648.7,118.765,495.711,1802.31,1.82948e+6,1.12596,171010,4502.32,383.164,2017.1,642.053,643024,20.2682,29633.9,119.917,493.397,1803.25,1.83076e+6,1.12596,171010,4515.16,382.479,2029.73,644.372,645343,20.2683,29638.8,119.586,495.737,1807.55,1.835e+6,1.12596,171010
2,105,4536.62,19.9568,447.127,228.109,228942,4.34206e-8,29573.5,25.422,144.138,743.819,764007,2.41202e-9,192663,4498.44,20.0427,434.583,223.143,223965,4.34122e-8,29558.4,25.499,141.381,735.147,755381,2.41155e-9,192663,4511.26,20.0166,442.063,225.715,226543,4.34175e-8,29563.1,25.5625,143.299,742.2,762503,2.41185e-9,192663
3,105,4535.49,1.24499,79.9316,48.3147,48570.4,-5.37222e-15,29546.6,7.79943,41.1641,221.367,228715,-2.98432e-16,214315,4497.34,1.24125,75.9701,46.4243,46673.1,1.42396e-13,29531.7,7.72794,39.8586,216.019,223299,7.91014e-15,214315,4510.15,1.24417,78.2451,47.4287,47681,-6.53661e-15,29536.1,7.80628,40.7235,219.79,227145,-3.63113e-16,214315
4,105,4535.25,0.112627,13.6317,8.78864,8845.58,1.55945e-20,29538.2,2.40841,12.1563,64.7597,67089.9,8.6629e-22,235968,4497.12,0.109866,12.6498,8.26988,8324.33,-4.00876e-19,29523.5,2.35636,11.6281,62.414,64694.5,-2.22687e-20,235968,4509.92,0.11138,13.2031,8.54758,8603.34,1.87745e-20,29527.8,2.39869,11.9708,63.9947,66315.9,1.04294e-21,235968
6,105,4535.2,0.00210812,0.385528,0.256971,258.705,-4.73957e-27,29535,0.197524,1.05864,5.6905,5882.1,-2.63309e-28,185340,4497.07,0.00194075,0.340492,0.230707,232.299,3.41426e-25,29520.4,0.188676,0.98809,5.35193,5535.04,1.89669e-26,185340,4509.87,0.00203043,0.365294,0.24476,246.427,-1.19847e-26,29524.6,0.194967,1.03281,5.57132,5760.5,-6.65787e-28,185340
9,105,4535.2,7.95983e-6,0.00180802,0.00121428,1.22101,-1.22121e-42,29534.8,0.00383534,0.0231488,0.129645,133.347,-6.78443e-44,109398,4497.07,6.78868e-6,0.0014813,0.001012,1.01775,1.67944e-42,29520.2,0.00353171,0.0207915,0.117408,120.819,9.32274e-44,109398,4509.87,7.41229e-6,0.00165699,0.001119,1.12527,-1.695e-42,29524.4,0.00373456,0.022256,0.125117,128.723,-9.41604e-44,109398
14,105,4535.2,9.57026e-10,2.35055e-7,1.58179e-7,0.000158977,5.78778e-54,29534.8,5.21181e-6,3.2379e-5,0.000184246,0.189269,3.21529e-55,97212.5,4497.07,7.19425e-10,1.69845e-7,1.16282e-7,0.000116885,-5.35533e-53,29520.2,4.49742e-6,2.72363e-5,0.000156308,0.160645,-2.97273e-54,97212.5,4509.87,8.42789e-10,2.0375e-7,1.37877e-7,0.000138581,1.1697e-53,29524.4,4.95161e-6,3.03637e-5,0.000173449,0.178222,6.49731e-55,97212.5
20,105,4535.2,1.99671e-14,5.0892e-12,3.42679e-12,3.44331e-9,-2.61626e-83,29534.8,1.79687e-9,1.14299e-8,6.55341e-8,6.72637e-5,-1.4532e-84,82590,4497.07,1.29014e-14,3.16034e-12,2.16504e-12,2.17576e-9,7.51863e-81,29520.2,1.43285e-9,8.88137e-9,5.1364e-8,5.27441e-5,4.17369e-82,82590,4509.87,1.64506e-14,4.12664e-12,2.79419e-12,2.80783e-9,-6.76159e-83,29524.4,1.6569e-9,1.04008e-8,5.98678e-8,6.14632e-5,-3.75568e-84,82590
0,106,11250,0,0,0,0,9.8325e+9,31250,0,0,0,0,5.4625e+8,371857,11250,0,0,0,0,9.8325e+9,31250,0,0,0,0,5.4625e+8,371857,11250,0,0,0,0,9.8325e+9,31250,0,0,0,0,5.4625e+8,371857
1,106,2111.95,505.576,3419.58,1021.29,1.02221e+6,20.2682,28265.6,255.565,1138.79,3787.96,3.87811e+6,1.12591,346086,2131.99,504.609,3405.25,1013.92,1.01485e+6,20.2685,28282.7,253.744,1130.08,3766.55,3.85577e+6,1.12593,346086,2103.14,505.993,3425.52,1019.14,1.02005e+6,20.2688,28257.7,256.547,1142.69,3803.73,3.89445e+6,1.12595,346086
2,106,2107.08,26.4143,1005.16,444.787,445681,4.31203e-8,28004.1,83.0869,476.097,2073.83,2.14672e+6,2.39518e-9,320316,2127.14,26.3607,998.134,440.661,441553,4.31394e-8,28024.2,82.1514,470.823,2056.48,2.12851e+6,2.39624e-9,320316,2098.29,26.4314,1007.98,444.2,445091,4.31522e-8,27994.3,83.6705,478.677,2085.56,2.15901e+6,2.39695e-9,320316
3,106,2105.52,1.67699,251.214,124.381,124685,3.20336e-16,27891.4,32.8734,191.963,866.802,898376,1.77934e-17,294545,2125.59,1.67195,248.656,122.889,123192,-3.96415e-15,27913,32.3993,189.174,856.671,887783,-2.20191e-16,294545,2096.73,1.67718,252.229,124.347,124650,1.91439e-16,27880.5,33.1795,193.428,873.485,905357,1.06336e-17,294545
4,106,2105.13,0.170938,60.998,31.1999,31277.4,-4.94247e-24,27848.3,12.5301,76.1735,348.61,360759,-2.74532e-25,268775,2125.2,0.169863,60.1734,30.7289,30805.9,6.17176e-23,27870.7,12.3106,74.8151,343.371,355306,3.42812e-24,268775,2096.34,0.170901,61.3232,31.2286,31306,-2.92233e-24,27836.9,12.6757,76.924,352.06,364351,-1.62323e-25,268775
6,106,2105.02,0.00629251,3.54957,1.83656,1840.86,-2.98301e-31,27825.8,1.80554,11.4685,53.2897,55040.1,-1.65689e-32,247038,2125.09,0.00620035,3.47761,1.79668,1800.92,-1.82711e-31,27848.6,1.76262,11.1905,52.1445,53853.2,-1.01488e-32,247038,2096.23,0.00630399,3.57783,1.84297,1847.27,9.89231e-33,27814.1,1.83491,11.6331,54.055,55834,5.4967e-34,247038
9,106,2105.01,7.92451e-5,0.0496469,0.0257199,25.7733,-2.60585e-44,27822.3,0.0932469,0.626699,2.95645,3046.65,-1.44748e-45,214433,2125.09,7.72823e-5,0.0481405,0.0249031,24.9554,-1.56007e-44,27845.2,0.090178,0.605658,2.86516,2952.39,-8.6659e-46,214433,2096.22,7.97222e-5,0.0502396,0.0259113,25.965,8.76441e-46,27810.5,0.0954228,0.64,3.01913,3111.43,4.87023e-47,214433
14,106,2105.01,5.68322e-8,4.02094e-5,2.08458e-5,0.0208818,2.49706e-58,27822.1,0.000579177,0.00422652,0.0203616,20.9198,1.38713e-59,168246,2125.09,5.44972e-8,3.83236e-5,1.98392e-5,0.0198738,1.59264e-58,27845,0.000551619,0.00402147,0.0194271,19.9588,8.84732e-60,168246,2096.22,5.75724e-8,4.09583e-5,2.11396e-5,0.021176,-8.07826e-60,27810.3,0.000599667,0.00436583,0.0210313,21.6093,-4.48922e-61,168246
20,106,2105.01,9.57971e-12,7.81725e-9,4.05566e-9,4.06117e-6,-5.37954e-67,27822.1,1.04045e-6,8.39282e-6,4.13837e-5,0.0423817,-2.98824e-68,112821,2125.09,9.00193e-12,7.29813e-9,3.78083e-9,3.78604e-6,-3.71042e-67,27845,9.73509e-7,7.8423e-6,3.87744e-5,0.0397082,-2.06112e-68,112821,2096.22,9.78576e-12,8.02626e-9,4.14555e-9,4.15118e-6,1.66834e-68,27810.3,1.09273e-6,8.79105e-6,4.33426e-5,0.0443909,9.27085e-70,112821
0,201,11250,0,0,0,0,9.8325e+9,31250,0,0,0,0,5.4625e+8,146812,11250,0,0,0,0,9.8325e+9,31250,0,0,0,0,5.4625e+8,146812,11250,0,0,0,0,9.8325e+9,31250,0,0,0,0,5.4625e+8,146812
1,201,10858.2,22.9174,154.507,45.0842,45048.5,20.2667,31188.4,3.65033,24.2989,85.0235,84989.2,1.12593,134313,10863.7,22.5957,151.587,44.1404,44105.3,20.2673,31189.3,3.59742,23.8334,83.6222,83587.8,1.12596,134313,10858.1,22.9221,154.773,44.9768,44941.1,20.2668,31188.4,3.6512,24.3408,85.2277,85193.3,1.12593,134313
2,201,10858.2,1.14757,47.9431,20.7327,20719,4.47115e-8,31188.3,0.217504,7.61485,39.3343,39333.2,2.48396e-9,121815,10863.7,1.13131,46.7137,20.1928,20179.4,4.47804e-8,31189.2,0.213666,7.41696,38.4815,38480,2.4878e-9,121815,10858.1,1.1478,48.1269,20.7166,20702.9,4.47228e-8,31188.3,0.217683,7.64412,39.4924,39491.3,2.48459e-9,121815
3,201,10858.2,0.0592108,12.6327,6.08924,6085.58,-3.45725e-17,31188.2,0.0222521,2.04009,11.6973,11698.9,-1.92066e-18,109316,10863.7,0.0583112,12.2127,5.89083,5887.26,1.23176e-16,31189.1,0.0216096,1.97135,11.3655,11367,6.8431e-18,109316,10858.1,0.0592239,12.7116,6.09706,6093.39,-8.6204e-17,31188.2,0.0223269,2.05284,11.7686,11770.2,-4.78905e-18,109316
4,201,10858.2,0.00349493,3.23716,1.60794,1607,-8.61394e-26,31188.2,0.00415907,0.533127,3.14264,3143.2,-4.78544e-27,96817.8,10863.7,0.00342271,3.10399,1.54367,1542.76,2.02109e-25,31189.1,0.00398504,0.510914,3.02984,3030.35,1.12283e-26,96817.8,10858.1,0.0034974,3.26554,1.61379,1612.85,-3.35611e-26,31188.2,0.00418758,0.537796,3.16922,3169.79,-1.86447e-27,96817.8
6,201,10858.2,4.83717e-5,0.210099,0.105387,105.323,-1.09966e-32,31188.2,0.000239665,0.0360079,0.214223,214.247,-6.10911e-34,58139,10863.7,4.5657e-5,0.198131,0.0995307,99.4699,1.24331e-32,31189.1,0.000225366,0.0339343,0.20315,203.171,6.90726e-34,58139,10858.1,4.86951e-5,0.213021,0.106301,106.236,-1.56788e-33,31188.2,0.000242698,0.0365069,0.217112,217.137,-8.71032e-35,58139
9,201,10858.2,5.90275e-7,0.00346547,0.0017395,1.73835,-6.51642e-40,31188.2,3.59741e-6,0.000626846,0.00373765,3.7375,-3.62018e-41,120.782,10863.7,5.39653e-7,0.00318727,0.00160227,1.6012,1.03422e-39,31189.1,3.29993e-6,0.000576081,0.0034565,3.45634,5.74567e-41,120.782,10858.1,5.99707e-7,0.00354065,0.00176804,1.76687,-7.71278e-41,31188.2,3.67237e-6,0.000640387,0.00381692,3.81677,-4.28482e-42,120.782
14,201,10858.2,6.10398e-10,3.7026e-6,1.8586e-6,0.00185735,4.60164e-48,31188.2,4.04893e-9,7.26536e-7,4.33488e-6,0.00433459,2.55642e-49,74.9857,10863.7,5.35147e-10,3.2662e-6,1.642e-6,0.0016409,6.41763e-48,31189.1,3.5616e-9,6.40318e-7,3.84444e-6,0.00384416,3.56535e-49,74.9857,10858.1,6.28206e-10,3.83144e-6,1.91332e-6,0.00191203,-8.49956e-49,31188.2,4.18667e-9,7.5172e-7,4.48341e-6,0.0044831,-4.72191e-50,74.9857
20,201,10858.2,1.66171e-13,1.00813e-9,5.0605e-10,5.0571e-7,3.96589e-59,31188.2,1.21484e-12,2.18021e-10,1.30083e-9,1.30074e-6,2.20323e-60,20.0305,10863.7,1.38658e-13,8.46407e-10,4.25511e-10,4.25224e-7,-3.14643e-61,31189.1,1.01689e-12,1.82846e-10,1.0978e-9,1.09772e-6,-1.74803e-62,20.0305,10858.1,1.73703e-13,1.05958e-9,5.29124e-10,5.28769e-7,1.1252e-59,31188.2,1.27579e-12,2.29102e-10,1.36641e-9,1.36632e-6,6.25101e-61,20.0305
0,202,11250,0,0,0,0,9.8325e+9,31250,0,0,0,0,5.4625e+8,172538,11250,0,0,0,0,9.8325e+9,31250,0,0,0,0,5.4625e+8,172538,11250,0,0,0,0,9.8325e+9,31250,0,0,0,0,5.4625e+8,172538
1,202,10861,22.7594,121.057,38.086,38056.3,20.2667,31188.9,3.61983,19.0409,71.8228,71796.4,1.12593,172068,10865.6,22.4913,119.543,37.4823,37452.9,20.2668,31189.6,3.57595,18.7984,71.0084,70981.7,1.12593,172068,10862.7,22.6615,121.385,37.9651,37935.5,20.2677,31189.1,3.604,19.0907,71.9323,71905.6,1.12598,172068
2,202,10861,1.1381,27.1024,13.7471,13738.7,4.4708e-8,31188.8,0.207285,4.31453,26.0935,26096.7,2.48377e-9,171599,10865.6,1.12462,26.7366,13.5195,13511.2,4.47244e-8,31189.5,0.20446,4.25483,25.7774,25780.2,2.48468e-9,171599,10862.7,1.13321,27.4353,13.7982,13789.8,4.48294e-8,31189,0.206536,4.36673,26.3133,26316.3,2.49052e-9,171599
3,202,10861,0.0578901,4.91075,2.95767,2956.21,6.53964e-14,31188.7,0.0170686,0.800511,5.70068,5703.18,3.63312e-15,171130,10865.6,0.0571839,4.83884,2.90601,2904.55,6.56218e-14,31189.5,0.0167622,0.788337,5.62554,5627.91,3.64565e-15,171130,10862.7,0.0576526,5.02602,2.99491,2993.42,6.45626e-14,31189,0.017094,0.818922,5.79885,5801.32,3.5868e-15,171130
4,202,10861,0.00311903,0.846451,0.544902,544.669,-2.57247e-19,31188.7,0.00217944,0.142476,1.07635,1077.01,-1.42915e-20,170660,10865.6,0.00307689,0.833013,0.534801,534.568,-2.56667e-19,31189.5,0.00212994,0.140094,1.06076,1061.39,-1.42592e-20,170660,10862.7,0.00311064,0.876601,0.55749,557.247,-2.58875e-19,31189,0.00220584,0.14741,1.10596,1106.62,-1.43819e-20,170660
6,202,10861,1.59912e-5,0.0243633,0.016239,16.2318,-1.59528e-25,31188.7,5.43397e-5,0.00440636,0.034268,34.2869,-8.86263e-27,102410,10865.6,1.56295e-5,0.0239142,0.0158987,15.8915,-1.62693e-25,31189.5,5.28498e-5,0.00431881,0.0336685,33.6865,-9.03845e-27,102410,10862.7,1.62607e-5,0.0258567,0.0170048,16.9971,-8.99263e-26,31189,5.63069e-5,0.00466563,0.0360009,36.02,-4.99589e-27,102410
9,202,10861,3.53635e-8,0.000117679,7.88438e-5,0.0787994,-3.30554e-40,31188.7,2.24721e-7,2.33938e-5,0.000183649,0.18369,-1.83641e-41,35.6128,10865.6,3.41826e-8,0.000115054,7.68894e-5,0.0768458,-3.86648e-40,31189.5,2.17651e-7,2.28225e-5,0.000179593,0.179631,-2.14804e-41,35.6128,10862.7,3.7823e-8,0.000129616,8.56591e-5,0.0856104,-3.71129e-38,31189,2.41232e-7,2.56569e-5,0.000199775,0.199816,-2.06182e-39,35.6128
14,202,10861,4.41947e-12,1.62122e-8,1.08656e-8,1.08592e-5,-2.07886e-55,31188.7,3.31208e-11,3.67844e-9,2.89695e-8,2.89736e-5,-1.15492e-56,29.3389,10865.6,4.24207e-12,1.57463e-8,1.05265e-8,1.05203e-5,-1.95676e-55,31189.5,3.18405e-11,3.56171e-9,2.81166e-8,2.81203e-5,-1.08709e-56,29.3389,10862.7,5.04291e-12,1.90018e-8,1.25615e-8,1.2554e-5,-5.87701e-49,31189,3.77528e-11,4.28129e-9,3.34383e-8,3.34426e-5,-3.265e-50,29.3389
20,202,10861,5.46805e-17,2.0064e-13,1.34472e-13,1.34392e-10,2.0161e-67,31188.7,5.15623e-16,5.72699e-14,4.51036e-13,4.511e-10,1.12005e-68,21.8104,10865.6,-2.01331e-17,-7.47342e-14,-4.99605e-14,-4.99306e-11,7.82691e-68,31189.5,-7.54471e-17,-8.4374e-15,-6.66062e-14,-6.6615e-11,4.34829e-69,21.8104,10862.7,1.34888e-16,5.08359e-13,3.36062e-13,3.3586e-10,-1.7256e-57,31189,1.16609e-15,1.32243e-13,1.03288e-12,1.03301e-9,-9.58663e-59,21.8104
0,203,11250,0,0,0,0,9.8325e+9,31250,0,0,0,0,5.4625e+8,88608.1,11250,0,0,0,0,9.8325e+9,31250,0,0,0,0,5.4625e+8,88608.1,11250,0,0,0,0,9.8325e+9,31250,0,0,0,0,5.4625e+8,88608.1
1,203,10925.7,18.9845,109.67,33.5946,33567.2,20.2667,31199.2,3.00641,17.194,63.1685,63139.1,1.12593,103548,10924.7,19.044,110.516,33.6824,33655,20.2668,31199,3.01619,17.3275,63.6399,63610.3,1.12593,103548,10927.6,18.8759,110.254,33.533,33505.6,20.2668,31199.5,2.98899,17.2839,63.3494,63319.6,1.12593,103548
2,203,10925.7,0.949309,27.4949,13.1727,13164,4.47295e-8,31199.1,0.171901,4.35365,24.9055,24904.5,2.48497e-9,118487,10924.7,0.952305,27.8812,13.2682,13259.4,4.47336e-8,31198.9,0.172687,4.41508,25.2079,25206.8,2.48519e-9,118487,10927.5,0.943901,28.0646,13.2967,13287.9,4.47326e-8,31199.4,0.171122,4.44288,25.2573,25256,2.48514e-9,118487
3,203,10925.7,0.0484254,5.67639,3.15057,3148.8,4.81124e-13,31199.1,0.01488,0.91631,6.0342,6035.67,2.67291e-14,133427,10924.7,0.0485904,5.79779,3.19228,3190.48,4.53488e-13,31198.9,0.0150377,0.935932,6.14386,6145.36,2.51937e-14,133427,10927.5,0.0481704,5.89616,3.22633,3224.5,3.9372e-13,31199.4,0.0149474,0.951235,6.20717,6208.58,2.18733e-14,133427
4,203,10925.7,0.002673,1.12482,0.656851,656.524,-1.92342e-18,31199.1,0.00219152,0.186334,1.28406,1284.6,-1.06856e-19,148366,10924.7,0.00268652,1.15771,0.670152,669.818,-1.80735e-18,31198.9,0.00223608,0.191769,1.31641,1316.96,-1.00408e-19,148366,10927.5,0.00266769,1.19026,0.683993,683.647,3.19967e-18,31199.4,0.00224215,0.19694,1.34267,1343.2,1.77759e-19,148366
6,203,10925.7,1.8572e-5,0.0431873,0.0257921,25.779,2.40232e-25,31199.1,7.46411e-5,0.00758154,0.0532343,53.2547,1.33462e-26,89059,10924.7,1.90125e-5,0.0451556,0.0267176,26.7041,1.9091e-25,31198.9,7.7456e-5,0.00792379,0.0553988,55.4199,1.06061e-26,89059,10927.5,1.92999e-5,0.0474769,0.0278664,27.8521,-3.08095e-25,31199.4,7.92978e-5,0.00831105,0.0576773,57.6979,-1.71163e-26,89059
9,203,10925.7,7.78825e-8,0.000322836,0.000193292,0.193176,-1.37587e-32,31199.1,4.83276e-7,6.11998e-5,0.000432173,0.432224,-7.64371e-34,98.091,10924.7,8.23658e-8,0.000345679,0.000205031,0.204908,-1.13962e-32,31198.9,5.13599e-7,6.54702e-5,0.000460296,0.460348,-6.33122e-34,98.091,10927.5,8.72753e-8,0.000375962,0.000221181,0.221046,1.89192e-32,31199.4,5.42721e-7,7.09043e-5,0.00049473,0.494778,1.05107e-33,98.091
14,203,10925.7,2.08087e-11,9.21693e-8,5.51925e-8,5.51581e-5,4.79314e-43,31199.1,1.46199e-10,1.95009e-8,1.37968e-7,0.000137977,2.66284e-44,73.7507,10924.7,2.29192e-11,1.02686e-7,6.09141e-8,6.08761e-5,-1.0026e-42,31198.9,1.61617e-10,2.16916e-8,1.52787e-7,0.000152796,-5.56999e-44,73.7507,10927.5,2.57203e-11,1.18164e-7,6.95252e-8,6.94814e-5,1.10301e-43,31199.4,1.80265e-10,2.47903e-8,1.7328e-7,0.000173287,6.12779e-45,73.7507
20,203,10925.7,1.06987e-15,4.73954e-12,2.83812e-12,2.83635e-9,3.18925e-52,31199.1,8.63676e-15,1.15212e-12,8.15132e-12,8.15179e-9,1.77181e-53,44.5424,10924.7,8.25697e-16,3.70019e-12,2.19497e-12,2.1936e-9,-4.45815e-49,31198.9,7.22298e-15,9.69515e-13,6.82896e-12,6.82935e-9,-2.47675e-50,44.5424,10927.5,1.74402e-15,8.01362e-12,4.71505e-12,4.71208e-9,1.14375e-50,31199.4,1.37907e-14,1.89672e-12,1.32579e-11,1.32584e-8,6.35415e-52,44.5424
0,204,11250,0,0,0,0,9.8325e+9,31250,0,0,0,0,5.4625e+8,134505,11250,0,0,0,0,9.8325e+9,31250,0,0,0,0,5.4625e+8,134505,11250,0,0,0,0,9.8325e+9,31250,0,0,0,0,5.4625e+8,134505
1,204,10897.3,20.6308,120.003,36.6912,36661.5,20.2686,31194.7,3.27286,18.8391,69.0778,69046.9,1.12603,123264,10895.7,20.7242,121.67,36.9567,36926.9,20.2668,31194.4,3.28831,19.1022,69.916,69884.8,1.12593,123264,10892.8,20.8969,122.529,37.2326,37202.6,20.2669,31193.9,3.31646,19.2398,70.4472,70416.1,1.12594,123264
2,204,10897.3,1.03155,30.3487,14.4776,14467.9,4.42479e-8,31194.6,0.186763,4.81185,27.4105,27408.8,2.45821e-9,112022,10895.7,1.03628,31.1654,14.7204,14710.5,4.47252e-8,31194.3,0.18808,4.94167,28.0061,28004.4,2.48473e-9,112022,10892.8,1.04494,31.3305,14.8111,14801.1,4.47426e-8,31193.8,0.189855,4.96902,28.1837,28182.2,2.48569e-9,112022
3,204,10897.3,0.0525284,6.32913,3.49153,3489.45,4.27019e-13,31194.5,0.0156882,1.02187,6.69377,6694.74,2.37232e-14,100781,10895.7,0.0527977,6.59552,3.59331,3591.16,3.83352e-13,31194.3,0.0159725,1.06484,6.92249,6923.48,2.12973e-14,100781,10892.8,0.0532452,6.61715,3.60945,3607.3,4.02158e-13,31193.8,0.0161527,1.06878,6.95565,6956.71,2.23421e-14,100781
4,204,10897.3,0.00286424,1.26765,0.73501,734.594,-1.73233e-18,31194.5,0.00216295,0.209416,1.43583,1436.16,-9.62403e-20,89539.4,10895.7,0.00288833,1.34174,0.767146,766.71,-1.54286e-18,31194.3,0.00224356,0.221595,1.50578,1506.11,-8.57143e-20,89539.4,10892.8,0.0029136,1.34328,0.769109,768.676,-1.62074e-18,31193.8,0.00227022,0.221995,1.51036,1510.71,-9.00411e-20,89539.4
6,204,10897.3,1.88558e-5,0.0497483,0.0294785,29.4616,-2.72585e-26,31194.5,7.32601e-5,0.00863371,0.0603429,60.3547,-1.51435e-27,53758.8,10895.7,1.97612e-5,0.0543687,0.0317347,31.7164,-3.92621e-25,31194.3,7.8674e-5,0.00942645,0.0652379,65.2502,-2.18123e-26,53758.8,10892.8,1.99222e-5,0.0541935,0.0316816,31.6634,-5.39729e-25,31193.8,7.93892e-5,0.00940729,0.0651921,65.2052,-2.99849e-26,53758.8
9,204,10897.3,8.62231e-8,0.000384453,0.000228337,0.228194,1.56184e-33,31194.5,5.28279e-7,7.14752e-5,0.000501497,0.501523,8.67688e-35,87.8623,10895.7,9.66676e-8,0.00044097,0.000257942,0.25778,2.37692e-32,31194.3,5.95059e-7,8.18149e-5,0.000568319,0.568345,1.32051e-33,87.8623,10892.8,9.68223e-8,0.000436657,0.000255822,0.255662,3.10744e-32,31193.8,5.97047e-7,8.1173e-5,0.000564633,0.564664,1.72635e-33,87.8623
14,204,10897.3,2.49375e-11,1.16052e-7,6.89333e-8,6.88893e-5,-7.67476e-46,31194.5,1.71654e-10,2.39568e-8,1.68268e-7,0.000168271,-4.26428e-47,62.2746,10895.7,3.03452e-11,1.44277e-7,8.44012e-8,8.43471e-5,-1.45419e-43,31194.3,2.09308e-10,2.96743e-8,2.06339e-7,0.000206342,-8.07882e-45,62.2746,10892.8,3.00579e-11,1.41301e-7,8.27907e-8,8.2738e-5,-2.40715e-43,31193.8,2.07946e-10,2.91528e-8,2.02993e-7,0.000202998,-1.33731e-44,62.2746
20,204,10897.3,1.06462e-15,4.95515e-12,2.94328e-12,2.9414e-9,-4.62885e-53,31194.5,8.71412e-15,1.21628e-12,8.543e-12,8.54317e-9,-2.5719e-54,31.5692,10895.7,2.4046e-15,1.1434e-11,6.68886e-12,6.68457e-9,8.62664e-48,31194.3,1.84502e-14,2.61597e-12,1.81901e-11,1.81903e-8,4.79257e-49,31.5692,10892.8,2.00579e-15,9.43016e-12,5.52531e-12,5.52179e-9,-4.03795e-49,31193.8,1.56914e-14,2.20001e-12,1.53189e-11,1.53193e-8,-2.2433e-50,31.5692
0,205,11250,0,0,0,0,9.8325e+9,31250,0,0,0,0,5.4625e+8,257207,11250,0,0,0,0,9.8325e+9,31250,0,0,0,0,5.4625e+8,257207,11250,0,0,0,0,9.8325e+9,31250,0,0,0,0,5.4625e+8,257207
1,205,10763.5,28.4671,164.703,50.4367,50400.2,20.2667,31173.2,4.56724,26.0306,95.5295,95510.3,1.12593,268680,10770.7,28.046,163.356,49.7366,49700.4,20.2668,31174.3,4.49738,25.8083,94.6239,94603.7,1.12593,268680,10767.8,28.2146,165.69,50.3157,50279.1,20.2668,31173.9,4.52578,26.1805,95.7377,95717.6,1.12593,268680
2,205,10763.4,1.42639,41.3638,19.7972,19787.1,4.4671e-8,31173,0.27752,6.63473,37.8065,37822.5,2.48171e-9,280153,10770.6,1.4052,41.4048,19.6555,19645.4,4.46898e-8,31174.1,0.273017,6.63708,37.6986,37713.7,2.48276e-9,280153,10767.7,1.4138,42.4719,20.0503,20040,4.46853e-8,31173.7,0.275579,6.80907,38.4619,38477.4,2.48251e-9,280153
3,205,10763.4,0.0735592,8.55846,4.74295,4741.23,1.18543e-13,31172.9,0.0280424,1.41223,9.23254,9240.21,6.58572e-15,291626,10770.6,0.0724624,8.65807,4.75024,4748.46,1.40151e-13,31174.1,0.0276324,1.42686,9.28358,9290.95,7.78612e-15,291626,10767.7,0.0729727,8.99696,4.89771,4895.88,1.45826e-13,31173.6,0.0282272,1.48274,9.57341,9581.01,8.1014e-15,291626
4,205,10763.4,0.00423183,1.70004,0.990927,990.656,8.12735e-19,31172.9,0.00466492,0.291255,1.98758,1989.7,4.51518e-20,303099,10770.6,0.00417314,1.73926,1.00255,1002.26,9.36672e-19,31174.1,0.00463081,0.297319,2.01761,2019.68,5.20372e-20,303099,10767.7,0.00422399,1.83235,1.04658,1046.28,9.89788e-19,31173.6,0.00480823,0.313146,2.10636,2108.51,5.4988e-20,303099
6,205,10763.4,3.37462e-5,0.0655964,0.0391002,39.0861,7.94437e-25,31172.9,0.000153914,0.0121712,0.0846827,84.7504,4.41353e-26,181892,10770.6,3.38944e-5,0.0686764,0.0404509,40.4357,9.04269e-25,31174.1,0.000155846,0.0126871,0.08773,87.7966,5.0237e-26,181892,10767.7,3.56647e-5,0.0744238,0.0433967,43.3803,8.98972e-25,31173.6,0.000166372,0.0137326,0.0940618,94.1326,4.99427e-26,181892
9,205,10763.4,1.21649e-7,0.000493704,0.000295116,0.294942,-3.33617e-32,31172.9,8.14461e-7,0.000100146,0.000704932,0.705041,-1.85342e-33,81.7355,10770.6,1.27337e-7,0.000535248,0.000316109,0.315919,-4.43712e-32,31174.1,8.52039e-7,0.000107827,0.000754026,0.754123,-2.46506e-33,81.7355,10767.7,1.41629e-7,0.000605314,0.000353849,0.353636,-4.42642e-32,31173.6,9.4741e-7,0.000121652,0.000842431,0.842535,-2.45911e-33,81.7355
14,205,10763.4,3.08414e-11,1.4245e-7,8.51708e-8,8.51164e-5,-6.90649e-43,31172.9,2.34888e-10,3.21856e-8,2.27464e-7,0.000227471,-3.83693e-44,66.7105,10770.6,3.42844e-11,1.637e-7,9.66998e-8,9.66374e-5,-1.81507e-43,31174.1,2.59908e-10,3.66236e-8,2.57087e-7,0.000257089,-1.00837e-44,66.7105,10767.7,4.10167e-11,1.98733e-7,1.16198e-7,0.000116122,9.96146e-49,31173.6,3.1006e-10,4.42921e-8,3.07857e-7,0.000307859,5.53412e-50,66.7105
20,205,10763.4,1.85924e-15,8.58901e-12,5.13535e-12,5.13207e-9,1.14057e-50,31172.9,1.59788e-14,2.18968e-12,1.54752e-11,1.54757e-8,6.33649e-52,48.6805,10770.6,2.47306e-15,1.18104e-11,6.97654e-12,6.97203e-9,-2.6925e-49,31174.1,2.09755e-14,2.95589e-12,2.07497e-11,2.07499e-8,-1.49583e-50,48.6805,10767.7,2.40395e-15,1.16496e-11,6.81143e-12,6.80702e-9,-1.69708e-59,31173.6,2.077e-14,2.96725e-12,2.06244e-11,2.06245e-8,-9.42819e-61,48.6805
0,206,7500,0,0,0,0,6.555e+9,22727.3,0,0,0,0,3.97273e+8,267024,7500,0,0,0,0,6.555e+9,22727.3,0,0,0,0,3.97273e+8,267024,7500,0,0,0,0,6.555e+9,22727.3,0,0,0,0,3.97273e+8,267024
1,206,7283.42,12.6604,61.3898,19.9088,19892.3,13.5112,22686.9,2.38316,11.4553,44.5507,44530,0.818857,221329,7281.21,12.7897,62.4196,20.1273,20110.6,13.5114,22686.5,2.40823,11.6493,45.2621,45241.4,0.818873,221329,7282.61,12.7082,63.3008,20.277,20260.2,13.5117,22686.7,2.39274,11.8124,45.5943,45573.1,0.818893,221329
2,206,7283.42,0.632035,12.1263,6.56794,6563.25,2.74988e-8,22686.8,0.130609,2.28583,14.7769,14775.3,1.66659e-9,175634,7281.2,0.638517,12.4363,6.68078,6676.02,2.74981e-8,22686.4,0.132228,2.34482,15.1059,15104.3,1.66655e-9,175634,7282.6,0.634482,12.9602,6.86255,6857.63,2.74971e-8,22686.7,0.131614,2.4428,15.5145,15512.6,1.66649e-9,175634
3,206,7283.41,0.0318071,1.90037,1.26079,1259.96,8.37257e-14,22686.8,0.00890217,0.365204,2.87138,2871.56,5.07428e-15,129939,7281.2,0.0321411,1.96852,1.2924,1291.55,8.24631e-14,22686.4,0.00907511,0.378419,2.95838,2958.59,4.99776e-15,129939,7282.6,0.0319526,2.11728,1.36058,1359.68,7.98474e-14,22686.7,0.00913197,0.406634,3.11329,3113.44,4.83923e-15,129939
4,206,7283.41,0.00163515,0.280005,0.203073,202.943,-2.50763e-19,22686.8,0.000812911,0.0551791,0.471309,471.359,-1.51977e-20,84244.7,7281.2,0.00165396,0.293207,0.210072,209.938,-6.54449e-19,22686.4,0.000839195,0.0577992,0.490089,490.143,-3.96635e-20,84244.7,7282.6,0.00164799,0.326352,0.22766,227.512,-5.47578e-19,22686.7,0.000866404,0.0642022,0.530638,530.681,-3.31865e-20,84244.7
6,206,7283.41,5.45942e-6,0.0058038,0.00445242,4.44955,-1.90803e-25,22686.8,1.25095e-5,0.00120914,0.01086,10.8609,-1.15638e-26,50570.9,7281.2,5.59218e-6,0.0062179,0.00470386,4.70084,-1.55338e-25,22686.4,1.32768e-5,0.00129552,0.011533,11.534,-9.41443e-27,50570.9,7282.6,5.76319e-6,0.00743714,0.00544893,5.44536,-1.92125e-25,22686.7,1.4716e-5,0.00154159,0.0133182,13.3189,-1.16439e-26,50570.9
9,206,7283.41,4.73334e-9,1.69922e-5,1.31834e-5,0.0131744,-3.95876e-42,22686.8,3.42751e-8,3.84171e-6,3.48976e-5,0.0348969,-2.39924e-43,60.2965,7281.2,5.13916e-9,1.88534e-5,1.44154e-5,0.0144056,-4.17546e-42,22686.4,3.77009e-8,4.2604e-6,3.83399e-5,0.0383391,-2.53058e-43,60.2965,7282.6,6.25064e-9,2.51763e-5,1.8611e-5,0.0185981,-3.05785e-42,22686.7,4.64299e-8,5.63002e-6,4.91003e-5,0.0490975,-1.85324e-43,60.2965
14,206,7283.41,2.45153e-13,1.01558e-9,7.88572e-10,7.88028e-7,1.41746e-53,22686.8,2.24134e-12,2.60463e-10,2.37129e-9,2.37116e-6,8.59066e-55,63.0315,7281.2,2.84453e-13,1.19474e-9,9.14179e-10,9.13549e-7,6.58562e-53,22686.4,2.6125e-12,3.05966e-10,2.75934e-9,2.75919e-6,3.99129e-54,63.0315,7282.6,4.23783e-13,1.9174e-9,1.41819e-9,1.41719e-6,-1.40112e-54,22686.7,3.83675e-12,4.81856e-10,4.21016e-9,4.20979e-6,-8.49167e-56,63.0315
20,206,7283.41,-6.06518e-17,-2.5142e-13,-1.95223e-13,-1.95089e-10,8.34951e-63,22686.8,-5.86154e-16,-6.81194e-14,-6.20182e-13,-6.20148e-10,5.06032e-64,66.3135,7281.2,6.27613e-18,2.63801e-14,2.01854e-14,2.01715e-11,-1.49778e-63,22686.4,6.55936e-17,7.68263e-15,6.9287e-14,6.92833e-11,-9.07743e-65,66.3135,7282.6,-4.19014e-16,-1.89672e-12,-1.4029e-12,-1.40191e-9,3.61903e-60,22686.7,-3.94364e-15,-4.95306e-13,-4.32776e-12,-4.32737e-9,2.19336e-61,66.3135
0,301,7500,0,0,0,0,6.555e+9,22727.3,0,0,0,0,3.97273e+8,55.617,7500,0,0,0,0,6.555e+9,22727.3,0,0,0,0,3.97273e+8,55.617,7500,0,0,0,0,6.555e+9,22727.3,0,0,0,0,3.97273e+8,55.617
1,301,7484.15,0.928053,5.35762,1.6414,1639.78,13.5116,22724.4,0.170769,0.985082,3.62466,3621.18,0.818884,52.4685,7484.31,0.918907,5.32793,1.62414,1622.54,13.5116,22724.4,0.169083,0.979612,3.6037,3600.24,0.818884,52.4685,7484.02,0.935928,5.41388,1.65158,1649.95,13.5116,22724.3,0.172221,0.995438,3.66465,3661.14,0.818884,52.4685
2,301,7484.15,0.0462191,1.34216,0.643474,642.845,2.74948e-8,22724.4,0.00859645,0.246963,1.42156,1420.24,1.66635e-9,49.3199,7484.31,0.0457635,1.34272,0.639515,638.89,2.74948e-8,22724.4,0.00851132,0.24706,1.41956,1418.24,1.66635e-9,49.3199,7484.02,0.0466114,1.35998,0.648775,648.141,2.74948e-8,22724.3,0.00867073,0.250246,1.44016,1438.82,1.66635e-9,49.3199
3,301,7484.15,0.00230493,0.276756,0.153782,153.633,-5.59118e-14,22724.4,0.000453599,0.0509971,0.340063,339.754,-3.38859e-15,46.1714,7484.31,0.0022822,0.27878,0.153702,153.553,-5.99838e-14,22724.4,0.00044916,0.0513681,0.341506,341.195,-3.63538e-15,46.1714,7484.02,0.00232453,0.281318,0.155452,155.301,-5.60369e-14,22724.3,0.000457894,0.0518391,0.34541,345.096,-3.39618e-15,46.1714
4,301,7484.15,0.000115579,0.0547606,0.0320242,31.9932,-1.98287e-20,22724.4,2.81408e-5,0.0101096,0.0709223,70.8584,-1.20174e-21,43.0228,7484.31,0.000114442,0.0555658,0.0322187,32.1875,-2.15703e-20,22724.4,2.79103e-5,0.0102575,0.0716917,71.627,-1.30729e-21,43.0228,7484.02,0.000116573,0.0558506,0.0324698,32.4385,-2.00879e-20,22724.3,2.85005e-5,0.0103112,0.0722562,72.1912,-1.21745e-21,43.0228
6,301,7484.15,3.28089e-7,0.00209584,0.00125368,1.25247,-1.9239e-27,22724.4,3.48033e-7,0.000388586,0.00278746,2.78497,-1.166e-28,39.6982,7484.31,3.25538e-7,0.00215886,0.00127973,1.2785,-4.69261e-27,22724.4,3.50538e-7,0.000400212,0.0028587,2.85614,-2.84401e-28,39.6982,7484.02,3.31685e-7,0.00215238,0.00127963,1.2784,-2.90329e-27,22724.3,3.57908e-7,0.000399093,0.00285896,2.8564,-1.75957e-28,39.6982
9,301,7484.15,3.65499e-10,1.55963e-5,9.35137e-6,0.00934235,-3.25287e-35,22724.4,2.24817e-9,2.91118e-6,2.09306e-5,0.0209119,-1.97144e-36,34.7112,7484.31,3.74526e-10,1.64348e-5,9.76434e-6,0.00975492,1.85158e-34,22724.4,2.32188e-9,3.06683e-6,2.19544e-5,0.0219347,1.12217e-35,34.7112,7484.02,3.78242e-10,1.61855e-5,9.64496e-6,0.00963565,2.07261e-34,22724.3,2.34369e-9,3.02143e-6,2.1693e-5,0.0216737,1.25612e-35,34.7112
14,301,7484.15,9.37619e-14,4.42367e-9,2.65254e-9,2.64998e-6,1.74615e-43,22724.4,6.43271e-13,8.3504e-10,6.00404e-9,5.99868e-6,1.05827e-44,31.9625,7484.31,1.00108e-13,4.84067e-9,2.87613e-9,2.87335e-6,6.81437e-44,22724.4,6.89812e-13,9.13302e-10,6.53837e-9,6.53252e-6,4.12992e-45,31.9625,7484.02,9.90672e-14,4.67512e-9,2.78606e-9,2.78338e-6,-6.47982e-46,22724.3,6.83004e-13,8.82624e-10,6.33733e-9,6.33167e-6,-3.92716e-47,31.9625
20,301,7484.15,2.88108e-18,1.35945e-13,8.15156e-14,8.1437e-11,5.71573e-51,22724.4,2.01223e-17,2.61216e-14,1.87818e-13,1.8765e-10,3.46408e-52,28.6642,7484.31,-3.41857e-17,-1.65318e-12,-9.82255e-13,-9.81306e-10,2.48616e-50,22724.4,-2.35916e-16,-3.12352e-13,-2.23614e-12,-2.23414e-9,1.50676e-51,28.6642,7484.02,-3.42164e-17,-1.61487e-12,-9.62356e-13,-9.61427e-10,1.1059e-51,22724.3,-2.35341e-16,-3.04124e-13,-2.18364e-12,-2.1817e-9,6.70244e-53,28.6642
0,302,11250,0,0,0,0,9.8325e+9,31250,0,0,0,0,5.4625e+8,27.9761,11250,0,0,0,0,9.8325e+9,31250,0,0,0,0,5.4625e+8,27.9761,11250,0,0,0,0,9.8325e+9,31250,0,0,0,0,5.4625e+8,27.9761
1,302,11215.5,2.01782,10.5272,3.33168,3328.42,20.2691,31244.7,0.312213,1.62728,6.18508,6179.23,1.12606,30.8774,11214.7,2.06532,10.8692,3.41788,3414.53,20.2668,31244.5,0.319584,1.68021,6.37571,6369.7,1.12594,30.8774,11215.2,2.0384,10.8835,3.40652,3403.18,20.2667,31244.6,0.31541,1.68239,6.35439,6348.39,1.12593,30.8774
2,302,11215.5,0.1005,2.29735,1.18115,1180.01,4.42465e-8,31244.7,0.0157452,0.355502,2.19399,2192.02,2.45814e-9,33.7787,11214.7,0.102867,2.40006,1.22204,1220.87,4.48134e-8,31244.5,0.0161243,0.371417,2.28094,2278.89,2.48963e-9,33.7787,11215.2,0.101527,2.45068,1.23534,1234.15,4.47985e-8,31244.6,0.0159149,0.379233,2.30569,2303.61,2.48881e-9,33.7787
3,302,11215.5,0.00501301,0.403931,0.248179,247.943,8.96015e-14,31244.7,0.000832526,0.0626411,0.461625,461.223,4.97786e-15,36.68,11214.7,0.00513146,0.427779,0.259568,259.321,9.06802e-14,31244.5,0.00085486,0.0663454,0.485159,484.737,5.03779e-15,36.68,11215.2,0.0050648,0.446803,0.267177,266.922,8.36332e-14,31244.6,0.000844876,0.0692877,0.499351,498.915,4.64629e-15,36.68
4,302,11215.5,0.000251354,0.0673927,0.0444536,44.4115,5.79303e-18,31244.7,5.06169e-5,0.0104826,0.0828709,82.8002,3.21835e-19,39.5813,11214.7,0.000257389,0.0724262,0.0470895,47.0449,4.90859e-18,31244.5,5.24982e-5,0.0112668,0.088215,88.1399,2.72699e-19,39.5813,11215.2,0.000254124,0.0775101,0.0495096,49.4626,3.82821e-18,31244.6,5.22861e-5,0.0120548,0.0927369,92.6575,2.12678e-19,39.5813
6,302,11215.5,6.89201e-7,0.0018123,0.00124242,1.24125,-3.65937e-23,31244.7,4.68778e-7,0.00028394,0.0023309,2.32895,-2.03299e-24,43.5275,11214.7,7.11189e-7,0.00200807,0.00135459,1.35332,3.63273e-24,31244.5,5.11596e-7,0.000314653,0.00255394,2.55179,2.01818e-25,43.5275,11215.2,7.08454e-7,0.0022605,0.00149409,1.49268,5.8356e-23,31244.6,5.38446e-7,0.000354003,0.00281586,2.81349,3.242e-24,43.5275
9,302,11215.5,3.96662e-10,7.89827e-6,5.44627e-6,0.00544114,3.16339e-31,31244.7,1.70012e-9,1.25198e-6,1.03347e-5,0.0103261,1.75744e-32,49.4469,11214.7,4.47673e-10,9.16756e-6,6.21764e-6,0.00621179,-5.1363e-32,31244.5,1.96956e-9,1.45336e-6,1.1857e-5,0.0118471,-2.8535e-33,49.4469,11215.2,5.02346e-10,1.11444e-5,7.40097e-6,0.007394,3.31978e-30,31244.6,2.26238e-9,1.76467e-6,1.41002e-5,0.0140883,1.84432e-31,49.4469
14,302,11215.5,3.73213e-14,9.17926e-10,6.3312e-10,6.32524e-7,5.36972e-41,31244.7,2.00411e-13,1.48388e-10,1.22518e-9,1.22415e-6,2.98318e-42,45.2582,11214.7,4.65211e-14,1.15159e-9,7.81214e-10,7.80479e-7,-1.95626e-42,31244.5,2.51102e-13,1.8618e-10,1.51923e-9,1.51796e-6,-1.08681e-43,45.2582,11215.2,6.08409e-14,1.59187e-9,1.05735e-9,1.05635e-6,3.9436e-39,31244.6,3.27844e-13,2.56785e-10,2.05213e-9,2.0504e-6,2.19089e-40,45.2582
20,302,11215.5,6.51659e-18,1.60374e-13,1.10615e-13,1.10511e-10,4.07579e-49,31244.7,3.54318e-17,2.62342e-14,2.16606e-13,2.16425e-10,2.26433e-50,40.2317,11214.7,6.31147e-17,1.56281e-12,1.06017e-12,1.05918e-9,8.77972e-49,31244.5,3.42044e-16,2.53614e-13,2.06948e-12,2.06776e-9,4.87762e-50,40.2317,11215.2,5.86707e-18,1.53474e-13,1.0194e-13,1.01844e-10,-4.85258e-46,31244.6,3.13594e-17,2.45655e-14,1.96318e-13,1.96153e-10,-2.69588e-47,40.2317
0,303,11250,0,0,0,0,9.8325e+9,31250,0,0,0,0,5.4625e+8,36.9082,11250,0,0,0,0,9.8325e+9,31250,0,0,0,0,5.4625e+8,36.9082,11250,0,0,0,0,9.8325e+9,31250,0,0,0,0,5.4625e+8,36.9082
1,303,11214.6,2.07155,11.6362,3.59632,3592.8,20.2669,31244.5,0.320562,1.79878,6.67661,6670.31,1.12594,34.395,11214.2,2.09639,11.8321,3.63806,3634.5,20.2667,31244.5,0.324418,1.8291,6.78659,6780.19,1.12593,34.395,11214.3,2.08809,11.9183,3.65142,3647.84,20.2678,31244.5,0.323132,1.8424,6.81146,6805.03,1.12599,34.395
2,303,11214.6,0.103182,2.80769,1.37152,1370.2,4.4825e-8,31244.5,0.016193,0.434479,2.54772,2545.42,2.49028e-9,31.8818,11214.2,0.104419,2.87367,1.3941,1392.75,4.48017e-8,31244.5,0.0163924,0.444703,2.60213,2599.78,2.48898e-9,31.8818,11214.3,0.104006,2.93943,1.41509,1413.72,4.42459e-8,31244.5,0.01633,0.454869,2.64128,2638.9,2.45811e-9,31.8818
3,303,11214.6,0.00514895,0.554455,0.316385,316.083,5.58157e-14,31244.5,0.00086752,0.0859729,0.5885,587.986,3.10087e-15,29.3686,11214.2,0.00521096,0.571778,0.323574,323.265,5.34022e-14,31244.5,0.000879744,0.0886629,0.60478,604.251,2.96679e-15,29.3686,11214.3,0.00519065,0.595317,0.333236,332.917,4.21695e-14,31244.5,0.000877907,0.0923077,0.622821,622.276,2.34275e-15,29.3686
4,303,11214.6,0.000258818,0.10477,0.0632249,63.1648,1.55225e-18,31244.5,5.59997e-5,0.0162892,0.117851,117.75,8.62361e-20,26.8554,11214.2,0.000262003,0.108916,0.0651267,65.0648,1.40859e-18,31244.5,5.71785e-5,0.0169347,0.121985,121.88,7.82551e-20,26.8554,11214.3,0.000261063,0.115561,0.0682131,68.1483,-2.32556e-21,31244.5,5.75685e-5,0.0179658,0.127758,127.648,-1.29197e-22,26.8554
6,303,11214.6,7.55653e-7,0.00364692,0.0022591,2.25696,1.15971e-23,31244.5,7.31627e-7,0.000570542,0.00423488,4.23128,6.44282e-25,32.7942,11214.2,7.69409e-7,0.00385462,0.00236441,2.36218,2.98451e-24,31244.5,7.6958e-7,0.000603078,0.00445389,4.45011,1.65806e-25,32.7942,11214.3,7.75567e-7,0.00425211,0.00257094,2.56851,-5.05298e-27,31244.5,8.14883e-7,0.000665065,0.00484194,4.83781,-2.80721e-28,32.7942
9,303,11214.6,8.73811e-10,2.35119e-5,1.46084e-5,0.0145946,-9.3719e-31,31244.5,4.19662e-9,3.71451e-6,2.76504e-5,0.027627,-5.20661e-32,41.7024,11214.2,9.37605e-10,2.54823e-5,1.56759e-5,0.0156611,1.0185e-31,31244.5,4.55003e-9,4.02611e-6,2.98158e-5,0.0297906,5.65836e-33,41.7024,11214.3,1.0504e-9,2.98147e-5,1.80738e-5,0.0180567,-2.80606e-34,31244.5,5.1457e-9,4.7077e-6,3.43594e-5,0.0343302,-1.55892e-35,41.7024
14,303,11214.6,1.7771e-13,5.24861e-9,3.26136e-9,3.25827e-6,-4.78577e-41,31244.5,9.50126e-13,8.42904e-10,6.275e-9,6.26967e-6,-2.65876e-42,47.5653,11214.2,1.99958e-13,5.93173e-9,3.64932e-9,3.64587e-6,-1.27788e-41,31244.5,1.07437e-12,9.52694e-10,7.05581e-9,7.04983e-6,-7.09933e-43,47.5653,11214.3,2.49611e-13,7.65592e-9,4.64138e-9,4.63699e-6,3.45646e-44,31244.5,1.33994e-12,1.2282e-9,8.96464e-9,8.95702e-6,1.92026e-45,47.5653
20,303,11214.6,-7.16746e-17,-2.1171e-12,-1.31551e-12,-1.31427e-9,-2.28781e-47,31244.5,-3.84446e-16,-3.41057e-13,-2.539e-12,-2.53685e-9,-1.271e-48,54.6009,11214.2,-5.62689e-18,-1.66878e-13,-1.02667e-13,-1.0257e-10,2.53457e-48,31244.5,-2.90797e-17,-2.57842e-14,-1.90962e-13,-1.908e-10,1.4081e-49,54.6009,11214.3,2.30658e-17,7.07544e-13,4.28947e-13,4.28542e-10,5.62732e-51,31244.5,1.25444e-16,1.14986e-13,8.39283e-13,8.38569e-10,3.12629e-52,54.6009
0,304,11250,0,0,0,0,9.8325e+9,31250,0,0,0,0,5.4625e+8,51.3073,11250,0,0,0,0,9.8325e+9,31250,0,0,0,0,5.4625e+8,51.3073,11250,0,0,0,0,9.8325e+9,31250,0,0,0,0,5.4625e+8,51.3073
1,304,11213.4,2.14316,13.9813,4.12041,4116.37,20.2691,31244.3,0.331705,2.16139,7.64995,7642.74,1.12606,49.7559,11213.8,2.1203,14.0385,4.10309,4099.07,20.2686,31244.4,0.328161,2.17019,7.65417,7646.94,1.12603,49.7559,11213.2,2.15593,14.2531,4.16777,4163.69,20.2671,31244.3,0.333692,2.20342,7.77504,7767.71,1.12595,49.7559
2,304,11213.4,0.10676,4.1482,1.83248,1830.71,4.42463e-8,31244.3,0.0168193,0.6419,3.40414,3401.06,2.45813e-9,48.2046,11213.8,0.105622,4.25204,1.85349,1851.7,4.42461e-8,31244.4,0.0166428,0.657943,3.45957,3456.44,2.45811e-9,48.2046,11213.2,0.107398,4.30803,1.87973,1877.91,4.48634e-8,31244.3,0.0169279,0.666637,3.50868,3505.51,2.49241e-9,48.2046
3,304,11213.4,0.00533382,1.03833,0.515133,514.64,-1.82686e-14,31244.3,0.000933091,0.16095,0.958142,957.295,-1.01492e-15,46.6533,11213.8,0.00527739,1.08963,0.531611,531.101,-6.44586e-14,31244.4,0.000926032,0.168887,0.993478,992.598,-3.58103e-15,46.6533,11213.2,0.00536637,1.10136,0.538042,537.526,-5.53744e-14,31244.3,0.000943145,0.170718,1.00555,1004.67,-3.07636e-15,46.6533
4,304,11213.4,0.000270344,0.252124,0.129371,129.247,1.78178e-20,31244.3,7.12705e-5,0.0391648,0.241065,240.855,9.89877e-22,45.1019,11213.8,0.000267718,0.27118,0.136607,136.476,-4.42063e-19,31244.4,7.19271e-5,0.0421182,0.255743,255.518,-2.45591e-20,45.1019,11213.2,0.000272286,0.273417,0.137939,137.807,-4.02041e-19,31244.3,7.34951e-5,0.0424706,0.25826,258.034,-2.23356e-20,45.1019
6,304,11213.4,1.01425e-6,0.0146665,0.00761411,7.60685,-9.82653e-27,31244.3,1.96315e-6,0.00228891,0.014251,14.2386,-5.45918e-28,45.7343,11213.8,1.03637e-6,0.0165855,0.00844542,8.43736,-1.31807e-24,31244.4,2.12135e-6,0.00258752,0.0158786,15.8647,-7.3226e-26,45.7343,11213.2,1.05622e-6,0.016638,0.00848547,8.47738,-9.73364e-25,31244.3,2.1703e-6,0.00259624,0.0159567,15.9428,-5.40757e-26,45.7343
9,304,11213.4,5.10468e-9,0.000205198,0.000106612,0.106511,-1.52999e-40,31244.3,2.63587e-8,3.22529e-5,0.000200962,0.200787,-8.49995e-42,46.6829,11213.8,5.93101e-9,0.000250222,0.000127502,0.12738,3.63208e-37,31244.4,3.08284e-8,3.93051e-5,0.00024136,0.24115,2.01782e-38,46.6829,11213.2,6.02287e-9,0.000249108,0.000127136,0.127015,2.327e-37,31244.3,3.13158e-8,3.91437e-5,0.000240742,0.240533,1.29278e-38,46.6829
14,304,11213.4,4.08136e-12,1.66685e-7,8.66034e-8,8.65209e-5,-1.0186e-50,31244.3,2.16596e-11,2.65127e-8,1.65198e-7,0.000165054,-5.65888e-52,59.1927,11213.8,5.38998e-12,2.30485e-7,1.17446e-7,0.000117333,-6.31931e-46,31244.4,2.87138e-11,3.66203e-8,2.24875e-7,0.000224679,-3.51073e-47,59.1927,11213.2,5.40446e-12,2.2657e-7,1.15634e-7,0.000115524,1.99824e-46,31244.3,2.88071e-11,3.6019e-8,2.21526e-7,0.000221333,1.11013e-47,59.1927
20,304,11213.4,9.59123e-16,3.91699e-11,2.03512e-11,2.03318e-8,1.8399e-57,31244.3,5.15035e-15,6.3041e-12,3.92801e-11,3.9246e-8,1.02217e-58,74.2044,11213.8,1.26829e-15,5.42319e-11,2.76344e-11,2.7608e-8,1.97128e-51,31244.4,6.84818e-15,8.73346e-12,5.36298e-11,5.3583e-8,1.09515e-52,74.2044,11213.2,1.36248e-15,5.71178e-11,2.91511e-11,2.91233e-8,-4.87238e-54,31244.3,7.35371e-15,9.19446e-12,5.65484e-11,5.64992e-8,-2.70688e-55,74.2044
0,305,11250,0,0,0,0,9.8325e+9,31250,0,0,0,0,5.4625e+8,76.4137,11250,0,0,0,0,9.8325e+9,31250,0,0,0,0,5.4625e+8,76.4137,11250,0,0,0,0,9.8325e+9,31250,0,0,0,0,5.4625e+8,76.4137
1,305,11214.7,2.06651,11.3114,3.52503,3521.57,20.2669,31244.5,0.319775,1.74856,6.54424,6538.06,1.12594,82.1934,11214.5,2.07792,11.3916,3.53541,3531.95,20.2669,31244.5,0.321547,1.76098,6.59502,6588.8,1.12594,82.1934,11214.4,2.0845,11.6653,3.59655,3593.02,20.2671,31244.5,0.322571,1.80329,6.70909,6702.76,1.12595,82.1934
2,305,11214.7,0.102929,2.63457,1.31009,1308.83,4.48189e-8,31244.5,0.016145,0.407695,2.43361,2431.42,2.48994e-9,87.9732,11214.5,0.103497,2.6589,1.31599,1314.72,4.48233e-8,31244.5,0.0162364,0.411467,2.4563,2454.09,2.49018e-9,87.9732,11214.4,0.103826,2.80033,1.36648,1365.16,4.4849e-8,31244.5,0.0162951,0.43335,2.55056,2548.26,2.49161e-9,87.9732
3,305,11214.7,0.00513558,0.499472,0.292385,292.106,7.30688e-14,31244.5,0.000861086,0.0774533,0.543868,543.393,4.05938e-15,93.7529,11214.5,0.00516401,0.505325,0.294284,294.003,7.28492e-14,31244.5,0.000866561,0.078363,0.550034,549.554,4.04717e-15,93.7529,11214.4,0.00518105,0.549748,0.313712,313.413,5.95516e-14,31244.5,0.000872879,0.085247,0.586341,585.829,3.30842e-15,93.7529
4,305,11214.7,0.000257909,0.0903545,0.0562128,56.1595,2.49621e-18,31244.5,5.44092e-5,0.0140507,0.104789,104.699,1.38678e-19,99.5326,11214.5,0.000259354,0.0916539,0.0567094,56.6556,2.42362e-18,31244.5,5.48935e-5,0.0142533,0.106224,106.133,1.34645e-19,99.5326,11214.4,0.000260403,0.103228,0.0623401,62.281,1.67707e-18,31244.5,5.62572e-5,0.0160508,0.116765,116.665,9.31703e-20,99.5326
6,305,11214.7,7.34686e-7,0.00287417,0.00184257,1.84083,2.53916e-23,31244.5,6.30392e-7,0.000449908,0.00345527,3.45235,1.41064e-24,82.5786,11214.5,7.40008e-7,0.00293141,0.00186853,1.86676,3.17135e-23,31244.5,6.42978e-7,0.000458895,0.00352093,3.51796,1.76186e-24,82.5786,11214.4,7.5775e-7,0.00354684,0.00219987,2.19779,1.54918e-23,31244.5,7.25452e-7,0.00055499,0.00414418,4.14066,8.60657e-25,82.5786
9,305,11214.7,6.63271e-10,1.6166e-5,1.04031e-5,0.0103932,-3.15747e-31,31244.5,3.09249e-9,2.55715e-6,1.97099e-5,0.0196933,-1.75415e-32,57.1475,11214.5,6.78845e-10,1.66246e-5,1.06365e-5,0.0106264,-3.06126e-31,31244.5,3.1877e-9,2.6299e-6,2.02503e-5,0.0202333,-1.7007e-32,57.1475,11214.4,8.469e-10,2.24208e-5,1.39495e-5,0.0139363,5.0935e-31,31244.5,4.07316e-9,3.5434e-6,2.65377e-5,0.0265152,2.82972e-32,57.1475
14,305,11214.7,1.04239e-13,2.87657e-9,1.85136e-9,1.84961e-6,3.68015e-43,31244.5,5.58259e-13,4.63061e-10,3.56958e-9,3.56657e-6,2.04451e-44,55.4354,11214.5,1.0832e-13,2.99663e-9,1.9175e-9,1.91569e-6,-6.82307e-43,31244.5,5.83008e-13,4.82456e-10,3.71535e-9,3.71221e-6,-3.7906e-44,55.4354,11214.4,1.66058e-13,4.8435e-9,3.01374e-9,3.01089e-6,2.97489e-41,31244.5,8.92563e-13,7.78346e-10,5.82979e-9,5.82485e-6,1.65272e-42,55.4354
20,305,11214.7,-2.06684e-17,-5.7049e-13,-3.67167e-13,-3.6682e-10,-7.87401e-52,31244.5,-1.10939e-16,-9.20204e-14,-7.09355e-13,-7.08756e-10,-4.37442e-53,53.3808,11214.5,-2.70629e-17,-7.48832e-13,-4.79167e-13,-4.78715e-10,4.53973e-50,31244.5,-1.46279e-16,-1.21048e-13,-9.32178e-13,-9.31392e-10,2.52207e-51,53.3808,11214.4,3.54675e-18,1.03463e-13,6.43769e-14,6.43161e-11,3.69545e-49,31244.5,1.95524e-17,1.70506e-14,1.27708e-13,1.276e-10,2.05303e-50,53.3808
0,306,7500,0,0,0,0,6.555e+9,22727.3,0,0,0,0,3.97273e+8,100.171,7500,0,0,0,0,6.555e+9,22727.3,0,0,0,0,3.97273e+8,100.171,7500,0,0,0,0,6.555e+9,22727.3,0,0,0,0,3.97273e+8,100.171
1,306,7484.4,0.913807,5.33308,1.62822,1626.61,13.5116,22724.4,0.168143,0.980553,3.5955,3592.05,0.818884,84.5711,7484.17,0.927366,5.44495,1.65318,1651.55,13.5116,22724.4,0.170644,1.00114,3.66815,3664.64,0.818884,84.5711,7484.25,0.922633,5.42082,1.64549,1643.87,13.5116,22724.4,0.169771,0.996695,3.65109,3647.59,0.818884,84.5711
2,306,7484.4,0.0455096,1.35614,0.645381,644.751,2.74947e-8,22724.4,0.00846418,0.249526,1.42574,1424.42,1.66635e-9,68.971,7484.17,0.0461852,1.39612,0.659301,658.657,2.74947e-8,22724.4,0.00859232,0.25689,1.4635,1462.14,1.66635e-9,68.971,7484.25,0.0459494,1.39123,0.656688,656.046,2.74947e-8,22724.4,0.00854798,0.255986,1.45769,1456.33,1.66635e-9,68.971
3,306,7484.4,0.00226959,0.284493,0.156438,156.286,-6.50775e-14,22724.4,0.000446911,0.0524187,0.345921,345.606,-3.94409e-15,53.3709,7484.17,0.00230338,0.29569,0.161076,160.92,-6.74492e-14,22724.4,0.000454484,0.0544838,0.357895,357.569,-4.08783e-15,53.3709,7484.25,0.00229161,0.294967,0.16058,160.424,-6.86003e-14,22724.4,0.000452048,0.0543497,0.356787,356.461,-4.15759e-15,53.3709
4,306,7484.4,0.00011383,0.0573306,0.0331183,33.0863,-2.31403e-20,22724.4,2.78719e-5,0.0105825,0.073339,73.2728,-1.40244e-21,37.7708,7484.17,0.000115549,0.0601939,0.0344136,34.3803,-4.05149e-21,22724.4,2.85619e-5,0.0111116,0.076576,76.507,-2.45545e-22,37.7708,7484.25,0.000114957,0.060115,0.0343427,34.3094,-3.00941e-21,22724.4,2.83957e-5,0.0110967,0.0764164,76.3475,-1.82389e-22,37.7708
6,306,7484.4,3.25602e-7,0.00227828,0.00134448,1.34318,-9.37367e-27,22724.4,3.59679e-7,0.00042228,0.00298865,2.98597,-5.68101e-28,51.0095,7484.17,3.32753e-7,0.00244237,0.00142547,1.42409,-6.11947e-26,22724.4,3.83089e-7,0.00045272,0.00318408,3.18123,-3.70877e-27,51.0095,7484.25,3.31026e-7,0.00244484,0.00142574,1.42436,-4.49953e-26,22724.4,3.80921e-7,0.000453153,0.00318453,3.18168,-2.72699e-27,51.0095
9,306,7484.4,3.98723e-10,1.79451e-5,1.06126e-5,0.0106023,-5.89503e-34,22724.4,2.47607e-9,3.34762e-6,2.37416e-5,0.0237203,-3.57275e-35,70.8674,7484.17,4.36379e-10,1.98524e-5,1.16102e-5,0.011599,1.10465e-32,22724.4,2.7412e-9,3.70366e-6,2.60998e-5,0.0260765,6.69483e-34,70.8674,7484.25,4.35296e-10,1.99426e-5,1.16532e-5,0.0116419,7.28967e-33,22724.4,2.73476e-9,3.7201e-6,2.6194e-5,0.0261705,4.41798e-34,70.8674
14,306,7484.4,1.1365e-13,5.5978e-9,3.31066e-9,3.30746e-6,-2.34268e-42,22724.4,7.79019e-13,1.05555e-9,7.48642e-9,7.47971e-6,-1.41981e-43,68.1112,7484.17,1.3189e-13,6.52233e-9,3.81461e-9,3.81093e-6,-1.32667e-42,22724.4,9.08512e-13,1.22998e-9,8.66811e-9,8.66035e-6,-8.04041e-44,68.1112,7484.25,1.32366e-13,6.59043e-9,3.8512e-9,3.84749e-6,-8.76128e-43,22724.4,9.1164e-13,1.24261e-9,8.74986e-9,8.74202e-6,-5.30987e-44,68.1112
20,306,7484.4,-4.65605e-19,-2.29041e-14,-1.3546e-14,-1.35329e-11,2.09673e-49,22724.4,-2.44761e-18,-3.31771e-15,-2.35305e-14,-2.35094e-11,1.27075e-50,64.8038,7484.17,5.5601e-17,2.74986e-12,1.60827e-12,1.60671e-9,-1.12069e-48,22724.4,3.84199e-16,5.2015e-13,3.66567e-12,3.66239e-9,-6.79208e-50,64.8038,7484.25,-4.28566e-17,-2.13385e-12,-1.24694e-12,-1.24574e-9,1.53686e-47,22724.4,-2.94139e-16,-4.00933e-13,-2.82318e-12,-2.82065e-9,9.31428e-49,64.8038
