rep,id,eta_beta_N_pow,eta_fact_beta_T,eta_fact_delta_T,eta_delta_N,eta_c,eta_cI,eta_k,eta_g,eta_mu,eta_P_N,eta_fact_P_T,eta_alpha_VLSG,eta_thresh_Weight,eta_beta_immuno,Group
1,101,2.12690090174765,0,0,0.130153245725618,0,0,0,0,0,0,0,0,0,0,Naive
2,101,2.09487509225428,0,0,0.246353563262294,0,0,0,0,0,0,0,0,0,0,Naive
3,101,2.04855685577366,0,0,0.14371983782193,0,0,0,0,0,0,0,0,0,0,Naive
4,101,2.03947784941459,0,0,0.368478287400578,0,0,0,0,0,0,0,0,0,0,Naive
5,101,2.26727887014056,0,0,0.174870073602172,0,0,0,0,0,0,0,0,0,0,Naive
6,101,2.49483645314854,0,0,0.218222335722288,0,0,0,0,0,0,0,0,0,0,Naive
7,101,2.15392613282946,0,0,0.334951188893985,0,0,0,0,0,0,0,0,0,0,Naive
8,101,2.26314833221342,0,0,0.165539849037952,0,0,0,0,0,0,0,0,0,0,Naive
9,101,2.09815424401557,0,0,0.165004781636266,0,0,0,0,0,0,0,0,0,0,Naive
10,101,2.35479178811895,0,0,-0.0695239256121027,0,0,0,0,0,0,0,0,0,0,Naive
1,102,2.12254541869615,0,0,-0.349987496773497,0,0,0,0,0,0,0,0,0,0,Naive
2,102,1.55702584653905,0,0,-0.35478072698402,0,0,0,0,0,0,0,0,0,0,Naive
3,102,1.78198119906907,0,0,-0.18539631795805,0,0,0,0,0,0,0,0,0,0,Naive
4,102,2.10681115467056,0,0,-0.181391165940346,0,0,0,0,0,0,0,0,0,0,Naive
5,102,1.33154829981731,0,0,-0.743247188027191,0,0,0,0,0,0,0,0,0,0,Naive
6,102,1.86990406767997,0,0,-0.265325855177988,0,0,0,0,0,0,0,0,0,0,Naive
7,102,2.18052146462659,0,0,-0.53651251472084,0,0,0,0,0,0,0,0,0,0,Naive
8,102,1.72058241216735,0,0,-0.38871940724696,0,0,0,0,0,0,0,0,0,0,Naive
9,102,1.64081738477382,0,0,-0.388417517688963,0,0,0,0,0,0,0,0,0,0,Naive
10,102,1.55453720288908,0,0,-0.161285039845798,0,0,0,0,0,0,0,0,0,0,Naive
1,103,0.920258397821814,0,0,0.0811790240823827,0,0,0,0,0,0,0,0,0,0,Naive
2,103,1.029564336105,0,0,0.277749601099317,0,0,0,0,0,0,0,0,0,0,Naive
3,103,1.54023976930324,0,0,0.438620906458305,0,0,0,0,0,0,0,0,0,0,Naive
4,103,1.24815886187235,0,0,0.460295096342395,0,0,0,0,0,0,0,0,0,0,Naive
5,103,1.35189836544349,0,0,0.145615866167008,0,0,0,0,0,0,0,0,0,0,Naive
6,103,0.992512527889389,0,0,0.0287930543288508,0,0,0,0,0,0,0,0,0,0,Naive
7,103,1.23016255581701,0,0,0.28919492553708,0,0,0,0,0,0,0,0,0,0,Naive
8,103,1.39642423571966,0,0,0.335151318346138,0,0,0,0,0,0,0,0,0,0,Naive
9,103,1.49872817070591,0,0,0.248296747334435,0,0,0,0,0,0,0,0,0,0,Naive
10,103,0.952693109637439,0,0,-0.129018512085436,0,0,0,0,0,0,0,0,0,0,Naive
1,104,0.643643255132424,0,0,-0.626848009859155,0,0,0,0,0,0,0,0,0,0,Naive
2,104,1.07869592353002,0,0,-0.43589598901109,0,0,0,0,0,0,0,0,0,0,Naive
3,104,0.740627495661386,0,0,-0.378211637215972,0,0,0,0,0,0,0,0,0,0,Naive
4,104,1.08529903100629,0,0,-0.229630953467858,0,0,0,0,0,0,0,0,0,0,Naive
5,104,1.14226210768971,0,0,-0.356044238448972,0,0,0,0,0,0,0,0,0,0,Naive
6,104,0.699829962612941,0,0,-0.366481776648851,0,0,0,0,0,0,0,0,0,0,Naive
7,104,0.37355889904696,0,0,-0.515384870883229,0,0,0,0,0,0,0,0,0,0,Naive
8,104,1.05891858941802,0,0,-0.394741227506972,0,0,0,0,0,0,0,0,0,0,Naive
9,104,0.969325924287406,0,0,-0.278938577076049,0,0,0,0,0,0,0,0,0,0,Naive
10,104,1.30914247248441,0,0,-0.220581842446668,0,0,0,0,0,0,0,0,0,0,Naive
1,105,1.02338944450823,0,0,0.101331567447926,0,0,0,0,0,0,0,0,0,0,Naive
2,105,1.16992064930433,0,0,0.084785030338438,0,0,0,0,0,0,0,0,0,0,Naive
3,105,0.531906502482023,0,0,-0.206280039874472,0,0,0,0,0,0,0,0,0,0,Naive
4,105,0.298516847350164,0,0,-0.291516587989235,0,0,0,0,0,0,0,0,0,0,Naive
5,105,1.07391889172529,0,0,0.075014716536718,0,0,0,0,0,0,0,0,0,0,Naive
6,105,0.531775211559661,0,0,0.1136996694855,0,0,0,0,0,0,0,0,0,0,Naive
7,105,0.547545230600104,0,0,-0.162689119773624,0,0,0,0,0,0,0,0,0,0,Naive
8,105,-0.0708123271693865,0,0,-0.350281476426513,0,0,0,0,0,0,0,0,0,0,Naive
9,105,0.566181776380731,0,0,-0.0837602866305639,0,0,0,0,0,0,0,0,0,0,Naive
10,105,0.944855410731699,0,0,-0.14998730501447,0,0,0,0,0,0,0,0,0,0,Naive
1,106,0.979930250993862,0,0,-0.403337273563539,0,0,0,0,0,0,0,0,0,0,Naive
2,106,1.21300468707606,0,0,-0.14241085274182,0,0,0,0,0,0,0,0,0,0,Naive
3,106,1.24483098888562,0,0,-0.24694320878077,0,0,0,0,0,0,0,0,0,0,Naive
4,106,1.49934790920389,0,0,-0.171063684383149,0,0,0,0,0,0,0,0,0,0,Naive
5,106,1.54520927327483,0,0,0.0246165565762714,0,0,0,0,0,0,0,0,0,0,Naive
6,106,1.44361985611877,0,0,-0.0783859560440197,0,0,0,0,0,0,0,0,0,0,Naive
7,106,1.31571073394629,0,0,-0.252439731082783,0,0,0,0,0,0,0,0,0,0,Naive
8,106,1.32196774505313,0,0,-0.131319529935579,0,0,0,0,0,0,0,0,0,0,Naive
9,106,1.29606273345715,0,0,-0.325691982444092,0,0,0,0,0,0,0,0,0,0,Naive
10,106,1.22185981817869,0,0,-0.31777482969622,0,0,0,0,0,0,0,0,0,0,Naive
1,201,0.349292865884901,0,0,-0.275012211498927,0,0,0,0,0,0,0,0,0,0,Convalescent
2,201,0.551857834446825,0,0,-0.0893889933984785,0,0,0,0,0,0,0,0,0,0,Convalescent
3,201,0.54211008455154,0,0,0.27597790647268,0,0,0,0,0,0,0,0,0,0,Convalescent
4,201,0.285849864050202,0,0,-0.153134039230457,0,0,0,0,0,0,0,0,0,0,Convalescent
5,201,1.09266400022798,0,0,0.412149132133073,0,0,0,0,0,0,0,0,0,0,Convalescent
6,201,0.175471255727733,0,0,-0.0334002995119529,0,0,0,0,0,0,0,0,0,0,Convalescent
7,201,0.443894869410631,0,0,-0.189352664514851,0,0,0,0,0,0,0,0,0,0,Convalescent
8,201,0.436879302941379,0,0,-0.20982650525581,0,0,0,0,0,0,0,0,0,0,Convalescent
9,201,0.339548379276149,0,0,-0.285551693597219,0,0,0,0,0,0,0,0,0,0,Convalescent
10,201,0.133670543757041,0,0,-0.14188452126267,0,0,0,0,0,0,0,0,0,0,Convalescent
1,202,-0.946303636610658,0,0,-0.187509378243027,0,0,0,0,0,0,0,0,0,0,Convalescent
2,202,-0.0463757958445262,0,0,0.153376288422829,0,0,0,0,0,0,0,0,0,0,Convalescent
3,202,-0.263716724652664,0,0,0.378631884158661,0,0,0,0,0,0,0,0,0,0,Convalescent
4,202,-0.735158460929935,0,0,-0.101896937371173,0,0,0,0,0,0,0,0,0,0,Convalescent
5,202,-0.517698329184443,0,0,0.35941976055748,0,0,0,0,0,0,0,0,0,0,Convalescent
6,202,-0.245716706611144,0,0,0.45765739124468,0,0,0,0,0,0,0,0,0,0,Convalescent
7,202,-0.565806811095184,0,0,-0.096716583637717,0,0,0,0,0,0,0,0,0,0,Convalescent
8,202,-0.35093497784351,0,0,-0.0985733401674663,0,0,0,0,0,0,0,0,0,0,Convalescent
9,202,-0.260065609529208,0,0,0.204193543671066,0,0,0,0,0,0,0,0,0,0,Convalescent
10,202,-1.1241347604178,0,0,-0.0250487984427003,0,0,0,0,0,0,0,0,0,0,Convalescent
1,203,-0.274219200315619,0,0,-0.140899265061979,0,0,0,0,0,0,0,0,0,0,Convalescent
2,203,-0.243888477167586,0,0,0.166647185718888,0,0,0,0,0,0,0,0,0,0,Convalescent
3,203,-0.0163658537780896,0,0,0.00832114245164038,0,0,0,0,0,0,0,0,0,0,Convalescent
4,203,-0.659936267555749,0,0,-0.449490300332455,0,0,0,0,0,0,0,0,0,0,Convalescent
5,203,-0.00646004228193481,0,0,0.0888639286721712,0,0,0,0,0,0,0,0,0,0,Convalescent
6,203,-0.347799258366769,0,0,0.0926550015483,0,0,0,0,0,0,0,0,0,0,Convalescent
7,203,-0.671726072084387,0,0,-0.180714498322114,0,0,0,0,0,0,0,0,0,0,Convalescent
8,203,0.51969827553731,0,0,0.734563194909044,0,0,0,0,0,0,0,0,0,0,Convalescent
9,203,-0.0682412391862282,0,0,0.123458004741418,0,0,0,0,0,0,0,0,0,0,Convalescent
10,203,0.10581509652886,0,0,-0.0125249020394344,0,0,0,0,0,0,0,0,0,0,Convalescent
1,204,-0.516308100331869,0,0,-0.0536960419433733,0,0,0,0,0,0,0,0,0,0,Convalescent
2,204,-0.833237014195806,0,0,-0.414916273383116,0,0,0,0,0,0,0,0,0,0,Convalescent
3,204,0.326869015655491,0,0,0.28832684547348,0,0,0,0,0,0,0,0,0,0,Convalescent
4,204,-1.10097477880202,0,0,-0.276985185810188,0,0,0,0,0,0,0,0,0,0,Convalescent
5,204,-0.567597019387894,0,0,-0.190167931608652,0,0,0,0,0,0,0,0,0,0,Convalescent
6,204,-0.205238948332127,0,0,0.120371659208458,0,0,0,0,0,0,0,0,0,0,Convalescent
7,204,-0.535987950933131,0,0,-0.266806606390043,0,0,0,0,0,0,0,0,0,0,Convalescent
8,204,-0.501176212578088,0,0,-0.0958704285968404,0,0,0,0,0,0,0,0,0,0,Convalescent
9,204,0.160834270307216,0,0,0.0994626674327218,0,0,0,0,0,0,0,0,0,0,Convalescent
10,204,0.094865461937451,0,0,0.285337170654123,0,0,0,0,0,0,0,0,0,0,Convalescent
1,205,-0.222458532826323,0,0,-0.197372865785153,0,0,0,0,0,0,0,0,0,0,Convalescent
2,205,-0.103874520384219,0,0,0.108632092200475,0,0,0,0,0,0,0,0,0,0,Convalescent
3,205,-0.519397840152611,0,0,-0.364792528975793,0,0,0,0,0,0,0,0,0,0,Convalescent
4,205,0.176403282384416,0,0,0.0473763017838156,0,0,0,0,0,0,0,0,0,0,Convalescent
5,205,0.132098670974271,0,0,0.101629614749782,0,0,0,0,0,0,0,0,0,0,Convalescent
6,205,0.0994540527461267,0,0,-0.014377906410721,0,0,0,0,0,0,0,0,0,0,Convalescent
7,205,-0.420070211576719,0,0,0.124666307428394,0,0,0,0,0,0,0,0,0,0,Convalescent
8,205,-0.51034062567325,0,0,-0.0421161539878794,0,0,0,0,0,0,0,0,0,0,Convalescent
9,205,-0.658558132421371,0,0,-0.0764628616843132,0,0,0,0,0,0,0,0,0,0,Convalescent
10,205,-0.499723301451394,0,0,0.000725050234109459,0,0,0,0,0,0,0,0,0,0,Convalescent
1,206,-0.926577600878032,0,0,-0.083716785926935,0,0,0,0,0,0,0,0,0,0,Convalescent
2,206,0.111188041888937,0,0,0.551680625202856,0,0,0,0,0,0,0,0,0,0,Convalescent
3,206,-0.444784700832467,0,0,0.357490678873874,0,0,0,0,0,0,0,0,0,0,Convalescent
4,206,-1.36835975154317,0,0,0.0257571108769497,0,0,0,0,0,0,0,0,0,0,Convalescent
5,206,-0.377582308051036,0,0,0.392889868862704,0,0,0,0,0,0,0,0,0,0,Convalescent
6,206,-1.02631004444255,0,0,-0.23609850239729,0,0,0,0,0,0,0,0,0,0,Convalescent
7,206,-0.481500908577734,0,0,0.308787212406672,0,0,0,0,0,0,0,0,0,0,Convalescent
8,206,-0.537827064670345,0,0,0.636392210117441,0,0,0,0,0,0,0,0,0,0,Convalescent
9,206,-0.463175362572318,0,0,0.225403571889582,0,0,0,0,0,0,0,0,0,0,Convalescent
10,206,-0.508620289191819,0,0,-0.267761350155965,0,0,0,0,0,0,0,0,0,0,Convalescent
1,301,-0.973205560300535,0,0,-0.241219048324381,0,0,0,0,0,0,0,0,0,0,Conv-CD40
2,301,-0.620476103979266,0,0,0.24908240734425,0,0,0,0,0,0,0,0,0,0,Conv-CD40
3,301,-0.788801601008144,0,0,0.04814583284229,0,0,0,0,0,0,0,0,0,0,Conv-CD40
4,301,-1.04763694366677,0,0,-0.114752562769161,0,0,0,0,0,0,0,0,0,0,Conv-CD40
5,301,-0.740964975294476,0,0,0.485066869858716,0,0,0,0,0,0,0,0,0,0,Conv-CD40
6,301,-1.08157695841328,0,0,-0.0386969805654099,0,0,0,0,0,0,0,0,0,0,Conv-CD40
7,301,-1.24693242151037,0,0,-0.363747666719012,0,0,0,0,0,0,0,0,0,0,Conv-CD40
8,301,-0.650688224829086,0,0,0.334891307484926,0,0,0,0,0,0,0,0,0,0,Conv-CD40
9,301,-0.360507025892925,0,0,0.498197784770741,0,0,0,0,0,0,0,0,0,0,Conv-CD40
10,301,-1.23339514112296,0,0,-0.389527807355566,0,0,0,0,0,0,0,0,0,0,Conv-CD40
1,302,-1.30921859358563,0,0,0.0868292769882807,0,0,0,0,0,0,0,0,0,0,Conv-CD40
2,302,-1.25705760478042,0,0,-0.0641399451186048,0,0,0,0,0,0,0,0,0,0,Conv-CD40
3,302,-1.95804260173491,0,0,-0.2548504886705,0,0,0,0,0,0,0,0,0,0,Conv-CD40
4,302,-1.32520657727899,0,0,0.131088993360263,0,0,0,0,0,0,0,0,0,0,Conv-CD40
5,302,-1.55706143534277,0,0,0.0108116372776727,0,0,0,0,0,0,0,0,0,0,Conv-CD40
6,302,-1.59740368336742,0,0,-0.124494851469472,0,0,0,0,0,0,0,0,0,0,Conv-CD40
7,302,-1.3949285788197,0,0,0.428784387772871,0,0,0,0,0,0,0,0,0,0,Conv-CD40
8,302,-1.83548943473958,0,0,0.0634800259521922,0,0,0,0,0,0,0,0,0,0,Conv-CD40
9,302,-1.89138271848416,0,0,0.0831270208757437,0,0,0,0,0,0,0,0,0,0,Conv-CD40
10,302,-1.23116398722777,0,0,0.0555494898102963,0,0,0,0,0,0,0,0,0,0,Conv-CD40
1,303,-0.936187680610334,0,0,0.192700368123576,0,0,0,0,0,0,0,0,0,0,Conv-CD40
2,303,-0.413819259036102,0,0,-0.13289303847863,0,0,0,0,0,0,0,0,0,0,Conv-CD40
3,303,-1.04205765666133,0,0,-0.232154920085476,0,0,0,0,0,0,0,0,0,0,Conv-CD40
4,303,-0.846654332826988,0,0,0.236884576979833,0,0,0,0,0,0,0,0,0,0,Conv-CD40
5,303,-1.23282613205066,0,0,0.628227178876708,0,0,0,0,0,0,0,0,0,0,Conv-CD40
6,303,-0.907880566452963,0,0,0.220667500789337,0,0,0,0,0,0,0,0,0,0,Conv-CD40
7,303,-0.940810532094498,0,0,0.455840997305208,0,0,0,0,0,0,0,0,0,0,Conv-CD40
8,303,-1.91150006044777,0,0,-0.317646905368294,0,0,0,0,0,0,0,0,0,0,Conv-CD40
9,303,-0.410801820286566,0,0,0.0976739369829674,0,0,0,0,0,0,0,0,0,0,Conv-CD40
10,303,-1.45928708361845,0,0,0.113879595945226,0,0,0,0,0,0,0,0,0,0,Conv-CD40
1,304,-1.36333968054024,0,0,-0.251332434072985,0,0,0,0,0,0,0,0,0,0,Conv-CD40
2,304,-1.06694659465087,0,0,-0.257603837228125,0,0,0,0,0,0,0,0,0,0,Conv-CD40
3,304,-0.567956970058391,0,0,0.141923258348575,0,0,0,0,0,0,0,0,0,0,Conv-CD40
4,304,-0.890559784715358,0,0,-0.193321973924076,0,0,0,0,0,0,0,0,0,0,Conv-CD40
5,304,-0.594886043136079,0,0,0.0480328696902819,0,0,0,0,0,0,0,0,0,0,Conv-CD40
6,304,-0.993501027811136,0,0,-0.231422663443063,0,0,0,0,0,0,0,0,0,0,Conv-CD40
7,304,-1.26589422134408,0,0,-0.218529587305216,0,0,0,0,0,0,0,0,0,0,Conv-CD40
8,304,-0.742940725047374,0,0,-0.262669222262928,0,0,0,0,0,0,0,0,0,0,Conv-CD40
9,304,0.242181046064727,0,0,0.607908754282825,0,0,0,0,0,0,0,0,0,0,Conv-CD40
10,304,-0.778807814747235,0,0,-0.108736314981494,0,0,0,0,0,0,0,0,0,0,Conv-CD40
1,305,-0.359149878606751,0,0,0.334355525534419,0,0,0,0,0,0,0,0,0,0,Conv-CD40
2,305,-1.40167462885857,0,0,0.0360245298100761,0,0,0,0,0,0,0,0,0,0,Conv-CD40
3,305,-1.02587025727458,0,0,0.0339300495899833,0,0,0,0,0,0,0,0,0,0,Conv-CD40
4,305,-1.39652083333072,0,0,0.13143292768654,0,0,0,0,0,0,0,0,0,0,Conv-CD40
5,305,-0.642001451847372,0,0,0.325093592840434,0,0,0,0,0,0,0,0,0,0,Conv-CD40
6,305,-1.17914632360653,0,0,0.306226237166957,0,0,0,0,0,0,0,0,0,0,Conv-CD40
7,305,-0.53250101188459,0,0,0.143769494847559,0,0,0,0,0,0,0,0,0,0,Conv-CD40
8,305,-0.765347581568864,0,0,0.196025812372872,0,0,0,0,0,0,0,0,0,0,Conv-CD40
9,305,-1.48565453955956,0,0,-0.0284313941527803,0,0,0,0,0,0,0,0,0,0,Conv-CD40
10,305,-1.02941316918725,0,0,-0.0899324396419078,0,0,0,0,0,0,0,0,0,0,Conv-CD40
1,306,-0.929787233608913,0,0,-0.0512013602419648,0,0,0,0,0,0,0,0,0,0,Conv-CD40
2,306,-1.09922287506907,0,0,0.290234362911285,0,0,0,0,0,0,0,0,0,0,Conv-CD40
3,306,-1.78028330218884,0,0,-0.13195493426589,0,0,0,0,0,0,0,0,0,0,Conv-CD40
4,306,-1.70344965261358,0,0,-0.336401922308367,0,0,0,0,0,0,0,0,0,0,Conv-CD40
5,306,-0.98524833695543,0,0,-0.0946787426011154,0,0,0,0,0,0,0,0,0,0,Conv-CD40
6,306,-0.624022385271102,0,0,0.103452118971018,0,0,0,0,0,0,0,0,0,0,Conv-CD40
7,306,-0.118290867901779,0,0,-0.278187793530689,0,0,0,0,0,0,0,0,0,0,Conv-CD40
8,306,-0.962500322049442,0,0,0.177237894610812,0,0,0,0,0,0,0,0,0,0,Conv-CD40
9,306,-0.705674104024632,0,0,0.190489881217678,0,0,0,0,0,0,0,0,0,0,Conv-CD40
10,306,-1.25257564308255,0,0,0.0501549689708982,0,0,0,0,0,0,0,0,0,0,Conv-CD40
