rep,id,beta_N_pow,fact_beta_T,fact_delta_T,delta_N,c,cI,k,g,mu,P_N,fact_P_T,alpha_VLSG,thresh_Weight,Group,groupVsnaive
1,101,-4.70555355650631,0,0,1.70676343166861,3,20,3,0,0.001,6410.49526084019,-2.3256018409536,1.33,4.5,Naive,G_Naive
2,101,-4.58082986583576,0,0,2.06730065271326,3,20,3,0,0.001,6410.49526084019,-2.3256018409536,1.33,4.5,Naive,G_Naive
3,101,-4.63218673672864,0,0,1.82416879200269,3,20,3,0,0.001,6410.49526084019,-2.3256018409536,1.33,4.5,Naive,G_Naive
4,101,-4.94134354691483,0,0,1.64408471656631,3,20,3,0,0.001,6410.49526084019,-2.3256018409536,1.33,4.5,Naive,G_Naive
5,101,-4.61601477574722,0,0,1.74010605474308,3,20,3,0,0.001,6410.49526084019,-2.3256018409536,1.33,4.5,Naive,G_Naive
6,101,-4.28010576035807,0,0,2.051183041793,3,20,3,0,0.001,6410.49526084019,-2.3256018409536,1.33,4.5,Naive,G_Naive
7,101,-4.571354226488,0,0,2.02331110445368,3,20,3,0,0.001,6410.49526084019,-2.3256018409536,1.33,4.5,Naive,G_Naive
8,101,-4.73504329632345,0,0,1.93329012925611,3,20,3,0,0.001,6410.49526084019,-2.3256018409536,1.33,4.5,Naive,G_Naive
9,101,-4.68369716491227,0,0,1.65659886073243,3,20,3,0,0.001,6410.49526084019,-2.3256018409536,1.33,4.5,Naive,G_Naive
10,101,-4.82660846336365,0,0,1.57945972201917,3,20,3,0,0.001,6410.49526084019,-2.3256018409536,1.33,4.5,Naive,G_Naive
1,102,-4.63551535479275,0,0,1.15818102364075,3,20,3,0,0.001,6410.49526084019,-2.3256018409536,1.33,4.5,Naive,G_Naive
2,102,-5.21328500434723,0,0,1.08111392232448,3,20,3,0,0.001,6410.49526084019,-2.3256018409536,1.33,4.5,Naive,G_Naive
3,102,-4.60262058878563,0,0,1.25487708188433,3,20,3,0,0.001,6410.49526084019,-2.3256018409536,1.33,4.5,Naive,G_Naive
4,102,-4.72814146340477,0,0,1.27647806124509,3,20,3,0,0.001,6410.49526084019,-2.3256018409536,1.33,4.5,Naive,G_Naive
5,102,-4.95096218933605,0,0,1.02614473743067,3,20,3,0,0.001,6410.49526084019,-2.3256018409536,1.33,4.5,Naive,G_Naive
6,102,-4.91010220067231,0,0,1.33929703216792,3,20,3,0,0.001,6410.49526084019,-2.3256018409536,1.33,4.5,Naive,G_Naive
7,102,-4.62365730955814,0,0,1.05106635678083,3,20,3,0,0.001,6410.49526084019,-2.3256018409536,1.33,4.5,Naive,G_Naive
8,102,-5.00131850101145,0,0,1.02237140355798,3,20,3,0,0.001,6410.49526084019,-2.3256018409536,1.33,4.5,Naive,G_Naive
9,102,-4.9639373310666,0,0,1.17240500101841,3,20,3,0,0.001,6410.49526084019,-2.3256018409536,1.33,4.5,Naive,G_Naive
10,102,-5.09933727677935,0,0,1.40123572974447,3,20,3,0,0.001,6410.49526084019,-2.3256018409536,1.33,4.5,Naive,G_Naive
1,103,-5.53828543478133,0,0,1.80857239878001,3,20,3,0,0.001,6410.49526084019,-2.3256018409536,1.33,4.5,Naive,G_Naive
2,103,-5.41837012297323,0,0,2.10095800195023,3,20,3,0,0.001,6410.49526084019,-2.3256018409536,1.33,4.5,Naive,G_Naive
3,103,-5.42563758628363,0,0,1.67455328782858,3,20,3,0,0.001,6410.49526084019,-2.3256018409536,1.33,4.5,Naive,G_Naive
4,103,-5.81768838509005,0,0,1.54322865781318,3,20,3,0,0.001,6410.49526084019,-2.3256018409536,1.33,4.5,Naive,G_Naive
5,103,-5.41764270682678,0,0,1.65031299025683,3,20,3,0,0.001,6410.49526084019,-2.3256018409536,1.33,4.5,Naive,G_Naive
6,103,-5.54374186320159,0,0,1.5065623408959,3,20,3,0,0.001,6410.49526084019,-2.3256018409536,1.33,4.5,Naive,G_Naive
7,103,-5.39509680030733,0,0,1.99193597725271,3,20,3,0,0.001,6410.49526084019,-2.3256018409536,1.33,4.5,Naive,G_Naive
8,103,-5.26791241937465,0,0,2.05818771240047,3,20,3,0,0.001,6410.49526084019,-2.3256018409536,1.33,4.5,Naive,G_Naive
9,103,-5.11787583798472,0,0,1.75497062978328,3,20,3,0,0.001,6410.49526084019,-2.3256018409536,1.33,4.5,Naive,G_Naive
10,103,-5.25925509581506,0,0,1.65768360333275,3,20,3,0,0.001,6410.49526084019,-2.3256018409536,1.33,4.5,Naive,G_Naive
1,104,-5.25340745822425,0,0,1.41710101691858,3,20,3,0,0.001,6410.49526084019,-2.3256018409536,1.33,4.5,Naive,G_Naive
2,104,-5.53351645538678,0,0,1.26789556817797,3,20,3,0,0.001,6410.49526084019,-2.3256018409536,1.33,4.5,Naive,G_Naive
3,104,-5.52064486027656,0,0,1.34256430753931,3,20,3,0,0.001,6410.49526084019,-2.3256018409536,1.33,4.5,Naive,G_Naive
4,104,-5.27520964773459,0,0,1.20213496802477,3,20,3,0,0.001,6410.49526084019,-2.3256018409536,1.33,4.5,Naive,G_Naive
5,104,-5.3440053121846,0,0,1.46523061174097,3,20,3,0,0.001,6410.49526084019,-2.3256018409536,1.33,4.5,Naive,G_Naive
6,104,-5.57197602685931,0,0,1.3637264238754,3,20,3,0,0.001,6410.49526084019,-2.3256018409536,1.33,4.5,Naive,G_Naive
7,104,-5.65110606810344,0,0,1.23322723772827,3,20,3,0,0.001,6410.49526084019,-2.3256018409536,1.33,4.5,Naive,G_Naive
8,104,-5.82893273478798,0,0,1.38053576882852,3,20,3,0,0.001,6410.49526084019,-2.3256018409536,1.33,4.5,Naive,G_Naive
9,104,-5.34755584152832,0,0,1.45507158009827,3,20,3,0,0.001,6410.49526084019,-2.3256018409536,1.33,4.5,Naive,G_Naive
10,104,-5.10029494688556,0,0,1.39173573639068,3,20,3,0,0.001,6410.49526084019,-2.3256018409536,1.33,4.5,Naive,G_Naive
1,105,-5.31410227908248,0,0,1.96473051821648,3,20,3,0,0.001,6410.49526084019,-2.3256018409536,1.33,4.5,Naive,G_Naive
2,105,-5.46816420795835,0,0,1.5167494531504,3,20,3,0,0.001,6410.49526084019,-2.3256018409536,1.33,4.5,Naive,G_Naive
3,105,-5.68101381986459,0,0,1.81681381808473,3,20,3,0,0.001,6410.49526084019,-2.3256018409536,1.33,4.5,Naive,G_Naive
4,105,-5.68931947134062,0,0,1.60186854499626,3,20,3,0,0.001,6410.49526084019,-2.3256018409536,1.33,4.5,Naive,G_Naive
5,105,-5.64802272498199,0,0,1.71076881929407,3,20,3,0,0.001,6410.49526084019,-2.3256018409536,1.33,4.5,Naive,G_Naive
6,105,-5.51774707405868,0,0,1.87905556458164,3,20,3,0,0.001,6410.49526084019,-2.3256018409536,1.33,4.5,Naive,G_Naive
7,105,-5.78957238332776,0,0,1.79433955024968,3,20,3,0,0.001,6410.49526084019,-2.3256018409536,1.33,4.5,Naive,G_Naive
8,105,-5.80678375557928,0,0,1.62532385779797,3,20,3,0,0.001,6410.49526084019,-2.3256018409536,1.33,4.5,Naive,G_Naive
9,105,-5.52024918546218,0,0,1.81031580634199,3,20,3,0,0.001,6410.49526084019,-2.3256018409536,1.33,4.5,Naive,G_Naive
10,105,-5.66453845561687,0,0,1.61776313835933,3,20,3,0,0.001,6410.49526084019,-2.3256018409536,1.33,4.5,Naive,G_Naive
1,106,-5.57701590946022,0,0,1.2168548600652,3,20,3,0,0.001,6410.49526084019,-2.3256018409536,1.33,4.5,Naive,G_Naive
2,106,-5.44880911802476,0,0,1.17260955068151,3,20,3,0,0.001,6410.49526084019,-2.3256018409536,1.33,4.5,Naive,G_Naive
3,106,-5.28957209393087,0,0,1.37248651446755,3,20,3,0,0.001,6410.49526084019,-2.3256018409536,1.33,4.5,Naive,G_Naive
4,106,-5.46140634101749,0,0,1.1325993622159,3,20,3,0,0.001,6410.49526084019,-2.3256018409536,1.33,4.5,Naive,G_Naive
5,106,-5.17109367409103,0,0,1.57952789522196,3,20,3,0,0.001,6410.49526084019,-2.3256018409536,1.33,4.5,Naive,G_Naive
6,106,-5.13498499107639,0,0,1.46770890975813,3,20,3,0,0.001,6410.49526084019,-2.3256018409536,1.33,4.5,Naive,G_Naive
7,106,-5.06171770668434,0,0,1.49825487077707,3,20,3,0,0.001,6410.49526084019,-2.3256018409536,1.33,4.5,Naive,G_Naive
8,106,-5.19847414734275,0,0,1.54065099699303,3,20,3,0,0.001,6410.49526084019,-2.3256018409536,1.33,4.5,Naive,G_Naive
9,106,-5.07006073184563,0,0,1.53059266678805,3,20,3,0,0.001,6410.49526084019,-2.3256018409536,1.33,4.5,Naive,G_Naive
10,106,-5.38746978195379,0,0,1.20372225129896,3,20,3,0,0.001,6410.49526084019,-2.3256018409536,1.33,4.5,Naive,G_Naive
1,201,-6.80528694277282,0,0,1.1652104194627,3,20,3,0,0.001,6410.49526084019,-2.3256018409536,1.33,4.5,Convalescent,G_conv
2,201,-6.62304799688877,0,0,1.36742388202261,3,20,3,0,0.001,6410.49526084019,-2.3256018409536,1.33,4.5,Convalescent,G_conv
3,201,-6.8732046258622,0,0,1.75443002294845,3,20,3,0,0.001,6410.49526084019,-2.3256018409536,1.33,4.5,Convalescent,G_conv
4,201,-6.62883605773534,0,0,1.58349380441757,3,20,3,0,0.001,6410.49526084019,-2.3256018409536,1.33,4.5,Convalescent,G_conv
5,201,-6.73031403793646,0,0,1.77151043905801,3,20,3,0,0.001,6410.49526084019,-2.3256018409536,1.33,4.5,Convalescent,G_conv
6,201,-6.47451460959637,0,0,1.71977423260439,3,20,3,0,0.001,6410.49526084019,-2.3256018409536,1.33,4.5,Convalescent,G_conv
7,201,-6.48470742167043,0,0,1.5207829610532,3,20,3,0,0.001,6410.49526084019,-2.3256018409536,1.33,4.5,Convalescent,G_conv
8,201,-6.81200902702587,0,0,1.18420537396313,3,20,3,0,0.001,6410.49526084019,-2.3256018409536,1.33,4.5,Convalescent,G_conv
9,201,-6.46366047019047,0,0,1.34948267411677,3,20,3,0,0.001,6410.49526084019,-2.3256018409536,1.33,4.5,Convalescent,G_conv
10,201,-6.49162605715499,0,0,1.44838907529561,3,20,3,0,0.001,6410.49526084019,-2.3256018409536,1.33,4.5,Convalescent,G_conv
1,202,-7.21581404833453,0,0,1.60352100745299,3,20,3,0,0.001,6410.49526084019,-2.3256018409536,1.33,4.5,Convalescent,G_conv
2,202,-7.19171645046285,0,0,1.4981467641761,3,20,3,0,0.001,6410.49526084019,-2.3256018409536,1.33,4.5,Convalescent,G_conv
3,202,-6.7248427289274,0,0,2.28465883537717,3,20,3,0,0.001,6410.49526084019,-2.3256018409536,1.33,4.5,Convalescent,G_conv
4,202,-7.3169192903063,0,0,1.64131579023181,3,20,3,0,0.001,6410.49526084019,-2.3256018409536,1.33,4.5,Convalescent,G_conv
5,202,-7.37666475081129,0,0,1.94136238219507,3,20,3,0,0.001,6410.49526084019,-2.3256018409536,1.33,4.5,Convalescent,G_conv
6,202,-7.03550155169752,0,0,2.55833394582082,3,20,3,0,0.001,6410.49526084019,-2.3256018409536,1.33,4.5,Convalescent,G_conv
7,202,-7.25318808873463,0,0,1.64175326258401,3,20,3,0,0.001,6410.49526084019,-2.3256018409536,1.33,4.5,Convalescent,G_conv
8,202,-7.15650902716522,0,0,1.5566668424763,3,20,3,0,0.001,6410.49526084019,-2.3256018409536,1.33,4.5,Convalescent,G_conv
9,202,-7.22468460397132,0,0,1.92257426874372,3,20,3,0,0.001,6410.49526084019,-2.3256018409536,1.33,4.5,Convalescent,G_conv
10,202,-7.53457506128266,0,0,1.75059915339379,3,20,3,0,0.001,6410.49526084019,-2.3256018409536,1.33,4.5,Convalescent,G_conv
1,203,-7.10222648471337,0,0,1.56926610392809,3,20,3,0,0.001,6410.49526084019,-2.3256018409536,1.33,4.5,Convalescent,G_conv
2,203,-6.90847532890806,0,0,1.69634074039123,3,20,3,0,0.001,6410.49526084019,-2.3256018409536,1.33,4.5,Convalescent,G_conv
3,203,-6.83032786991301,0,0,1.77125473225036,3,20,3,0,0.001,6410.49526084019,-2.3256018409536,1.33,4.5,Convalescent,G_conv
4,203,-7.09099248776376,0,0,1.83874669509378,3,20,3,0,0.001,6410.49526084019,-2.3256018409536,1.33,4.5,Convalescent,G_conv
5,203,-6.82157276716525,0,0,1.81623586564252,3,20,3,0,0.001,6410.49526084019,-2.3256018409536,1.33,4.5,Convalescent,G_conv
6,203,-7.03847576795922,0,0,1.99525159496465,3,20,3,0,0.001,6410.49526084019,-2.3256018409536,1.33,4.5,Convalescent,G_conv
7,203,-7.05771659446386,0,0,1.69270629661706,3,20,3,0,0.001,6410.49526084019,-2.3256018409536,1.33,4.5,Convalescent,G_conv
8,203,-6.80304136176384,0,0,2.43936135106784,3,20,3,0,0.001,6410.49526084019,-2.3256018409536,1.33,4.5,Convalescent,G_conv
9,203,-6.66436008781434,0,0,1.80194304102241,3,20,3,0,0.001,6410.49526084019,-2.3256018409536,1.33,4.5,Convalescent,G_conv
10,203,-6.9027896464221,0,0,1.55914556250259,3,20,3,0,0.001,6410.49526084019,-2.3256018409536,1.33,4.5,Convalescent,G_conv
1,204,-7.35142114223622,0,0,1.55701014877602,3,20,3,0,0.001,6410.49526084019,-2.3256018409536,1.33,4.5,Convalescent,G_conv
2,204,-7.19057184260708,0,0,1.48008639592521,3,20,3,0,0.001,6410.49526084019,-2.3256018409536,1.33,4.5,Convalescent,G_conv
3,204,-7.24887096793484,0,0,1.81886234105063,3,20,3,0,0.001,6410.49526084019,-2.3256018409536,1.33,4.5,Convalescent,G_conv
4,204,-7.23750483687833,0,0,1.70880849443871,3,20,3,0,0.001,6410.49526084019,-2.3256018409536,1.33,4.5,Convalescent,G_conv
5,204,-7.69015824788526,0,0,1.15395860629197,3,20,3,0,0.001,6410.49526084019,-2.3256018409536,1.33,4.5,Convalescent,G_conv
6,204,-7.13751827618258,0,0,1.65835303352419,3,20,3,0,0.001,6410.49526084019,-2.3256018409536,1.33,4.5,Convalescent,G_conv
7,204,-6.70134893135689,0,0,1.40118600373254,3,20,3,0,0.001,6410.49526084019,-2.3256018409536,1.33,4.5,Convalescent,G_conv
8,204,-7.04540611023559,0,0,1.58313293268165,3,20,3,0,0.001,6410.49526084019,-2.3256018409536,1.33,4.5,Convalescent,G_conv
9,204,-6.68743975584275,0,0,2.18481251406839,3,20,3,0,0.001,6410.49526084019,-2.3256018409536,1.33,4.5,Convalescent,G_conv
10,204,-6.96939112705429,0,0,1.57100966223624,3,20,3,0,0.001,6410.49526084019,-2.3256018409536,1.33,4.5,Convalescent,G_conv
1,205,-7.24042845389692,0,0,1.48102164829889,3,20,3,0,0.001,6410.49526084019,-2.3256018409536,1.33,4.5,Convalescent,G_conv
2,205,-6.88556595147851,0,0,1.93691859111552,3,20,3,0,0.001,6410.49526084019,-2.3256018409536,1.33,4.5,Convalescent,G_conv
3,205,-6.99574912292356,0,0,1.52384844513489,3,20,3,0,0.001,6410.49526084019,-2.3256018409536,1.33,4.5,Convalescent,G_conv
4,205,-7.2536707220634,0,0,1.87062171018039,3,20,3,0,0.001,6410.49526084019,-2.3256018409536,1.33,4.5,Convalescent,G_conv
5,205,-6.92428799606592,0,0,1.73437398982858,3,20,3,0,0.001,6410.49526084019,-2.3256018409536,1.33,4.5,Convalescent,G_conv
6,205,-6.97473175010316,0,0,1.86790288168432,3,20,3,0,0.001,6410.49526084019,-2.3256018409536,1.33,4.5,Convalescent,G_conv
7,205,-7.32024834134504,0,0,1.38449567299779,3,20,3,0,0.001,6410.49526084019,-2.3256018409536,1.33,4.5,Convalescent,G_conv
8,205,-6.94869096585511,0,0,1.74302357793261,3,20,3,0,0.001,6410.49526084019,-2.3256018409536,1.33,4.5,Convalescent,G_conv
9,205,-7.08027925407168,0,0,1.66952788730077,3,20,3,0,0.001,6410.49526084019,-2.3256018409536,1.33,4.5,Convalescent,G_conv
10,205,-7.67294725472501,0,0,1.60118549703735,3,20,3,0,0.001,6410.49526084019,-2.3256018409536,1.33,4.5,Convalescent,G_conv
1,206,-7.4193057858109,0,0,1.59434577906088,3,20,3,0,0.001,6410.49526084019,-2.3256018409536,1.33,4.5,Convalescent,G_conv
2,206,-6.9495284570907,0,0,1.78711578339245,3,20,3,0,0.001,6410.49526084019,-2.3256018409536,1.33,4.5,Convalescent,G_conv
3,206,-7.34208033486115,0,0,2.20669214037889,3,20,3,0,0.001,6410.49526084019,-2.3256018409536,1.33,4.5,Convalescent,G_conv
4,206,-7.58578140852105,0,0,1.67358523495811,3,20,3,0,0.001,6410.49526084019,-2.3256018409536,1.33,4.5,Convalescent,G_conv
5,206,-6.77225268629279,0,0,2.24768729825286,3,20,3,0,0.001,6410.49526084019,-2.3256018409536,1.33,4.5,Convalescent,G_conv
6,206,-7.12810659961869,0,0,2.36064765434464,3,20,3,0,0.001,6410.49526084019,-2.3256018409536,1.33,4.5,Convalescent,G_conv
7,206,-7.05052083811864,0,0,2.19036463077444,3,20,3,0,0.001,6410.49526084019,-2.3256018409536,1.33,4.5,Convalescent,G_conv
8,206,-6.89416293124574,0,0,1.95396692108457,3,20,3,0,0.001,6410.49526084019,-2.3256018409536,1.33,4.5,Convalescent,G_conv
9,206,-7.2250401205713,0,0,2.41885277717401,3,20,3,0,0.001,6410.49526084019,-2.3256018409536,1.33,4.5,Convalescent,G_conv
10,206,-7.27985917463266,0,0,1.62173494119146,3,20,3,0,0.001,6410.49526084019,-2.3256018409536,1.33,4.5,Convalescent,G_conv
1,301,-7.75201078746479,0,0,2.27350876735792,3,20,3,0,0.001,6410.49526084019,-2.3256018409536,1.33,4.5,Conv-CD40,G_convCD40
2,301,-7.47127030481759,0,0,2.33260951961765,3,20,3,0,0.001,6410.49526084019,-2.3256018409536,1.33,4.5,Conv-CD40,G_convCD40
3,301,-7.71346517120587,0,0,1.76645490169849,3,20,3,0,0.001,6410.49526084019,-2.3256018409536,1.33,4.5,Conv-CD40,G_convCD40
4,301,-7.54936299829391,0,0,2.0028234541206,3,20,3,0,0.001,6410.49526084019,-2.3256018409536,1.33,4.5,Conv-CD40,G_convCD40
5,301,-7.54040272114704,0,0,2.55880317386777,3,20,3,0,0.001,6410.49526084019,-2.3256018409536,1.33,4.5,Conv-CD40,G_convCD40
6,301,-7.80241957710844,0,0,1.47706866980899,3,20,3,0,0.001,6410.49526084019,-2.3256018409536,1.33,4.5,Conv-CD40,G_convCD40
7,301,-7.8999041148723,0,0,1.36754436347744,3,20,3,0,0.001,6410.49526084019,-2.3256018409536,1.33,4.5,Conv-CD40,G_convCD40
8,301,-7.48945756535058,0,0,2.13114397604383,3,20,3,0,0.001,6410.49526084019,-2.3256018409536,1.33,4.5,Conv-CD40,G_convCD40
9,301,-7.67709880430523,0,0,2.31056360348372,3,20,3,0,0.001,6410.49526084019,-2.3256018409536,1.33,4.5,Conv-CD40,G_convCD40
10,301,-8.10833343685135,0,0,1.85530980060123,3,20,3,0,0.001,6410.49526084019,-2.3256018409536,1.33,4.5,Conv-CD40,G_convCD40
1,302,-8.49609363804539,0,0,2.27078503375777,3,20,3,0,0.001,6410.49526084019,-2.3256018409536,1.33,4.5,Conv-CD40,G_convCD40
2,302,-8.20700360638956,0,0,2.12637638054588,3,20,3,0,0.001,6410.49526084019,-2.3256018409536,1.33,4.5,Conv-CD40,G_convCD40
3,302,-8.20191529877013,0,0,1.6125727105487,3,20,3,0,0.001,6410.49526084019,-2.3256018409536,1.33,4.5,Conv-CD40,G_convCD40
4,302,-7.81434421492666,0,0,2.10433454381373,3,20,3,0,0.001,6410.49526084019,-2.3256018409536,1.33,4.5,Conv-CD40,G_convCD40
5,302,-7.46483202772243,0,0,2.32728908080026,3,20,3,0,0.001,6410.49526084019,-2.3256018409536,1.33,4.5,Conv-CD40,G_convCD40
6,302,-8.02243534140231,0,0,1.95483226246952,3,20,3,0,0.001,6410.49526084019,-2.3256018409536,1.33,4.5,Conv-CD40,G_convCD40
7,302,-7.94481499757062,0,0,2.94094056349748,3,20,3,0,0.001,6410.49526084019,-2.3256018409536,1.33,4.5,Conv-CD40,G_convCD40
8,302,-8.05885820341343,0,0,2.18078354623689,3,20,3,0,0.001,6410.49526084019,-2.3256018409536,1.33,4.5,Conv-CD40,G_convCD40
9,302,-8.08499271859378,0,0,2.07198379644735,3,20,3,0,0.001,6410.49526084019,-2.3256018409536,1.33,4.5,Conv-CD40,G_convCD40
10,302,-7.79513409684908,0,0,3.22338418147313,3,20,3,0,0.001,6410.49526084019,-2.3256018409536,1.33,4.5,Conv-CD40,G_convCD40
1,303,-7.96096342752963,0,0,2.33213474225328,3,20,3,0,0.001,6410.49526084019,-2.3256018409536,1.33,4.5,Conv-CD40,G_convCD40
2,303,-7.57606094942442,0,0,1.92010770708501,3,20,3,0,0.001,6410.49526084019,-2.3256018409536,1.33,4.5,Conv-CD40,G_convCD40
3,303,-7.80884926336452,0,0,2.35422635463703,3,20,3,0,0.001,6410.49526084019,-2.3256018409536,1.33,4.5,Conv-CD40,G_convCD40
4,303,-7.47977199894351,0,0,1.99735877307394,3,20,3,0,0.001,6410.49526084019,-2.3256018409536,1.33,4.5,Conv-CD40,G_convCD40
5,303,-7.6543365504634,0,0,3.13728158797382,3,20,3,0,0.001,6410.49526084019,-2.3256018409536,1.33,4.5,Conv-CD40,G_convCD40
6,303,-7.72105386688388,0,0,2.54747972787642,3,20,3,0,0.001,6410.49526084019,-2.3256018409536,1.33,4.5,Conv-CD40,G_convCD40
7,303,-7.87599962999696,0,0,2.33169962682851,3,20,3,0,0.001,6410.49526084019,-2.3256018409536,1.33,4.5,Conv-CD40,G_convCD40
8,303,-8.24898242887055,0,0,2.06573815007673,3,20,3,0,0.001,6410.49526084019,-2.3256018409536,1.33,4.5,Conv-CD40,G_convCD40
9,303,-7.52007547689766,0,0,2.4075338283362,3,20,3,0,0.001,6410.49526084019,-2.3256018409536,1.33,4.5,Conv-CD40,G_convCD40
10,303,-8.30666498056857,0,0,2.18989783643583,3,20,3,0,0.001,6410.49526084019,-2.3256018409536,1.33,4.5,Conv-CD40,G_convCD40
1,304,-7.80618781540056,0,0,1.67614560157968,3,20,3,0,0.001,6410.49526084019,-2.3256018409536,1.33,4.5,Conv-CD40,G_convCD40
2,304,-7.88618037527066,0,0,1.56434547905819,3,20,3,0,0.001,6410.49526084019,-2.3256018409536,1.33,4.5,Conv-CD40,G_convCD40
3,304,-7.47715303369837,0,0,1.81984147626498,3,20,3,0,0.001,6410.49526084019,-2.3256018409536,1.33,4.5,Conv-CD40,G_convCD40
4,304,-7.47221197617186,0,0,1.40386269885115,3,20,3,0,0.001,6410.49526084019,-2.3256018409536,1.33,4.5,Conv-CD40,G_convCD40
5,304,-7.75452556549717,0,0,1.710167386534,3,20,3,0,0.001,6410.49526084019,-2.3256018409536,1.33,4.5,Conv-CD40,G_convCD40
6,304,-7.77849255837588,0,0,1.64141995176772,3,20,3,0,0.001,6410.49526084019,-2.3256018409536,1.33,4.5,Conv-CD40,G_convCD40
7,304,-7.97604124741444,0,0,1.3787848266727,3,20,3,0,0.001,6410.49526084019,-2.3256018409536,1.33,4.5,Conv-CD40,G_convCD40
8,304,-7.65930312100439,0,0,1.61205930615452,3,20,3,0,0.001,6410.49526084019,-2.3256018409536,1.33,4.5,Conv-CD40,G_convCD40
9,304,-7.66038384564199,0,0,2.16235946515111,3,20,3,0,0.001,6410.49526084019,-2.3256018409536,1.33,4.5,Conv-CD40,G_convCD40
10,304,-7.41896174225759,0,0,1.91383963392027,3,20,3,0,0.001,6410.49526084019,-2.3256018409536,1.33,4.5,Conv-CD40,G_convCD40
1,305,-7.69251233244814,0,0,1.96786039479442,3,20,3,0,0.001,6410.49526084019,-2.3256018409536,1.33,4.5,Conv-CD40,G_convCD40
2,305,-8.10352793287778,0,0,2.0744143962119,3,20,3,0,0.001,6410.49526084019,-2.3256018409536,1.33,4.5,Conv-CD40,G_convCD40
3,305,-8.14125900893291,0,0,1.80264203432281,3,20,3,0,0.001,6410.49526084019,-2.3256018409536,1.33,4.5,Conv-CD40,G_convCD40
4,305,-7.78265353640895,0,0,2.40567291888694,3,20,3,0,0.001,6410.49526084019,-2.3256018409536,1.33,4.5,Conv-CD40,G_convCD40
5,305,-7.474506496842,0,0,2.38458799885764,3,20,3,0,0.001,6410.49526084019,-2.3256018409536,1.33,4.5,Conv-CD40,G_convCD40
6,305,-7.94465148563579,0,0,2.47122942665822,3,20,3,0,0.001,6410.49526084019,-2.3256018409536,1.33,4.5,Conv-CD40,G_convCD40
7,305,-7.29306761352398,0,0,2.09893835671326,3,20,3,0,0.001,6410.49526084019,-2.3256018409536,1.33,4.5,Conv-CD40,G_convCD40
8,305,-7.42159539403837,0,0,2.35320528487926,3,20,3,0,0.001,6410.49526084019,-2.3256018409536,1.33,4.5,Conv-CD40,G_convCD40
9,305,-8.08179259667933,0,0,1.89347593258743,3,20,3,0,0.001,6410.49526084019,-2.3256018409536,1.33,4.5,Conv-CD40,G_convCD40
10,305,-7.62808443561359,0,0,2.1998638248669,3,20,3,0,0.001,6410.49526084019,-2.3256018409536,1.33,4.5,Conv-CD40,G_convCD40
1,306,-7.62427698490942,0,0,2.17179703213347,3,20,3,0,0.001,6410.49526084019,-2.3256018409536,1.33,4.5,Conv-CD40,G_convCD40
2,306,-7.91978443553661,0,0,2.45532438136051,3,20,3,0,0.001,6410.49526084019,-2.3256018409536,1.33,4.5,Conv-CD40,G_convCD40
3,306,-7.39815781575874,0,0,2.14215283313822,3,20,3,0,0.001,6410.49526084019,-2.3256018409536,1.33,4.5,Conv-CD40,G_convCD40
4,306,-8.3591205105782,0,0,1.6646110021564,3,20,3,0,0.001,6410.49526084019,-2.3256018409536,1.33,4.5,Conv-CD40,G_convCD40
5,306,-7.67074041761732,0,0,1.68655029468208,3,20,3,0,0.001,6410.49526084019,-2.3256018409536,1.33,4.5,Conv-CD40,G_convCD40
6,306,-7.58232142087983,0,0,1.88249650674001,3,20,3,0,0.001,6410.49526084019,-2.3256018409536,1.33,4.5,Conv-CD40,G_convCD40
7,306,-7.0254392231571,0,0,1.43730221433375,3,20,3,0,0.001,6410.49526084019,-2.3256018409536,1.33,4.5,Conv-CD40,G_convCD40
8,306,-7.90072736143084,0,0,1.92779192867479,3,20,3,0,0.001,6410.49526084019,-2.3256018409536,1.33,4.5,Conv-CD40,G_convCD40
9,306,-7.52615917096122,0,0,2.17398082952665,3,20,3,0,0.001,6410.49526084019,-2.3256018409536,1.33,4.5,Conv-CD40,G_convCD40
10,306,-8.04648374271119,0,0,1.94751765244798,3,20,3,0,0.001,6410.49526084019,-2.3256018409536,1.33,4.5,Conv-CD40,G_convCD40
