rep,id,betas_N,fact_beta_T,delta_N,fact_delta_T,P_N,fact_P_T,mu,k,c,cI,alpha_VLSG,S0,gamma,rho,Smax,tauS,theta_BAb,alpha_NAb,tauAb,eta,thresh_Weight,Group
1,NHP1,10.0353,0,0.723946,0,15993.2,-0.231585,0.001,3,3,20,1.61821,2904.29,1e-05,1.45874,853.153,2.3,5.3506,0.000548382,12,46.7192,4.5,CD40.PanCoV - Conv
2,NHP1,10.0353,0,1.63736,0,15993.2,-0.231585,0.001,3,3,20,1.61821,1428.67,1e-05,1.45874,853.153,2.3,4.87653,0.000548382,12,97.5529,4.5,CD40.PanCoV - Conv
3,NHP1,10.0353,0,0.753166,0,15993.2,-0.231585,0.001,3,3,20,1.61821,1688.05,1e-05,1.45874,853.153,2.3,8.34671,0.000548382,12,123.051,4.5,CD40.PanCoV - Conv
4,NHP1,10.0353,0,0.989288,0,15993.2,-0.231585,0.001,3,3,20,1.61821,1099.77,1e-05,1.45874,853.153,2.3,4.59012,0.000548382,12,332.147,4.5,CD40.PanCoV - Conv
5,NHP1,10.0353,0,1.24003,0,15993.2,-0.231585,0.001,3,3,20,1.61821,2423.73,1e-05,1.45874,853.153,2.3,5.13705,0.000548382,12,88.043,4.5,CD40.PanCoV - Conv
6,NHP1,10.0353,0,0.646761,0,15993.2,-0.231585,0.001,3,3,20,1.61821,1166.61,1e-05,1.45874,853.153,2.3,5.71453,0.000548382,12,312.397,4.5,CD40.PanCoV - Conv
7,NHP1,10.0353,0,0.891843,0,15993.2,-0.231585,0.001,3,3,20,1.61821,1410.38,1e-05,1.45874,853.153,2.3,7.23272,0.000548382,12,206.458,4.5,CD40.PanCoV - Conv
8,NHP1,10.0353,0,1.42681,0,15993.2,-0.231585,0.001,3,3,20,1.61821,1033.42,1e-05,1.45874,853.153,2.3,6.48689,0.000548382,12,43.2621,4.5,CD40.PanCoV - Conv
9,NHP1,10.0353,0,1.0206,0,15993.2,-0.231585,0.001,3,3,20,1.61821,1695.33,1e-05,1.45874,853.153,2.3,4.75847,0.000548382,12,288.17,4.5,CD40.PanCoV - Conv
10,NHP1,10.0353,0,1.13075,0,15993.2,-0.231585,0.001,3,3,20,1.61821,793.268,1e-05,1.45874,853.153,2.3,7.18124,0.000548382,12,665.35,4.5,CD40.PanCoV - Conv
1,NHP10,10.0353,0,2.25413,0,15993.2,-0.231585,0.001,3,3,20,1.61821,10.5182,1e-05,1.45874,853.153,2.3,16.23,0.000548382,12,0.153547,4.5,CD40.RBDv - Naive
2,NHP10,10.0353,0,2.02846,0,15993.2,-0.231585,0.001,3,3,20,1.61821,7.78931,1e-05,1.45874,853.153,2.3,18.2526,0.000548382,12,0.406865,4.5,CD40.RBDv - Naive
3,NHP10,10.0353,0,1.10256,0,15993.2,-0.231585,0.001,3,3,20,1.61821,14.8595,1e-05,1.45874,853.153,2.3,11.1428,0.000548382,12,0.42974,4.5,CD40.RBDv - Naive
4,NHP10,10.0353,0,1.78871,0,15993.2,-0.231585,0.001,3,3,20,1.61821,5.77699,1e-05,1.45874,853.153,2.3,21.8576,0.000548382,12,0.751491,4.5,CD40.RBDv - Naive
5,NHP10,10.0353,0,1.51385,0,15993.2,-0.231585,0.001,3,3,20,1.61821,11.143,1e-05,1.45874,853.153,2.3,18.0407,0.000548382,12,0.262582,4.5,CD40.RBDv - Naive
6,NHP10,10.0353,0,1.46889,0,15993.2,-0.231585,0.001,3,3,20,1.61821,11.8161,1e-05,1.45874,853.153,2.3,13.3623,0.000548382,12,0.252472,4.5,CD40.RBDv - Naive
7,NHP10,10.0353,0,1.68204,0,15993.2,-0.231585,0.001,3,3,20,1.61821,13.5326,1e-05,1.45874,853.153,2.3,12.466,0.000548382,12,0.333677,4.5,CD40.RBDv - Naive
8,NHP10,10.0353,0,1.99699,0,15993.2,-0.231585,0.001,3,3,20,1.61821,13.921,1e-05,1.45874,853.153,2.3,17.3098,0.000548382,12,0.202771,4.5,CD40.RBDv - Naive
9,NHP10,10.0353,0,2.13633,0,15993.2,-0.231585,0.001,3,3,20,1.61821,12.8538,1e-05,1.45874,853.153,2.3,11.7793,0.000548382,12,0.508095,4.5,CD40.RBDv - Naive
10,NHP10,10.0353,0,1.61677,0,15993.2,-0.231585,0.001,3,3,20,1.61821,11.3754,1e-05,1.45874,853.153,2.3,14.942,0.000548382,12,0.487152,4.5,CD40.RBDv - Naive
1,NHP11,10.0353,0,1.43052,0,15993.2,-0.231585,0.001,3,3,20,1.61821,980.044,1e-05,1.45874,853.153,2.3,3.35375,0.000548382,12,176.185,4.5,CD40.RBDv - Conv
2,NHP11,10.0353,0,1.61873,0,15993.2,-0.231585,0.001,3,3,20,1.61821,1020.58,1e-05,1.45874,853.153,2.3,3.37232,0.000548382,12,113.069,4.5,CD40.RBDv - Conv
3,NHP11,10.0353,0,2.18698,0,15993.2,-0.231585,0.001,3,3,20,1.61821,773.545,1e-05,1.45874,853.153,2.3,5.9711,0.000548382,12,49.2424,4.5,CD40.RBDv - Conv
4,NHP11,10.0353,0,1.41735,0,15993.2,-0.231585,0.001,3,3,20,1.61821,1036.73,1e-05,1.45874,853.153,2.3,4.11453,0.000548382,12,111.152,4.5,CD40.RBDv - Conv
5,NHP11,10.0353,0,2.16114,0,15993.2,-0.231585,0.001,3,3,20,1.61821,785.166,1e-05,1.45874,853.153,2.3,2.9965,0.000548382,12,142.848,4.5,CD40.RBDv - Conv
6,NHP11,10.0353,0,1.44014,0,15993.2,-0.231585,0.001,3,3,20,1.61821,524.07,1e-05,1.45874,853.153,2.3,5.27222,0.000548382,12,289.466,4.5,CD40.RBDv - Conv
7,NHP11,10.0353,0,2.79736,0,15993.2,-0.231585,0.001,3,3,20,1.61821,549.697,1e-05,1.45874,853.153,2.3,4.68587,0.000548382,12,355.777,4.5,CD40.RBDv - Conv
8,NHP11,10.0353,0,2.0691,0,15993.2,-0.231585,0.001,3,3,20,1.61821,1415.52,1e-05,1.45874,853.153,2.3,3.10061,0.000548382,12,183.085,4.5,CD40.RBDv - Conv
9,NHP11,10.0353,0,2.21035,0,15993.2,-0.231585,0.001,3,3,20,1.61821,763.784,1e-05,1.45874,853.153,2.3,5.06109,0.000548382,12,81.8804,4.5,CD40.RBDv - Conv
10,NHP11,10.0353,0,1.7975,0,15993.2,-0.231585,0.001,3,3,20,1.61821,776.593,1e-05,1.45874,853.153,2.3,4.21081,0.000548382,12,59.3129,4.5,CD40.RBDv - Conv
1,NHP12,10.0353,0,1.93605,0,15993.2,-0.231585,0.001,3,3,20,1.61821,2768.51,1e-05,1.45874,853.153,2.3,1.86759,0.000548382,12,1464.18,4.5,mRNA - Conv
2,NHP12,10.0353,0,1.72885,0,15993.2,-0.231585,0.001,3,3,20,1.61821,3094.54,1e-05,1.45874,853.153,2.3,2.24384,0.000548382,12,244.844,4.5,mRNA - Conv
3,NHP12,10.0353,0,1.47818,0,15993.2,-0.231585,0.001,3,3,20,1.61821,1551.27,1e-05,1.45874,853.153,2.3,2.84463,0.000548382,12,278.637,4.5,mRNA - Conv
4,NHP12,10.0353,0,1.24118,0,15993.2,-0.231585,0.001,3,3,20,1.61821,2849.07,1e-05,1.45874,853.153,2.3,1.61063,0.000548382,12,8849.25,4.5,mRNA - Conv
5,NHP12,10.0353,0,1.50837,0,15993.2,-0.231585,0.001,3,3,20,1.61821,2192.19,1e-05,1.45874,853.153,2.3,1.43139,0.000548382,12,380.986,4.5,mRNA - Conv
6,NHP12,10.0353,0,1.31634,0,15993.2,-0.231585,0.001,3,3,20,1.61821,1933.89,1e-05,1.45874,853.153,2.3,3.10151,0.000548382,12,1501.33,4.5,mRNA - Conv
7,NHP12,10.0353,0,2.27064,0,15993.2,-0.231585,0.001,3,3,20,1.61821,2720.15,1e-05,1.45874,853.153,2.3,3.32946,0.000548382,12,520.59,4.5,mRNA - Conv
8,NHP12,10.0353,0,1.81854,0,15993.2,-0.231585,0.001,3,3,20,1.61821,1823.82,1e-05,1.45874,853.153,2.3,3.15521,0.000548382,12,1531.87,4.5,mRNA - Conv
9,NHP12,10.0353,0,2.02536,0,15993.2,-0.231585,0.001,3,3,20,1.61821,1584.7,1e-05,1.45874,853.153,2.3,2.74736,0.000548382,12,458.732,4.5,mRNA - Conv
10,NHP12,10.0353,0,2.54453,0,15993.2,-0.231585,0.001,3,3,20,1.61821,1467.5,1e-05,1.45874,853.153,2.3,3.54536,0.000548382,12,6961.53,4.5,mRNA - Conv
1,NHP13,10.0353,0,1.39294,0,15993.2,-0.231585,0.001,3,3,20,1.61821,0.94591,1e-05,1.45874,853.153,2.3,6.34221,0.000548382,12,0.785959,4.5,Naive
2,NHP13,10.0353,0,1.05647,0,15993.2,-0.231585,0.001,3,3,20,1.61821,0.397687,1e-05,1.45874,853.153,2.3,9.85372,0.000548382,12,0.494035,4.5,Naive
3,NHP13,10.0353,0,0.975114,0,15993.2,-0.231585,0.001,3,3,20,1.61821,0.475862,1e-05,1.45874,853.153,2.3,7.03332,0.000548382,12,0.719638,4.5,Naive
4,NHP13,10.0353,0,0.966855,0,15993.2,-0.231585,0.001,3,3,20,1.61821,0.672594,1e-05,1.45874,853.153,2.3,8.441,0.000548382,12,0.869237,4.5,Naive
5,NHP13,10.0353,0,1.30111,0,15993.2,-0.231585,0.001,3,3,20,1.61821,1.11719,1e-05,1.45874,853.153,2.3,5.67712,0.000548382,12,1.82923,4.5,Naive
6,NHP13,10.0353,0,1.10613,0,15993.2,-0.231585,0.001,3,3,20,1.61821,1.0942,1e-05,1.45874,853.153,2.3,6.97428,0.000548382,12,0.295933,4.5,Naive
7,NHP13,10.0353,0,1.03655,0,15993.2,-0.231585,0.001,3,3,20,1.61821,1.42891,1e-05,1.45874,853.153,2.3,4.87092,0.000548382,12,0.0904673,4.5,Naive
8,NHP13,10.0353,0,1.04026,0,15993.2,-0.231585,0.001,3,3,20,1.61821,0.637441,1e-05,1.45874,853.153,2.3,10.3531,0.000548382,12,0.315491,4.5,Naive
9,NHP13,10.0353,0,1.35416,0,15993.2,-0.231585,0.001,3,3,20,1.61821,0.604593,1e-05,1.45874,853.153,2.3,11.0602,0.000548382,12,4.63857,4.5,Naive
10,NHP13,10.0353,0,1.25762,0,15993.2,-0.231585,0.001,3,3,20,1.61821,0.843406,1e-05,1.45874,853.153,2.3,12.3094,0.000548382,12,1.35444,4.5,Naive
1,NHP14,10.0353,0,2.70496,0,15993.2,-0.231585,0.001,3,3,20,1.61821,1790.85,1e-05,1.45874,853.153,2.3,7.95343,0.000548382,12,133.867,4.5,CD40.PanCoV - Conv
2,NHP14,10.0353,0,1.22766,0,15993.2,-0.231585,0.001,3,3,20,1.61821,5616.02,1e-05,1.45874,853.153,2.3,5.73854,0.000548382,12,664.57,4.5,CD40.PanCoV - Conv
3,NHP14,10.0353,0,2.90503,0,15993.2,-0.231585,0.001,3,3,20,1.61821,2532.34,1e-05,1.45874,853.153,2.3,5.2275,0.000548382,12,838.799,4.5,CD40.PanCoV - Conv
4,NHP14,10.0353,0,2.69672,0,15993.2,-0.231585,0.001,3,3,20,1.61821,1776.46,1e-05,1.45874,853.153,2.3,10.1536,0.000548382,12,218.458,4.5,CD40.PanCoV - Conv
5,NHP14,10.0353,0,2.12015,0,15993.2,-0.231585,0.001,3,3,20,1.61821,1840.56,1e-05,1.45874,853.153,2.3,9.09467,0.000548382,12,45.0682,4.5,CD40.PanCoV - Conv
6,NHP14,10.0353,0,1.67581,0,15993.2,-0.231585,0.001,3,3,20,1.61821,2210.16,1e-05,1.45874,853.153,2.3,4.99081,0.000548382,12,1610.32,4.5,CD40.PanCoV - Conv
7,NHP14,10.0353,0,2.02957,0,15993.2,-0.231585,0.001,3,3,20,1.61821,2633.35,1e-05,1.45874,853.153,2.3,7.2042,0.000548382,12,294.18,4.5,CD40.PanCoV - Conv
8,NHP14,10.0353,0,1.24554,0,15993.2,-0.231585,0.001,3,3,20,1.61821,3444.79,1e-05,1.45874,853.153,2.3,4.37771,0.000548382,12,434.849,4.5,CD40.PanCoV - Conv
9,NHP14,10.0353,0,3.54484,0,15993.2,-0.231585,0.001,3,3,20,1.61821,1689.23,1e-05,1.45874,853.153,2.3,5.91826,0.000548382,12,1200.09,4.5,CD40.PanCoV - Conv
10,NHP14,10.0353,0,1.83904,0,15993.2,-0.231585,0.001,3,3,20,1.61821,2351.04,1e-05,1.45874,853.153,2.3,6.19354,0.000548382,12,136.297,4.5,CD40.PanCoV - Conv
1,NHP15,10.0353,0,5.8455,0,15993.2,-0.231585,0.001,3,3,20,1.61821,0.635033,1e-05,1.45874,853.153,2.3,28.099,0.000548382,12,9.13676,4.5,Conv
2,NHP15,10.0353,0,6.68067,0,15993.2,-0.231585,0.001,3,3,20,1.61821,1.75838,1e-05,1.45874,853.153,2.3,15.3813,0.000548382,12,4.54418,4.5,Conv
3,NHP15,10.0353,0,6.62767,0,15993.2,-0.231585,0.001,3,3,20,1.61821,2.07735,1e-05,1.45874,853.153,2.3,17.8017,0.000548382,12,2.40242,4.5,Conv
4,NHP15,10.0353,0,6.52715,0,15993.2,-0.231585,0.001,3,3,20,1.61821,1.54585,1e-05,1.45874,853.153,2.3,21.6859,0.000548382,12,4.59482,4.5,Conv
5,NHP15,10.0353,0,10.3862,0,15993.2,-0.231585,0.001,3,3,20,1.61821,1.60652,1e-05,1.45874,853.153,2.3,17.9808,0.000548382,12,0.964919,4.5,Conv
6,NHP15,10.0353,0,4.6966,0,15993.2,-0.231585,0.001,3,3,20,1.61821,1.00966,1e-05,1.45874,853.153,2.3,20.7357,0.000548382,12,11.0127,4.5,Conv
7,NHP15,10.0353,0,6.9329,0,15993.2,-0.231585,0.001,3,3,20,1.61821,0.981296,1e-05,1.45874,853.153,2.3,16.7661,0.000548382,12,8.6897,4.5,Conv
8,NHP15,10.0353,0,9.84783,0,15993.2,-0.231585,0.001,3,3,20,1.61821,1.44447,1e-05,1.45874,853.153,2.3,16.3193,0.000548382,12,0.500095,4.5,Conv
9,NHP15,10.0353,0,7.27423,0,15993.2,-0.231585,0.001,3,3,20,1.61821,0.478953,1e-05,1.45874,853.153,2.3,23.8929,0.000548382,12,11.9598,4.5,Conv
10,NHP15,10.0353,0,7.04457,0,15993.2,-0.231585,0.001,3,3,20,1.61821,0.969333,1e-05,1.45874,853.153,2.3,23.332,0.000548382,12,5.75834,4.5,Conv
1,NHP16,10.0353,0,0.995041,0,15993.2,-0.231585,0.001,3,3,20,1.61821,1345.1,1e-05,1.45874,853.153,2.3,2.19965,0.000548382,12,176.321,4.5,CD40.PanCoV - Conv
2,NHP16,10.0353,0,1.89483,0,15993.2,-0.231585,0.001,3,3,20,1.61821,743.48,1e-05,1.45874,853.153,2.3,2.889,0.000548382,12,99.1645,4.5,CD40.PanCoV - Conv
3,NHP16,10.0353,0,1.7629,0,15993.2,-0.231585,0.001,3,3,20,1.61821,1004.69,1e-05,1.45874,853.153,2.3,2.58143,0.000548382,12,42.4731,4.5,CD40.PanCoV - Conv
4,NHP16,10.0353,0,2.4643,0,15993.2,-0.231585,0.001,3,3,20,1.61821,826.048,1e-05,1.45874,853.153,2.3,1.72602,0.000548382,12,63.0836,4.5,CD40.PanCoV - Conv
5,NHP16,10.0353,0,1.74284,0,15993.2,-0.231585,0.001,3,3,20,1.61821,490.011,1e-05,1.45874,853.153,2.3,3.0276,0.000548382,12,105.018,4.5,CD40.PanCoV - Conv
6,NHP16,10.0353,0,2.21453,0,15993.2,-0.231585,0.001,3,3,20,1.61821,491.191,1e-05,1.45874,853.153,2.3,4.04641,0.000548382,12,90.8638,4.5,CD40.PanCoV - Conv
7,NHP16,10.0353,0,0.720731,0,15993.2,-0.231585,0.001,3,3,20,1.61821,965.756,1e-05,1.45874,853.153,2.3,2.75357,0.000548382,12,626.795,4.5,CD40.PanCoV - Conv
8,NHP16,10.0353,0,2.0411,0,15993.2,-0.231585,0.001,3,3,20,1.61821,2388.23,1e-05,1.45874,853.153,2.3,1.475,0.000548382,12,118.76,4.5,CD40.PanCoV - Conv
9,NHP16,10.0353,0,3.51272,0,15993.2,-0.231585,0.001,3,3,20,1.61821,1464.77,1e-05,1.45874,853.153,2.3,2.9735,0.000548382,12,4.50665,4.5,CD40.PanCoV - Conv
10,NHP16,10.0353,0,1.21057,0,15993.2,-0.231585,0.001,3,3,20,1.61821,849.913,1e-05,1.45874,853.153,2.3,2.6663,0.000548382,12,62.672,4.5,CD40.PanCoV - Conv
1,NHP17,10.0353,0,2.15636,0,15993.2,-0.231585,0.001,3,3,20,1.61821,0.410643,1e-05,1.45874,853.153,2.3,6.26149,0.000548382,12,11.7439,4.5,Naive
2,NHP17,10.0353,0,1.59845,0,15993.2,-0.231585,0.001,3,3,20,1.61821,0.719192,1e-05,1.45874,853.153,2.3,7.9417,0.000548382,12,3.08041,4.5,Naive
3,NHP17,10.0353,0,2.6007,0,15993.2,-0.231585,0.001,3,3,20,1.61821,0.459927,1e-05,1.45874,853.153,2.3,9.11379,0.000548382,12,4.67347,4.5,Naive
4,NHP17,10.0353,0,3.54004,0,15993.2,-0.231585,0.001,3,3,20,1.61821,0.688989,1e-05,1.45874,853.153,2.3,6.13759,0.000548382,12,1.69838,4.5,Naive
5,NHP17,10.0353,0,2.36559,0,15993.2,-0.231585,0.001,3,3,20,1.61821,0.339166,1e-05,1.45874,853.153,2.3,5.82006,0.000548382,12,11.8598,4.5,Naive
6,NHP17,10.0353,0,3.03594,0,15993.2,-0.231585,0.001,3,3,20,1.61821,0.253378,1e-05,1.45874,853.153,2.3,7.9162,0.000548382,12,4.65095,4.5,Naive
7,NHP17,10.0353,0,2.80382,0,15993.2,-0.231585,0.001,3,3,20,1.61821,0.495807,1e-05,1.45874,853.153,2.3,7.69774,0.000548382,12,1.65622,4.5,Naive
8,NHP17,10.0353,0,2.4545,0,15993.2,-0.231585,0.001,3,3,20,1.61821,0.66917,1e-05,1.45874,853.153,2.3,6.12949,0.000548382,12,6.72265,4.5,Naive
9,NHP17,10.0353,0,3.20578,0,15993.2,-0.231585,0.001,3,3,20,1.61821,0.520389,1e-05,1.45874,853.153,2.3,4.80487,0.000548382,12,0.0300262,4.5,Naive
10,NHP17,10.0353,0,1.5471,0,15993.2,-0.231585,0.001,3,3,20,1.61821,0.399387,1e-05,1.45874,853.153,2.3,8.53748,0.000548382,12,15.0245,4.5,Naive
1,NHP18,10.0353,0,2.56412,0,15993.2,-0.231585,0.001,3,3,20,1.61821,1.06077,1e-05,1.45874,853.153,2.3,58.3373,0.000548382,12,0.547984,4.5,Conv
2,NHP18,10.0353,0,2.69164,0,15993.2,-0.231585,0.001,3,3,20,1.61821,1.4875,1e-05,1.45874,853.153,2.3,44.2292,0.000548382,12,0.23331,4.5,Conv
3,NHP18,10.0353,0,2.95037,0,15993.2,-0.231585,0.001,3,3,20,1.61821,0.954521,1e-05,1.45874,853.153,2.3,70.7916,0.000548382,12,0.253111,4.5,Conv
4,NHP18,10.0353,0,2.94543,0,15993.2,-0.231585,0.001,3,3,20,1.61821,1.28573,1e-05,1.45874,853.153,2.3,58.3746,0.000548382,12,0.245769,4.5,Conv
5,NHP18,10.0353,0,2.45652,0,15993.2,-0.231585,0.001,3,3,20,1.61821,0.981566,1e-05,1.45874,853.153,2.3,65.1882,0.000548382,12,0.553086,4.5,Conv
6,NHP18,10.0353,0,3.17609,0,15993.2,-0.231585,0.001,3,3,20,1.61821,1.06385,1e-05,1.45874,853.153,2.3,47.2702,0.000548382,12,0.0938551,4.5,Conv
7,NHP18,10.0353,0,2.86399,0,15993.2,-0.231585,0.001,3,3,20,1.61821,1.18693,1e-05,1.45874,853.153,2.3,66.3785,0.000548382,12,0.32534,4.5,Conv
8,NHP18,10.0353,0,3.49678,0,15993.2,-0.231585,0.001,3,3,20,1.61821,1.00805,1e-05,1.45874,853.153,2.3,56.0101,0.000548382,12,0.23437,4.5,Conv
9,NHP18,10.0353,0,2.67513,0,15993.2,-0.231585,0.001,3,3,20,1.61821,0.667982,1e-05,1.45874,853.153,2.3,92.6548,0.000548382,12,0.398818,4.5,Conv
10,NHP18,10.0353,0,2.50771,0,15993.2,-0.231585,0.001,3,3,20,1.61821,2.66699,1e-05,1.45874,853.153,2.3,50.4287,0.000548382,12,0.049197,4.5,Conv
1,NHP19,10.0353,0,0.896594,0,15993.2,-0.231585,0.001,3,3,20,1.61821,1.88666,1e-05,1.45874,853.153,2.3,2.35379,0.000548382,12,0.496511,4.5,Naive
2,NHP19,10.0353,0,0.92244,0,15993.2,-0.231585,0.001,3,3,20,1.61821,1.51962,1e-05,1.45874,853.153,2.3,2.95243,0.000548382,12,1.31283,4.5,Naive
3,NHP19,10.0353,0,0.893789,0,15993.2,-0.231585,0.001,3,3,20,1.61821,1.12019,1e-05,1.45874,853.153,2.3,4.56192,0.000548382,12,0.145985,4.5,Naive
4,NHP19,10.0353,0,1.07179,0,15993.2,-0.231585,0.001,3,3,20,1.61821,2.6733,1e-05,1.45874,853.153,2.3,4.10419,0.000548382,12,2.62758,4.5,Naive
5,NHP19,10.0353,0,1.06394,0,15993.2,-0.231585,0.001,3,3,20,1.61821,2.04122,1e-05,1.45874,853.153,2.3,5.14629,0.000548382,12,0.0588217,4.5,Naive
6,NHP19,10.0353,0,1.15968,0,15993.2,-0.231585,0.001,3,3,20,1.61821,1.39225,1e-05,1.45874,853.153,2.3,6.81395,0.000548382,12,6.38923,4.5,Naive
7,NHP19,10.0353,0,0.723154,0,15993.2,-0.231585,0.001,3,3,20,1.61821,1.70535,1e-05,1.45874,853.153,2.3,3.53836,0.000548382,12,0.204227,4.5,Naive
8,NHP19,10.0353,0,1.1667,0,15993.2,-0.231585,0.001,3,3,20,1.61821,3.05757,1e-05,1.45874,853.153,2.3,3.5516,0.000548382,12,3.27706,4.5,Naive
9,NHP19,10.0353,0,0.889543,0,15993.2,-0.231585,0.001,3,3,20,1.61821,1.6489,1e-05,1.45874,853.153,2.3,2.97363,0.000548382,12,0.626453,4.5,Naive
10,NHP19,10.0353,0,0.862286,0,15993.2,-0.231585,0.001,3,3,20,1.61821,2.60483,1e-05,1.45874,853.153,2.3,4.41165,0.000548382,12,0.675826,4.5,Naive
1,NHP2,10.0353,0,1.13022,0,15993.2,-0.231585,0.001,3,3,20,1.61821,1.65659,1e-05,1.45874,853.153,2.3,4.03456,0.000548382,12,2.52456,4.5,Naive
2,NHP2,10.0353,0,0.860815,0,15993.2,-0.231585,0.001,3,3,20,1.61821,0.891709,1e-05,1.45874,853.153,2.3,4.04166,0.000548382,12,0.470877,4.5,Naive
3,NHP2,10.0353,0,1.33422,0,15993.2,-0.231585,0.001,3,3,20,1.61821,0.878958,1e-05,1.45874,853.153,2.3,3.7396,0.000548382,12,0.796173,4.5,Naive
4,NHP2,10.0353,0,1.16593,0,15993.2,-0.231585,0.001,3,3,20,1.61821,1.35385,1e-05,1.45874,853.153,2.3,3.49517,0.000548382,12,1.20229,4.5,Naive
5,NHP2,10.0353,0,0.869771,0,15993.2,-0.231585,0.001,3,3,20,1.61821,2.63432,1e-05,1.45874,853.153,2.3,3.75378,0.000548382,12,0.988724,4.5,Naive
6,NHP2,10.0353,0,1.1409,0,15993.2,-0.231585,0.001,3,3,20,1.61821,1.16328,1e-05,1.45874,853.153,2.3,3.15669,0.000548382,12,1.45179,4.5,Naive
7,NHP2,10.0353,0,1.19512,0,15993.2,-0.231585,0.001,3,3,20,1.61821,1.38716,1e-05,1.45874,853.153,2.3,3.74527,0.000548382,12,0.348814,4.5,Naive
8,NHP2,10.0353,0,1.38372,0,15993.2,-0.231585,0.001,3,3,20,1.61821,3.58696,1e-05,1.45874,853.153,2.3,2.80095,0.000548382,12,1.38849,4.5,Naive
9,NHP2,10.0353,0,1.03704,0,15993.2,-0.231585,0.001,3,3,20,1.61821,1.05733,1e-05,1.45874,853.153,2.3,3.16269,0.000548382,12,4.06258,4.5,Naive
10,NHP2,10.0353,0,1.21566,0,15993.2,-0.231585,0.001,3,3,20,1.61821,2.0165,1e-05,1.45874,853.153,2.3,2.76681,0.000548382,12,0.684112,4.5,Naive
1,NHP20,10.0353,0,1.57512,0,15993.2,-0.231585,0.001,3,3,20,1.61821,391.702,1e-05,1.45874,853.153,2.3,4.60496,0.000548382,12,8.26154,4.5,CD40.RBDv - Conv
2,NHP20,10.0353,0,1.40005,0,15993.2,-0.231585,0.001,3,3,20,1.61821,641.34,1e-05,1.45874,853.153,2.3,5.08336,0.000548382,12,7.68497,4.5,CD40.RBDv - Conv
3,NHP20,10.0353,0,1.27628,0,15993.2,-0.231585,0.001,3,3,20,1.61821,894.002,1e-05,1.45874,853.153,2.3,4.7422,0.000548382,12,2.32179,4.5,CD40.RBDv - Conv
4,NHP20,10.0353,0,2.27629,0,15993.2,-0.231585,0.001,3,3,20,1.61821,554.539,1e-05,1.45874,853.153,2.3,4.83936,0.000548382,12,1.59308,4.5,CD40.RBDv - Conv
5,NHP20,10.0353,0,1.40713,0,15993.2,-0.231585,0.001,3,3,20,1.61821,886.911,1e-05,1.45874,853.153,2.3,3.46414,0.000548382,12,1.36949,4.5,CD40.RBDv - Conv
6,NHP20,10.0353,0,1.41444,0,15993.2,-0.231585,0.001,3,3,20,1.61821,498.557,1e-05,1.45874,853.153,2.3,4.30699,0.000548382,12,3.73559,4.5,CD40.RBDv - Conv
7,NHP20,10.0353,0,1.18252,0,15993.2,-0.231585,0.001,3,3,20,1.61821,855.844,1e-05,1.45874,853.153,2.3,3.10575,0.000548382,12,5.10846,4.5,CD40.RBDv - Conv
8,NHP20,10.0353,0,1.30723,0,15993.2,-0.231585,0.001,3,3,20,1.61821,907.99,1e-05,1.45874,853.153,2.3,3.48135,0.000548382,12,2.39899,4.5,CD40.RBDv - Conv
9,NHP20,10.0353,0,1.59115,0,15993.2,-0.231585,0.001,3,3,20,1.61821,796.218,1e-05,1.45874,853.153,2.3,2.31659,0.000548382,12,1.71309,4.5,CD40.RBDv - Conv
10,NHP20,10.0353,0,1.35265,0,15993.2,-0.231585,0.001,3,3,20,1.61821,888.859,1e-05,1.45874,853.153,2.3,2.93571,0.000548382,12,3.93843,4.5,CD40.RBDv - Conv
1,NHP21,10.0353,0,2.44716,0,15993.2,-0.231585,0.001,3,3,20,1.61821,1654.2,1e-05,1.45874,853.153,2.3,4.38287,0.000548382,12,14.9949,4.5,CD40.RBDv - Conv
2,NHP21,10.0353,0,1.34903,0,15993.2,-0.231585,0.001,3,3,20,1.61821,698.405,1e-05,1.45874,853.153,2.3,9.30734,0.000548382,12,83.4784,4.5,CD40.RBDv - Conv
3,NHP21,10.0353,0,1.72601,0,15993.2,-0.231585,0.001,3,3,20,1.61821,803.521,1e-05,1.45874,853.153,2.3,5.91471,0.000548382,12,46.5487,4.5,CD40.RBDv - Conv
4,NHP21,10.0353,0,2.00695,0,15993.2,-0.231585,0.001,3,3,20,1.61821,675.904,1e-05,1.45874,853.153,2.3,5.69664,0.000548382,12,12.6854,4.5,CD40.RBDv - Conv
5,NHP21,10.0353,0,1.69767,0,15993.2,-0.231585,0.001,3,3,20,1.61821,736.47,1e-05,1.45874,853.153,2.3,6.4606,0.000548382,12,6.14969,4.5,CD40.RBDv - Conv
6,NHP21,10.0353,0,1.46518,0,15993.2,-0.231585,0.001,3,3,20,1.61821,1528.04,1e-05,1.45874,853.153,2.3,5.16273,0.000548382,12,34.8168,4.5,CD40.RBDv - Conv
7,NHP21,10.0353,0,2.06962,0,15993.2,-0.231585,0.001,3,3,20,1.61821,1203.65,1e-05,1.45874,853.153,2.3,6.87091,0.000548382,12,3.29388,4.5,CD40.RBDv - Conv
8,NHP21,10.0353,0,2.21576,0,15993.2,-0.231585,0.001,3,3,20,1.61821,727.381,1e-05,1.45874,853.153,2.3,7.33524,0.000548382,12,37.0154,4.5,CD40.RBDv - Conv
9,NHP21,10.0353,0,2.64643,0,15993.2,-0.231585,0.001,3,3,20,1.61821,1839.21,1e-05,1.45874,853.153,2.3,5.58793,0.000548382,12,10.9291,4.5,CD40.RBDv - Conv
10,NHP21,10.0353,0,1.66748,0,15993.2,-0.231585,0.001,3,3,20,1.61821,1254.13,1e-05,1.45874,853.153,2.3,4.79213,0.000548382,12,153.502,4.5,CD40.RBDv - Conv
1,NHP22,10.0353,0,1.5493,0,15993.2,-0.231585,0.001,3,3,20,1.61821,437.507,1e-05,1.45874,853.153,2.3,7.03026,0.000548382,12,530.36,4.5,CD40.RBDv - Conv
2,NHP22,10.0353,0,3.7433,0,15993.2,-0.231585,0.001,3,3,20,1.61821,1360.72,1e-05,1.45874,853.153,2.3,5.23237,0.000548382,12,25.0659,4.5,CD40.RBDv - Conv
3,NHP22,10.0353,0,2.58553,0,15993.2,-0.231585,0.001,3,3,20,1.61821,474.199,1e-05,1.45874,853.153,2.3,8.67625,0.000548382,12,147.605,4.5,CD40.RBDv - Conv
4,NHP22,10.0353,0,0.868096,0,15993.2,-0.231585,0.001,3,3,20,1.61821,1100.11,1e-05,1.45874,853.153,2.3,6.04565,0.000548382,12,781.199,4.5,CD40.RBDv - Conv
5,NHP22,10.0353,0,1.52055,0,15993.2,-0.231585,0.001,3,3,20,1.61821,884.413,1e-05,1.45874,853.153,2.3,6.23216,0.000548382,12,74.8963,4.5,CD40.RBDv - Conv
6,NHP22,10.0353,0,2.65858,0,15993.2,-0.231585,0.001,3,3,20,1.61821,1062.18,1e-05,1.45874,853.153,2.3,6.77581,0.000548382,12,27.1719,4.5,CD40.RBDv - Conv
7,NHP22,10.0353,0,4.51147,0,15993.2,-0.231585,0.001,3,3,20,1.61821,975.613,1e-05,1.45874,853.153,2.3,4.86818,0.000548382,12,53.4265,4.5,CD40.RBDv - Conv
8,NHP22,10.0353,0,1.43049,0,15993.2,-0.231585,0.001,3,3,20,1.61821,789.822,1e-05,1.45874,853.153,2.3,5.02808,0.000548382,12,160.038,4.5,CD40.RBDv - Conv
9,NHP22,10.0353,0,1.4734,0,15993.2,-0.231585,0.001,3,3,20,1.61821,1217.23,1e-05,1.45874,853.153,2.3,5.0577,0.000548382,12,162.432,4.5,CD40.RBDv - Conv
10,NHP22,10.0353,0,2.69133,0,15993.2,-0.231585,0.001,3,3,20,1.61821,1223.43,1e-05,1.45874,853.153,2.3,4.8216,0.000548382,12,32.8215,4.5,CD40.RBDv - Conv
1,NHP23,10.0353,0,1.39073,0,15993.2,-0.231585,0.001,3,3,20,1.61821,4766.76,1e-05,1.45874,853.153,2.3,8.40188,0.000548382,12,10.1957,4.5,mRNA - Conv
2,NHP23,10.0353,0,0.957157,0,15993.2,-0.231585,0.001,3,3,20,1.61821,4792.48,1e-05,1.45874,853.153,2.3,12.6407,0.000548382,12,15.9189,4.5,mRNA - Conv
3,NHP23,10.0353,0,2.07681,0,15993.2,-0.231585,0.001,3,3,20,1.61821,6015.47,1e-05,1.45874,853.153,2.3,5.34063,0.000548382,12,15.551,4.5,mRNA - Conv
4,NHP23,10.0353,0,0.996577,0,15993.2,-0.231585,0.001,3,3,20,1.61821,5031.74,1e-05,1.45874,853.153,2.3,8.54894,0.000548382,12,56.5319,4.5,mRNA - Conv
5,NHP23,10.0353,0,0.734814,0,15993.2,-0.231585,0.001,3,3,20,1.61821,4109.63,1e-05,1.45874,853.153,2.3,9.87631,0.000548382,12,179.18,4.5,mRNA - Conv
6,NHP23,10.0353,0,0.848697,0,15993.2,-0.231585,0.001,3,3,20,1.61821,5044.87,1e-05,1.45874,853.153,2.3,5.41004,0.000548382,12,295.389,4.5,mRNA - Conv
7,NHP23,10.0353,0,1.61721,0,15993.2,-0.231585,0.001,3,3,20,1.61821,6447.97,1e-05,1.45874,853.153,2.3,4.3058,0.000548382,12,59.2802,4.5,mRNA - Conv
8,NHP23,10.0353,0,0.738492,0,15993.2,-0.231585,0.001,3,3,20,1.61821,3590.02,1e-05,1.45874,853.153,2.3,6.95125,0.000548382,12,117.335,4.5,mRNA - Conv
9,NHP23,10.0353,0,0.811823,0,15993.2,-0.231585,0.001,3,3,20,1.61821,5885.15,1e-05,1.45874,853.153,2.3,4.7589,0.000548382,12,79.8687,4.5,mRNA - Conv
10,NHP23,10.0353,0,1.08928,0,15993.2,-0.231585,0.001,3,3,20,1.61821,5970.12,1e-05,1.45874,853.153,2.3,4.95871,0.000548382,12,21.8684,4.5,mRNA - Conv
1,NHP24,10.0353,0,1.98056,0,15993.2,-0.231585,0.001,3,3,20,1.61821,12.4444,1e-05,1.45874,853.153,2.3,21.8679,0.000548382,12,1.57618,4.5,CD40.RBDv - Naive
2,NHP24,10.0353,0,2.50708,0,15993.2,-0.231585,0.001,3,3,20,1.61821,7.8029,1e-05,1.45874,853.153,2.3,17.1117,0.000548382,12,1.75403,4.5,CD40.RBDv - Naive
3,NHP24,10.0353,0,1.71432,0,15993.2,-0.231585,0.001,3,3,20,1.61821,5.52923,1e-05,1.45874,853.153,2.3,26.5176,0.000548382,12,2.78658,4.5,CD40.RBDv - Naive
4,NHP24,10.0353,0,1.19688,0,15993.2,-0.231585,0.001,3,3,20,1.61821,16.1214,1e-05,1.45874,853.153,2.3,16.8917,0.000548382,12,3.68922,4.5,CD40.RBDv - Naive
5,NHP24,10.0353,0,2.50428,0,15993.2,-0.231585,0.001,3,3,20,1.61821,6.368,1e-05,1.45874,853.153,2.3,21.3805,0.000548382,12,1.86502,4.5,CD40.RBDv - Naive
6,NHP24,10.0353,0,2.79667,0,15993.2,-0.231585,0.001,3,3,20,1.61821,6.65921,1e-05,1.45874,853.153,2.3,26.772,0.000548382,12,1.53578,4.5,CD40.RBDv - Naive
7,NHP24,10.0353,0,2.18452,0,15993.2,-0.231585,0.001,3,3,20,1.61821,9.17112,1e-05,1.45874,853.153,2.3,30.9572,0.000548382,12,1.11659,4.5,CD40.RBDv - Naive
8,NHP24,10.0353,0,3.1832,0,15993.2,-0.231585,0.001,3,3,20,1.61821,8.05383,1e-05,1.45874,853.153,2.3,23.5679,0.000548382,12,0.958364,4.5,CD40.RBDv - Naive
9,NHP24,10.0353,0,1.62931,0,15993.2,-0.231585,0.001,3,3,20,1.61821,6.99884,1e-05,1.45874,853.153,2.3,27.7382,0.000548382,12,2.29308,4.5,CD40.RBDv - Naive
10,NHP24,10.0353,0,2.88684,0,15993.2,-0.231585,0.001,3,3,20,1.61821,8.60306,1e-05,1.45874,853.153,2.3,19.3882,0.000548382,12,1.11182,4.5,CD40.RBDv - Naive
1,NHP25,10.0353,0,1.50787,0,15993.2,-0.231585,0.001,3,3,20,1.61821,9.30014,1e-05,1.45874,853.153,2.3,12.7866,0.000548382,12,0.239662,4.5,CD40.RBDv - Naive
2,NHP25,10.0353,0,1.07412,0,15993.2,-0.231585,0.001,3,3,20,1.61821,9.16362,1e-05,1.45874,853.153,2.3,20.4491,0.000548382,12,0.157333,4.5,CD40.RBDv - Naive
3,NHP25,10.0353,0,1.39783,0,15993.2,-0.231585,0.001,3,3,20,1.61821,11.2404,1e-05,1.45874,853.153,2.3,13.7771,0.000548382,12,0.0233686,4.5,CD40.RBDv - Naive
4,NHP25,10.0353,0,1.6,0,15993.2,-0.231585,0.001,3,3,20,1.61821,11.2671,1e-05,1.45874,853.153,2.3,12.6068,0.000548382,12,0.028859,4.5,CD40.RBDv - Naive
5,NHP25,10.0353,0,1.5875,0,15993.2,-0.231585,0.001,3,3,20,1.61821,15.6975,1e-05,1.45874,853.153,2.3,17.5076,0.000548382,12,0.0366021,4.5,CD40.RBDv - Naive
6,NHP25,10.0353,0,1.06822,0,15993.2,-0.231585,0.001,3,3,20,1.61821,8.1289,1e-05,1.45874,853.153,2.3,17.8951,0.000548382,12,0.0494666,4.5,CD40.RBDv - Naive
7,NHP25,10.0353,0,1.27151,0,15993.2,-0.231585,0.001,3,3,20,1.61821,6.16436,1e-05,1.45874,853.153,2.3,19.051,0.000548382,12,0.0355915,4.5,CD40.RBDv - Naive
8,NHP25,10.0353,0,1.37058,0,15993.2,-0.231585,0.001,3,3,20,1.61821,16.1077,1e-05,1.45874,853.153,2.3,9.17419,0.000548382,12,0.0124344,4.5,CD40.RBDv - Naive
9,NHP25,10.0353,0,1.54905,0,15993.2,-0.231585,0.001,3,3,20,1.61821,8.84016,1e-05,1.45874,853.153,2.3,10.8271,0.000548382,12,0.326044,4.5,CD40.RBDv - Naive
10,NHP25,10.0353,0,1.33412,0,15993.2,-0.231585,0.001,3,3,20,1.61821,12.2981,1e-05,1.45874,853.153,2.3,11.4523,0.000548382,12,0.149677,4.5,CD40.RBDv - Naive
1,NHP26,10.0353,0,4.72557,0,15993.2,-0.231585,0.001,3,3,20,1.61821,1.03243,1e-05,1.45874,853.153,2.3,34.0356,0.000548382,12,2.26489,4.5,Conv
2,NHP26,10.0353,0,5.50733,0,15993.2,-0.231585,0.001,3,3,20,1.61821,0.449207,1e-05,1.45874,853.153,2.3,71.371,0.000548382,12,0.707452,4.5,Conv
3,NHP26,10.0353,0,5.6931,0,15993.2,-0.231585,0.001,3,3,20,1.61821,1.21138,1e-05,1.45874,853.153,2.3,24.9847,0.000548382,12,1.36373,4.5,Conv
4,NHP26,10.0353,0,6.52001,0,15993.2,-0.231585,0.001,3,3,20,1.61821,0.602906,1e-05,1.45874,853.153,2.3,45.3731,0.000548382,12,1.03063,4.5,Conv
5,NHP26,10.0353,0,5.69585,0,15993.2,-0.231585,0.001,3,3,20,1.61821,0.910752,1e-05,1.45874,853.153,2.3,56.7268,0.000548382,12,1.21231,4.5,Conv
6,NHP26,10.0353,0,7.34675,0,15993.2,-0.231585,0.001,3,3,20,1.61821,1.69664,1e-05,1.45874,853.153,2.3,35.0045,0.000548382,12,0.415361,4.5,Conv
7,NHP26,10.0353,0,6.73794,0,15993.2,-0.231585,0.001,3,3,20,1.61821,1.03105,1e-05,1.45874,853.153,2.3,54.4772,0.000548382,12,0.143471,4.5,Conv
8,NHP26,10.0353,0,5.67461,0,15993.2,-0.231585,0.001,3,3,20,1.61821,0.426084,1e-05,1.45874,853.153,2.3,77.6009,0.000548382,12,1.41175,4.5,Conv
9,NHP26,10.0353,0,6.18899,0,15993.2,-0.231585,0.001,3,3,20,1.61821,0.729867,1e-05,1.45874,853.153,2.3,36.8922,0.000548382,12,0.471679,4.5,Conv
10,NHP26,10.0353,0,4.91205,0,15993.2,-0.231585,0.001,3,3,20,1.61821,0.773111,1e-05,1.45874,853.153,2.3,45.1248,0.000548382,12,0.981392,4.5,Conv
1,NHP27,10.0353,0,1.70371,0,15993.2,-0.231585,0.001,3,3,20,1.61821,814.039,1e-05,1.45874,853.153,2.3,4.33623,0.000548382,12,126.157,4.5,CD40.PanCoV - Conv
2,NHP27,10.0353,0,1.48015,0,15993.2,-0.231585,0.001,3,3,20,1.61821,831.511,1e-05,1.45874,853.153,2.3,4.24096,0.000548382,12,248.021,4.5,CD40.PanCoV - Conv
3,NHP27,10.0353,0,1.30667,0,15993.2,-0.231585,0.001,3,3,20,1.61821,786.792,1e-05,1.45874,853.153,2.3,5.74644,0.000548382,12,988.751,4.5,CD40.PanCoV - Conv
4,NHP27,10.0353,0,1.49345,0,15993.2,-0.231585,0.001,3,3,20,1.61821,1025.78,1e-05,1.45874,853.153,2.3,6.04287,0.000548382,12,14.1892,4.5,CD40.PanCoV - Conv
5,NHP27,10.0353,0,0.954283,0,15993.2,-0.231585,0.001,3,3,20,1.61821,842.669,1e-05,1.45874,853.153,2.3,4.39608,0.000548382,12,340.514,4.5,CD40.PanCoV - Conv
6,NHP27,10.0353,0,3.90778,0,15993.2,-0.231585,0.001,3,3,20,1.61821,1142.68,1e-05,1.45874,853.153,2.3,4.60877,0.000548382,12,114.207,4.5,CD40.PanCoV - Conv
7,NHP27,10.0353,0,0.624548,0,15993.2,-0.231585,0.001,3,3,20,1.61821,1614.73,1e-05,1.45874,853.153,2.3,4.24843,0.000548382,12,709.848,4.5,CD40.PanCoV - Conv
8,NHP27,10.0353,0,1.55509,0,15993.2,-0.231585,0.001,3,3,20,1.61821,876.226,1e-05,1.45874,853.153,2.3,7.90169,0.000548382,12,29.2994,4.5,CD40.PanCoV - Conv
9,NHP27,10.0353,0,0.717699,0,15993.2,-0.231585,0.001,3,3,20,1.61821,1067.02,1e-05,1.45874,853.153,2.3,3.61628,0.000548382,12,454.553,4.5,CD40.PanCoV - Conv
10,NHP27,10.0353,0,1.11909,0,15993.2,-0.231585,0.001,3,3,20,1.61821,3557.03,1e-05,1.45874,853.153,2.3,2.29516,0.000548382,12,40.0719,4.5,CD40.PanCoV - Conv
1,NHP28,10.0353,0,2.86411,0,15993.2,-0.231585,0.001,3,3,20,1.61821,5.33592,1e-05,1.45874,853.153,2.3,14.2405,0.000548382,12,0.176142,4.5,CD40.RBDv - Naive
2,NHP28,10.0353,0,2.75775,0,15993.2,-0.231585,0.001,3,3,20,1.61821,14.376,1e-05,1.45874,853.153,2.3,8.30999,0.000548382,12,0.425755,4.5,CD40.RBDv - Naive
3,NHP28,10.0353,0,1.54743,0,15993.2,-0.231585,0.001,3,3,20,1.61821,6.71486,1e-05,1.45874,853.153,2.3,15.026,0.000548382,12,0.646485,4.5,CD40.RBDv - Naive
4,NHP28,10.0353,0,2.88205,0,15993.2,-0.231585,0.001,3,3,20,1.61821,10.8353,1e-05,1.45874,853.153,2.3,9.31087,0.000548382,12,0.502747,4.5,CD40.RBDv - Naive
5,NHP28,10.0353,0,2.07445,0,15993.2,-0.231585,0.001,3,3,20,1.61821,8.73455,1e-05,1.45874,853.153,2.3,12.7859,0.000548382,12,0.876495,4.5,CD40.RBDv - Naive
6,NHP28,10.0353,0,3.10247,0,15993.2,-0.231585,0.001,3,3,20,1.61821,17.3171,1e-05,1.45874,853.153,2.3,8.27239,0.000548382,12,0.291033,4.5,CD40.RBDv - Naive
7,NHP28,10.0353,0,2.46767,0,15993.2,-0.231585,0.001,3,3,20,1.61821,3.19951,1e-05,1.45874,853.153,2.3,21.5802,0.000548382,12,0.716673,4.5,CD40.RBDv - Naive
8,NHP28,10.0353,0,2.32043,0,15993.2,-0.231585,0.001,3,3,20,1.61821,14.5308,1e-05,1.45874,853.153,2.3,10.2872,0.000548382,12,1.1326,4.5,CD40.RBDv - Naive
9,NHP28,10.0353,0,2.49263,0,15993.2,-0.231585,0.001,3,3,20,1.61821,12.6835,1e-05,1.45874,853.153,2.3,11.6446,0.000548382,12,0.329795,4.5,CD40.RBDv - Naive
10,NHP28,10.0353,0,2.74493,0,15993.2,-0.231585,0.001,3,3,20,1.61821,12.8238,1e-05,1.45874,853.153,2.3,7.76649,0.000548382,12,0.29376,4.5,CD40.RBDv - Naive
1,NHP29,10.0353,0,0.747387,0,15993.2,-0.231585,0.001,3,3,20,1.61821,3415.11,1e-05,1.45874,853.153,2.3,5.14248,0.000548382,12,250.409,4.5,mRNA - Conv
2,NHP29,10.0353,0,0.487476,0,15993.2,-0.231585,0.001,3,3,20,1.61821,2721.87,1e-05,1.45874,853.153,2.3,4.02183,0.000548382,12,96.0989,4.5,mRNA - Conv
3,NHP29,10.0353,0,0.434778,0,15993.2,-0.231585,0.001,3,3,20,1.61821,4691.71,1e-05,1.45874,853.153,2.3,3.29796,0.000548382,12,158.949,4.5,mRNA - Conv
4,NHP29,10.0353,0,0.729495,0,15993.2,-0.231585,0.001,3,3,20,1.61821,4476.39,1e-05,1.45874,853.153,2.3,3.43268,0.000548382,12,81.7473,4.5,mRNA - Conv
5,NHP29,10.0353,0,0.564266,0,15993.2,-0.231585,0.001,3,3,20,1.61821,2701.19,1e-05,1.45874,853.153,2.3,5.99883,0.000548382,12,54.1293,4.5,mRNA - Conv
6,NHP29,10.0353,0,0.676313,0,15993.2,-0.231585,0.001,3,3,20,1.61821,2473.89,1e-05,1.45874,853.153,2.3,5.04591,0.000548382,12,55.0125,4.5,mRNA - Conv
7,NHP29,10.0353,0,0.546489,0,15993.2,-0.231585,0.001,3,3,20,1.61821,2165.26,1e-05,1.45874,853.153,2.3,5.02361,0.000548382,12,540.851,4.5,mRNA - Conv
8,NHP29,10.0353,0,0.613315,0,15993.2,-0.231585,0.001,3,3,20,1.61821,5065.77,1e-05,1.45874,853.153,2.3,3.64606,0.000548382,12,528.547,4.5,mRNA - Conv
9,NHP29,10.0353,0,0.9535,0,15993.2,-0.231585,0.001,3,3,20,1.61821,3133.37,1e-05,1.45874,853.153,2.3,5.0391,0.000548382,12,43.7273,4.5,mRNA - Conv
10,NHP29,10.0353,0,1.16323,0,15993.2,-0.231585,0.001,3,3,20,1.61821,6810.78,1e-05,1.45874,853.153,2.3,2.19067,0.000548382,12,817.541,4.5,mRNA - Conv
1,NHP3,10.0353,0,1.63391,0,15993.2,-0.231585,0.001,3,3,20,1.61821,1.06587,1e-05,1.45874,853.153,2.3,6.21419,0.000548382,12,2.98727,4.5,Naive
2,NHP3,10.0353,0,1.32722,0,15993.2,-0.231585,0.001,3,3,20,1.61821,2.06775,1e-05,1.45874,853.153,2.3,4.06027,0.000548382,12,1.2942,4.5,Naive
3,NHP3,10.0353,0,1.36749,0,15993.2,-0.231585,0.001,3,3,20,1.61821,1.15948,1e-05,1.45874,853.153,2.3,5.36919,0.000548382,12,4.956,4.5,Naive
4,NHP3,10.0353,0,1.34557,0,15993.2,-0.231585,0.001,3,3,20,1.61821,1.12359,1e-05,1.45874,853.153,2.3,6.58162,0.000548382,12,1.77157,4.5,Naive
5,NHP3,10.0353,0,1.56961,0,15993.2,-0.231585,0.001,3,3,20,1.61821,1.86367,1e-05,1.45874,853.153,2.3,4.95151,0.000548382,12,2.28539,4.5,Naive
6,NHP3,10.0353,0,1.31902,0,15993.2,-0.231585,0.001,3,3,20,1.61821,1.16084,1e-05,1.45874,853.153,2.3,5.29349,0.000548382,12,1.31038,4.5,Naive
7,NHP3,10.0353,0,1.87785,0,15993.2,-0.231585,0.001,3,3,20,1.61821,1.71358,1e-05,1.45874,853.153,2.3,4.9971,0.000548382,12,0.607883,4.5,Naive
8,NHP3,10.0353,0,1.28223,0,15993.2,-0.231585,0.001,3,3,20,1.61821,1.97128,1e-05,1.45874,853.153,2.3,3.96856,0.000548382,12,0.074732,4.5,Naive
9,NHP3,10.0353,0,1.1929,0,15993.2,-0.231585,0.001,3,3,20,1.61821,1.64353,1e-05,1.45874,853.153,2.3,2.81476,0.000548382,12,5.00918,4.5,Naive
10,NHP3,10.0353,0,1.16535,0,15993.2,-0.231585,0.001,3,3,20,1.61821,1.00095,1e-05,1.45874,853.153,2.3,2.36492,0.000548382,12,8.13211,4.5,Naive
1,NHP30,10.0353,0,2.93365,0,15993.2,-0.231585,0.001,3,3,20,1.61821,560.855,1e-05,1.45874,853.153,2.3,3.38925,0.000548382,12,8.50707,4.5,CD40.PanCoV - Conv
2,NHP30,10.0353,0,1.34947,0,15993.2,-0.231585,0.001,3,3,20,1.61821,573.263,1e-05,1.45874,853.153,2.3,2.21101,0.000548382,12,23.3881,4.5,CD40.PanCoV - Conv
3,NHP30,10.0353,0,1.71522,0,15993.2,-0.231585,0.001,3,3,20,1.61821,621.157,1e-05,1.45874,853.153,2.3,3.45079,0.000548382,12,23.1059,4.5,CD40.PanCoV - Conv
4,NHP30,10.0353,0,1.78857,0,15993.2,-0.231585,0.001,3,3,20,1.61821,394.103,1e-05,1.45874,853.153,2.3,3.8181,0.000548382,12,58.9477,4.5,CD40.PanCoV - Conv
5,NHP30,10.0353,0,2.4145,0,15993.2,-0.231585,0.001,3,3,20,1.61821,1205.23,1e-05,1.45874,853.153,2.3,1.24745,0.000548382,12,8.5401,4.5,CD40.PanCoV - Conv
6,NHP30,10.0353,0,1.65624,0,15993.2,-0.231585,0.001,3,3,20,1.61821,942.876,1e-05,1.45874,853.153,2.3,2.62632,0.000548382,12,9.89136,4.5,CD40.PanCoV - Conv
7,NHP30,10.0353,0,1.7212,0,15993.2,-0.231585,0.001,3,3,20,1.61821,629.744,1e-05,1.45874,853.153,2.3,3.62813,0.000548382,12,15.3469,4.5,CD40.PanCoV - Conv
8,NHP30,10.0353,0,1.63134,0,15993.2,-0.231585,0.001,3,3,20,1.61821,747.597,1e-05,1.45874,853.153,2.3,2.32364,0.000548382,12,18.0014,4.5,CD40.PanCoV - Conv
9,NHP30,10.0353,0,2.63116,0,15993.2,-0.231585,0.001,3,3,20,1.61821,1189.47,1e-05,1.45874,853.153,2.3,2.4269,0.000548382,12,5.65723,4.5,CD40.PanCoV - Conv
10,NHP30,10.0353,0,2.9039,0,15993.2,-0.231585,0.001,3,3,20,1.61821,661.344,1e-05,1.45874,853.153,2.3,3.40272,0.000548382,12,3.69807,4.5,CD40.PanCoV - Conv
1,NHP31,10.0353,0,3.21443,0,15993.2,-0.231585,0.001,3,3,20,1.61821,23.0437,1e-05,1.45874,853.153,2.3,18.6858,0.000548382,12,0.364568,4.5,CD40.RBDv - Naive
2,NHP31,10.0353,0,2.51984,0,15993.2,-0.231585,0.001,3,3,20,1.61821,19.7253,1e-05,1.45874,853.153,2.3,8.40644,0.000548382,12,1.96859,4.5,CD40.RBDv - Naive
3,NHP31,10.0353,0,1.95203,0,15993.2,-0.231585,0.001,3,3,20,1.61821,15.7715,1e-05,1.45874,853.153,2.3,10.9168,0.000548382,12,1.93249,4.5,CD40.RBDv - Naive
4,NHP31,10.0353,0,1.90977,0,15993.2,-0.231585,0.001,3,3,20,1.61821,13.9262,1e-05,1.45874,853.153,2.3,10.5498,0.000548382,12,2.79373,4.5,CD40.RBDv - Naive
5,NHP31,10.0353,0,1.24525,0,15993.2,-0.231585,0.001,3,3,20,1.61821,9.04403,1e-05,1.45874,853.153,2.3,19.5518,0.000548382,12,2.62234,4.5,CD40.RBDv - Naive
6,NHP31,10.0353,0,1.89814,0,15993.2,-0.231585,0.001,3,3,20,1.61821,6.56954,1e-05,1.45874,853.153,2.3,16.5712,0.000548382,12,2.89908,4.5,CD40.RBDv - Naive
7,NHP31,10.0353,0,1.63162,0,15993.2,-0.231585,0.001,3,3,20,1.61821,8.64495,1e-05,1.45874,853.153,2.3,18.5062,0.000548382,12,3.57772,4.5,CD40.RBDv - Naive
8,NHP31,10.0353,0,2.44506,0,15993.2,-0.231585,0.001,3,3,20,1.61821,16.8781,1e-05,1.45874,853.153,2.3,15.3723,0.000548382,12,0.944931,4.5,CD40.RBDv - Naive
9,NHP31,10.0353,0,3.8922,0,15993.2,-0.231585,0.001,3,3,20,1.61821,16.0123,1e-05,1.45874,853.153,2.3,13.6401,0.000548382,12,0.396594,4.5,CD40.RBDv - Naive
10,NHP31,10.0353,0,1.95152,0,15993.2,-0.231585,0.001,3,3,20,1.61821,25.4221,1e-05,1.45874,853.153,2.3,12.0639,0.000548382,12,1.21798,4.5,CD40.RBDv - Naive
1,NHP32,10.0353,0,1.18951,0,15993.2,-0.231585,0.001,3,3,20,1.61821,1814.8,1e-05,1.45874,853.153,2.3,2.6701,0.000548382,12,108.542,4.5,mRNA - Conv
2,NHP32,10.0353,0,1.56578,0,15993.2,-0.231585,0.001,3,3,20,1.61821,2769.96,1e-05,1.45874,853.153,2.3,1.91249,0.000548382,12,160.552,4.5,mRNA - Conv
3,NHP32,10.0353,0,1.05944,0,15993.2,-0.231585,0.001,3,3,20,1.61821,1709.31,1e-05,1.45874,853.153,2.3,2.76303,0.000548382,12,344.927,4.5,mRNA - Conv
4,NHP32,10.0353,0,1.5728,0,15993.2,-0.231585,0.001,3,3,20,1.61821,1288.26,1e-05,1.45874,853.153,2.3,3.24768,0.000548382,12,76.9558,4.5,mRNA - Conv
5,NHP32,10.0353,0,0.775724,0,15993.2,-0.231585,0.001,3,3,20,1.61821,2107.39,1e-05,1.45874,853.153,2.3,1.82852,0.000548382,12,126.293,4.5,mRNA - Conv
6,NHP32,10.0353,0,1.87528,0,15993.2,-0.231585,0.001,3,3,20,1.61821,1056.83,1e-05,1.45874,853.153,2.3,3.16511,0.000548382,12,376.381,4.5,mRNA - Conv
7,NHP32,10.0353,0,0.893563,0,15993.2,-0.231585,0.001,3,3,20,1.61821,2078.72,1e-05,1.45874,853.153,2.3,2.43378,0.000548382,12,202.974,4.5,mRNA - Conv
8,NHP32,10.0353,0,0.767814,0,15993.2,-0.231585,0.001,3,3,20,1.61821,1827.07,1e-05,1.45874,853.153,2.3,2.73176,0.000548382,12,418.655,4.5,mRNA - Conv
9,NHP32,10.0353,0,1.11421,0,15993.2,-0.231585,0.001,3,3,20,1.61821,2569.48,1e-05,1.45874,853.153,2.3,3.36933,0.000548382,12,280.904,4.5,mRNA - Conv
10,NHP32,10.0353,0,0.942491,0,15993.2,-0.231585,0.001,3,3,20,1.61821,1994.79,1e-05,1.45874,853.153,2.3,2.85382,0.000548382,12,327.131,4.5,mRNA - Conv
1,NHP33,10.0353,0,6.31319,0,15993.2,-0.231585,0.001,3,3,20,1.61821,0.903248,1e-05,1.45874,853.153,2.3,34.6996,0.000548382,12,0.499113,4.5,Conv
2,NHP33,10.0353,0,4.85386,0,15993.2,-0.231585,0.001,3,3,20,1.61821,1.30401,1e-05,1.45874,853.153,2.3,24.4124,0.000548382,12,2.36664,4.5,Conv
3,NHP33,10.0353,0,5.02082,0,15993.2,-0.231585,0.001,3,3,20,1.61821,1.59998,1e-05,1.45874,853.153,2.3,20.4714,0.000548382,12,2.84241,4.5,Conv
4,NHP33,10.0353,0,7.65871,0,15993.2,-0.231585,0.001,3,3,20,1.61821,1.66807,1e-05,1.45874,853.153,2.3,27.3107,0.000548382,12,0.254691,4.5,Conv
5,NHP33,10.0353,0,6.69648,0,15993.2,-0.231585,0.001,3,3,20,1.61821,1.16488,1e-05,1.45874,853.153,2.3,30.3354,0.000548382,12,0.906216,4.5,Conv
6,NHP33,10.0353,0,3.48556,0,15993.2,-0.231585,0.001,3,3,20,1.61821,1.36539,1e-05,1.45874,853.153,2.3,17.2635,0.000548382,12,5.18733,4.5,Conv
7,NHP33,10.0353,0,2.90658,0,15993.2,-0.231585,0.001,3,3,20,1.61821,1.80942,1e-05,1.45874,853.153,2.3,27.4813,0.000548382,12,4.67486,4.5,Conv
8,NHP33,10.0353,0,4.80315,0,15993.2,-0.231585,0.001,3,3,20,1.61821,2.06363,1e-05,1.45874,853.153,2.3,21.4885,0.000548382,12,0.366889,4.5,Conv
9,NHP33,10.0353,0,6.15538,0,15993.2,-0.231585,0.001,3,3,20,1.61821,1.27358,1e-05,1.45874,853.153,2.3,22.1452,0.000548382,12,0.641384,4.5,Conv
10,NHP33,10.0353,0,4.72681,0,15993.2,-0.231585,0.001,3,3,20,1.61821,1.47011,1e-05,1.45874,853.153,2.3,17.4914,0.000548382,12,2.44692,4.5,Conv
1,NHP34,10.0353,0,2.68371,0,15993.2,-0.231585,0.001,3,3,20,1.61821,186.044,1e-05,1.45874,853.153,2.3,3.27258,0.000548382,12,0.590772,4.5,CD40.RBDv - Conv
2,NHP34,10.0353,0,1.58138,0,15993.2,-0.231585,0.001,3,3,20,1.61821,444.086,1e-05,1.45874,853.153,2.3,3.23006,0.000548382,12,0.704369,4.5,CD40.RBDv - Conv
3,NHP34,10.0353,0,1.08384,0,15993.2,-0.231585,0.001,3,3,20,1.61821,759.7,1e-05,1.45874,853.153,2.3,2.73376,0.000548382,12,1.09881,4.5,CD40.RBDv - Conv
4,NHP34,10.0353,0,1.68862,0,15993.2,-0.231585,0.001,3,3,20,1.61821,637.192,1e-05,1.45874,853.153,2.3,2.56889,0.000548382,12,0.815887,4.5,CD40.RBDv - Conv
5,NHP34,10.0353,0,1.29754,0,15993.2,-0.231585,0.001,3,3,20,1.61821,437.028,1e-05,1.45874,853.153,2.3,4.22284,0.000548382,12,0.560479,4.5,CD40.RBDv - Conv
6,NHP34,10.0353,0,1.45888,0,15993.2,-0.231585,0.001,3,3,20,1.61821,440.72,1e-05,1.45874,853.153,2.3,4.72166,0.000548382,12,0.642493,4.5,CD40.RBDv - Conv
7,NHP34,10.0353,0,1.58944,0,15993.2,-0.231585,0.001,3,3,20,1.61821,455.94,1e-05,1.45874,853.153,2.3,3.8564,0.000548382,12,0.872372,4.5,CD40.RBDv - Conv
8,NHP34,10.0353,0,1.36644,0,15993.2,-0.231585,0.001,3,3,20,1.61821,395.234,1e-05,1.45874,853.153,2.3,6.07324,0.000548382,12,0.739196,4.5,CD40.RBDv - Conv
9,NHP34,10.0353,0,1.1168,0,15993.2,-0.231585,0.001,3,3,20,1.61821,245.941,1e-05,1.45874,853.153,2.3,5.25501,0.000548382,12,1.18299,4.5,CD40.RBDv - Conv
10,NHP34,10.0353,0,1.3009,0,15993.2,-0.231585,0.001,3,3,20,1.61821,324.892,1e-05,1.45874,853.153,2.3,3.78652,0.000548382,12,1.29204,4.5,CD40.RBDv - Conv
1,NHP4,10.0353,0,2.21757,0,15993.2,-0.231585,0.001,3,3,20,1.61821,1285.17,1e-05,1.45874,853.153,2.3,4.36158,0.000548382,12,4.03448,4.5,CD40.RBDv - Conv
2,NHP4,10.0353,0,1.41035,0,15993.2,-0.231585,0.001,3,3,20,1.61821,1060.33,1e-05,1.45874,853.153,2.3,4.54081,0.000548382,12,46.3147,4.5,CD40.RBDv - Conv
3,NHP4,10.0353,0,1.53925,0,15993.2,-0.231585,0.001,3,3,20,1.61821,911.35,1e-05,1.45874,853.153,2.3,4.62794,0.000548382,12,150.763,4.5,CD40.RBDv - Conv
4,NHP4,10.0353,0,1.98533,0,15993.2,-0.231585,0.001,3,3,20,1.61821,1126.45,1e-05,1.45874,853.153,2.3,4.02751,0.000548382,12,9.7837,4.5,CD40.RBDv - Conv
5,NHP4,10.0353,0,2.20957,0,15993.2,-0.231585,0.001,3,3,20,1.61821,1310.01,1e-05,1.45874,853.153,2.3,4.154,0.000548382,12,16.5338,4.5,CD40.RBDv - Conv
6,NHP4,10.0353,0,3.21296,0,15993.2,-0.231585,0.001,3,3,20,1.61821,1296.7,1e-05,1.45874,853.153,2.3,5.73859,0.000548382,12,3.19038,4.5,CD40.RBDv - Conv
7,NHP4,10.0353,0,3.17399,0,15993.2,-0.231585,0.001,3,3,20,1.61821,1206.03,1e-05,1.45874,853.153,2.3,3.78273,0.000548382,12,14.9602,4.5,CD40.RBDv - Conv
8,NHP4,10.0353,0,3.10621,0,15993.2,-0.231585,0.001,3,3,20,1.61821,426.376,1e-05,1.45874,853.153,2.3,5.28959,0.000548382,12,19.333,4.5,CD40.RBDv - Conv
9,NHP4,10.0353,0,2.13108,0,15993.2,-0.231585,0.001,3,3,20,1.61821,816.13,1e-05,1.45874,853.153,2.3,4.42696,0.000548382,12,3.17735,4.5,CD40.RBDv - Conv
10,NHP4,10.0353,0,2.41297,0,15993.2,-0.231585,0.001,3,3,20,1.61821,303.911,1e-05,1.45874,853.153,2.3,7.83232,0.000548382,12,44.0762,4.5,CD40.RBDv - Conv
1,NHP5,10.0353,0,6.42437,0,15993.2,-0.231585,0.001,3,3,20,1.61821,1.64475,1e-05,1.45874,853.153,2.3,22.2365,0.000548382,12,0.54414,4.5,Conv
2,NHP5,10.0353,0,1.99744,0,15993.2,-0.231585,0.001,3,3,20,1.61821,0.607334,1e-05,1.45874,853.153,2.3,35.0187,0.000548382,12,17.1789,4.5,Conv
3,NHP5,10.0353,0,2.09138,0,15993.2,-0.231585,0.001,3,3,20,1.61821,1.29584,1e-05,1.45874,853.153,2.3,16.5297,0.000548382,12,21.02,4.5,Conv
4,NHP5,10.0353,0,2.06705,0,15993.2,-0.231585,0.001,3,3,20,1.61821,1.77254,1e-05,1.45874,853.153,2.3,22.1598,0.000548382,12,9.98484,4.5,Conv
5,NHP5,10.0353,0,4.64508,0,15993.2,-0.231585,0.001,3,3,20,1.61821,1.17598,1e-05,1.45874,853.153,2.3,20.2075,0.000548382,12,3.23175,4.5,Conv
6,NHP5,10.0353,0,2.00178,0,15993.2,-0.231585,0.001,3,3,20,1.61821,1.14862,1e-05,1.45874,853.153,2.3,21.5645,0.000548382,12,13.5552,4.5,Conv
7,NHP5,10.0353,0,3.95343,0,15993.2,-0.231585,0.001,3,3,20,1.61821,0.739698,1e-05,1.45874,853.153,2.3,21.178,0.000548382,12,6.79147,4.5,Conv
8,NHP5,10.0353,0,3.86067,0,15993.2,-0.231585,0.001,3,3,20,1.61821,1.22262,1e-05,1.45874,853.153,2.3,28.133,0.000548382,12,3.3012,4.5,Conv
9,NHP5,10.0353,0,2.64158,0,15993.2,-0.231585,0.001,3,3,20,1.61821,1.4884,1e-05,1.45874,853.153,2.3,19.4916,0.000548382,12,9.32868,4.5,Conv
10,NHP5,10.0353,0,3.49429,0,15993.2,-0.231585,0.001,3,3,20,1.61821,1.17213,1e-05,1.45874,853.153,2.3,25.4273,0.000548382,12,7.09391,4.5,Conv
1,NHP6,10.0353,0,2.9064,0,15993.2,-0.231585,0.001,3,3,20,1.61821,0.282718,1e-05,1.45874,853.153,2.3,27.5475,0.000548382,12,1.40112,4.5,Conv
2,NHP6,10.0353,0,3.54592,0,15993.2,-0.231585,0.001,3,3,20,1.61821,0.708172,1e-05,1.45874,853.153,2.3,18.5893,0.000548382,12,0.164589,4.5,Conv
3,NHP6,10.0353,0,4.50164,0,15993.2,-0.231585,0.001,3,3,20,1.61821,0.296581,1e-05,1.45874,853.153,2.3,34.9105,0.000548382,12,0.179857,4.5,Conv
4,NHP6,10.0353,0,4.09876,0,15993.2,-0.231585,0.001,3,3,20,1.61821,0.520722,1e-05,1.45874,853.153,2.3,22.81,0.000548382,12,0.0828536,4.5,Conv
5,NHP6,10.0353,0,5.00111,0,15993.2,-0.231585,0.001,3,3,20,1.61821,0.634276,1e-05,1.45874,853.153,2.3,13.2898,0.000548382,12,0.803133,4.5,Conv
6,NHP6,10.0353,0,4.93679,0,15993.2,-0.231585,0.001,3,3,20,1.61821,0.516546,1e-05,1.45874,853.153,2.3,13.2389,0.000548382,12,0.83927,4.5,Conv
7,NHP6,10.0353,0,3.26109,0,15993.2,-0.231585,0.001,3,3,20,1.61821,1.1401,1e-05,1.45874,853.153,2.3,19.1878,0.000548382,12,0.754615,4.5,Conv
8,NHP6,10.0353,0,3.60681,0,15993.2,-0.231585,0.001,3,3,20,1.61821,0.450706,1e-05,1.45874,853.153,2.3,17.495,0.000548382,12,3.4019,4.5,Conv
9,NHP6,10.0353,0,2.4506,0,15993.2,-0.231585,0.001,3,3,20,1.61821,1.04214,1e-05,1.45874,853.153,2.3,14.2097,0.000548382,12,3.32685,4.5,Conv
10,NHP6,10.0353,0,4.33795,0,15993.2,-0.231585,0.001,3,3,20,1.61821,0.546807,1e-05,1.45874,853.153,2.3,17.5259,0.000548382,12,0.695256,4.5,Conv
1,NHP7,10.0353,0,1.37994,0,15993.2,-0.231585,0.001,3,3,20,1.61821,1200.54,1e-05,1.45874,853.153,2.3,5.9262,0.000548382,12,241.781,4.5,mRNA - Conv
2,NHP7,10.0353,0,1.7978,0,15993.2,-0.231585,0.001,3,3,20,1.61821,3578.36,1e-05,1.45874,853.153,2.3,2.82633,0.000548382,12,287.629,4.5,mRNA - Conv
3,NHP7,10.0353,0,1.41736,0,15993.2,-0.231585,0.001,3,3,20,1.61821,3598.55,1e-05,1.45874,853.153,2.3,2.26071,0.000548382,12,974.173,4.5,mRNA - Conv
4,NHP7,10.0353,0,1.26384,0,15993.2,-0.231585,0.001,3,3,20,1.61821,1820.48,1e-05,1.45874,853.153,2.3,4.79952,0.000548382,12,634.586,4.5,mRNA - Conv
5,NHP7,10.0353,0,2.13514,0,15993.2,-0.231585,0.001,3,3,20,1.61821,1626.24,1e-05,1.45874,853.153,2.3,5.96328,0.000548382,12,89.3611,4.5,mRNA - Conv
6,NHP7,10.0353,0,1.98164,0,15993.2,-0.231585,0.001,3,3,20,1.61821,3063.79,1e-05,1.45874,853.153,2.3,3.37724,0.000548382,12,331.615,4.5,mRNA - Conv
7,NHP7,10.0353,0,1.09316,0,15993.2,-0.231585,0.001,3,3,20,1.61821,3691.75,1e-05,1.45874,853.153,2.3,2.70603,0.000548382,12,118.303,4.5,mRNA - Conv
8,NHP7,10.0353,0,2.62963,0,15993.2,-0.231585,0.001,3,3,20,1.61821,1369.62,1e-05,1.45874,853.153,2.3,6.35709,0.000548382,12,117.274,4.5,mRNA - Conv
9,NHP7,10.0353,0,2.54975,0,15993.2,-0.231585,0.001,3,3,20,1.61821,2252.02,1e-05,1.45874,853.153,2.3,2.88475,0.000548382,12,56.6254,4.5,mRNA - Conv
10,NHP7,10.0353,0,1.31676,0,15993.2,-0.231585,0.001,3,3,20,1.61821,3773.44,1e-05,1.45874,853.153,2.3,3.44936,0.000548382,12,1532.65,4.5,mRNA - Conv
1,NHP8,10.0353,0,2.86887,0,15993.2,-0.231585,0.001,3,3,20,1.61821,1274.07,1e-05,1.45874,853.153,2.3,10.6766,0.000548382,12,174.284,4.5,mRNA - Conv
2,NHP8,10.0353,0,1.4848,0,15993.2,-0.231585,0.001,3,3,20,1.61821,4825.73,1e-05,1.45874,853.153,2.3,4.66529,0.000548382,12,358.025,4.5,mRNA - Conv
3,NHP8,10.0353,0,1.77952,0,15993.2,-0.231585,0.001,3,3,20,1.61821,2262.98,1e-05,1.45874,853.153,2.3,7.27835,0.000548382,12,3357.57,4.5,mRNA - Conv
4,NHP8,10.0353,0,1.89298,0,15993.2,-0.231585,0.001,3,3,20,1.61821,1852.74,1e-05,1.45874,853.153,2.3,13.577,0.000548382,12,1164.15,4.5,mRNA - Conv
5,NHP8,10.0353,0,1.00044,0,15993.2,-0.231585,0.001,3,3,20,1.61821,4055.32,1e-05,1.45874,853.153,2.3,4.62233,0.000548382,12,432.898,4.5,mRNA - Conv
6,NHP8,10.0353,0,2.3429,0,15993.2,-0.231585,0.001,3,3,20,1.61821,4850.78,1e-05,1.45874,853.153,2.3,4.98551,0.000548382,12,4588.14,4.5,mRNA - Conv
7,NHP8,10.0353,0,3.23126,0,15993.2,-0.231585,0.001,3,3,20,1.61821,1874.62,1e-05,1.45874,853.153,2.3,16.049,0.000548382,12,2970.54,4.5,mRNA - Conv
8,NHP8,10.0353,0,0.965976,0,15993.2,-0.231585,0.001,3,3,20,1.61821,3357.12,1e-05,1.45874,853.153,2.3,4.55566,0.000548382,12,362.578,4.5,mRNA - Conv
9,NHP8,10.0353,0,1.75102,0,15993.2,-0.231585,0.001,3,3,20,1.61821,3170.31,1e-05,1.45874,853.153,2.3,6.45743,0.000548382,12,379.933,4.5,mRNA - Conv
10,NHP8,10.0353,0,1.64502,0,15993.2,-0.231585,0.001,3,3,20,1.61821,2700.27,1e-05,1.45874,853.153,2.3,9.25688,0.000548382,12,573.156,4.5,mRNA - Conv
1,NHP9,10.0353,0,1.36636,0,15993.2,-0.231585,0.001,3,3,20,1.61821,11.4075,1e-05,1.45874,853.153,2.3,26.5225,0.000548382,12,0.455649,4.5,CD40.RBDv - Naive
2,NHP9,10.0353,0,1.11165,0,15993.2,-0.231585,0.001,3,3,20,1.61821,27.0999,1e-05,1.45874,853.153,2.3,20.0995,0.000548382,12,0.215288,4.5,CD40.RBDv - Naive
3,NHP9,10.0353,0,1.40811,0,15993.2,-0.231585,0.001,3,3,20,1.61821,12.4229,1e-05,1.45874,853.153,2.3,33.8797,0.000548382,12,0.20441,4.5,CD40.RBDv - Naive
4,NHP9,10.0353,0,1.30477,0,15993.2,-0.231585,0.001,3,3,20,1.61821,11.6413,1e-05,1.45874,853.153,2.3,23.9529,0.000548382,12,0.318202,4.5,CD40.RBDv - Naive
5,NHP9,10.0353,0,1.14017,0,15993.2,-0.231585,0.001,3,3,20,1.61821,11.7791,1e-05,1.45874,853.153,2.3,21.1253,0.000548382,12,0.363208,4.5,CD40.RBDv - Naive
6,NHP9,10.0353,0,0.909345,0,15993.2,-0.231585,0.001,3,3,20,1.61821,15.5227,1e-05,1.45874,853.153,2.3,19.3818,0.000548382,12,0.0527282,4.5,CD40.RBDv - Naive
7,NHP9,10.0353,0,1.27879,0,15993.2,-0.231585,0.001,3,3,20,1.61821,19.0169,1e-05,1.45874,853.153,2.3,15.3256,0.000548382,12,0.36396,4.5,CD40.RBDv - Naive
8,NHP9,10.0353,0,1.29654,0,15993.2,-0.231585,0.001,3,3,20,1.61821,10.62,1e-05,1.45874,853.153,2.3,16.3444,0.000548382,12,0.862482,4.5,CD40.RBDv - Naive
9,NHP9,10.0353,0,1.23257,0,15993.2,-0.231585,0.001,3,3,20,1.61821,12.3821,1e-05,1.45874,853.153,2.3,17.9946,0.000548382,12,0.580368,4.5,CD40.RBDv - Naive
10,NHP9,10.0353,0,1.20301,0,15993.2,-0.231585,0.001,3,3,20,1.61821,18.6943,1e-05,1.45874,853.153,2.3,26.1725,0.000548382,12,0.269209,4.5,CD40.RBDv - Naive
