id,time,y1,Inoc,Weight,popPred_medianCOV,popPred,indivPred_SAEM,indivPred_mean,indivPred_mode,indWRes_SAEM,indWRes_mean,indWRes_mode
NHP1,0,2.67761,277226880.484,5.55,-3,-3,-3,-3,-3,5.02738,5.02738,5.02738
NHP1,1,2.67761,277226880.484,5.55,6.97812,3.3159,3.44867,3.45947,3.43514,-0.682761,-0.692323,-0.670773
NHP1,2,2.67761,277226880.484,5.55,6.90292,2.8506,3.21111,3.21431,3.17816,-0.472403,-0.475234,-0.443231
NHP1,3,2.67761,277226880.484,5.55,6.54895,2.15037,2.80263,2.79618,2.74499,-0.110709,-0.104993,-0.0596629
NHP1,4,2.67761,277226880.484,5.55,6.04886,1.37652,2.36216,2.34507,2.27722,0.27932,0.294456,0.354534
NHP1,5,2.67761,277226880.484,5.55,5.48527,0.574778,1.91556,1.88749,1.80242,0.674775,0.699627,0.774954
NHP1,7,2.74353,277226880.484,5.55,4.3045,-1.05482,1.01995,0.969744,0.849882,1.52619,1.57065,1.67678
NHP1,9,2.67761,277226880.484,5.55,3.11213,-2.69252,0.12409,0.0517095,-0.102997,2.26108,2.32517,2.46216
NHP1,14,2.67761,277226880.484,5.55,0.129218,-3,-2.11554,-2.24338,-2.48519,4.24422,4.35741,4.57153
NHP1,23,2.67761,277226880.484,5.55,-3,-3,-3,-3,-3,5.02738,5.02738,5.02738
NHP10,0,2.67761,279716051.749,4.56,-3,-3,-3,-3,-3,5.02738,5.02738,5.02738
NHP10,1,7.71503,279716051.749,4.56,6.98021,6.98021,7.01542,7.01491,7.09842,0.61949,0.619935,0.545991
NHP10,2,8.71934,279716051.749,4.56,6.90248,6.90248,7.00018,7.00402,7.15326,1.52228,1.51888,1.38673
NHP10,3,7.47225,279716051.749,4.56,6.5462,6.5462,6.69857,6.70777,6.90457,0.68507,0.676929,0.502662
NHP10,4,5.64034,279716051.749,4.56,6.04445,6.04445,6.24335,6.25869,6.51537,-0.533955,-0.547539,-0.774819
NHP10,5,5.94617,279716051.749,4.56,5.47961,5.47961,5.71979,5.74168,6.07405,0.200456,0.181072,-0.113237
NHP10,7,5.0449,279716051.749,4.56,4.29682,4.29682,4.61047,4.64555,5.15068,0.38467,0.353611,-0.0936728
NHP10,10,2.67761,279716051.749,4.56,2.50507,2.50507,2.92258,2.97709,3.7503,-0.216921,-0.265186,-0.949847
NHP10,14,2.67761,279716051.749,4.56,0.114963,0.114963,0.670103,0.750416,1.88148,1.7776,1.70648,0.70495
NHP10,23,2.67761,279716051.749,4.56,-3,-3,-3,-3,-2.32346,5.02738,5.02738,4.42832
NHP10,29,2.67761,279716051.749,4.56,-3,-3,-3,-3,-3,5.02738,5.02738,5.02738
NHP11,0,2.67761,279716051.749,5.26,-3,-3,-3,-3,-3,5.02738,5.02738,5.02738
NHP11,1,2.67761,279716051.749,5.26,6.98021,4.68799,3.77511,3.76006,3.96264,-0.971816,-0.958486,-1.13786
NHP11,2,2.67761,279716051.749,5.26,6.90248,4.23513,2.81832,2.80309,3.02835,-0.124602,-0.111113,-0.310575
NHP11,4,2.67761,279716051.749,5.26,6.04445,2.83925,0.553753,0.537799,0.78434,1.88062,1.89475,1.67644
NHP11,5,2.67761,279716051.749,5.26,5.47961,2.09849,-0.632276,-0.648765,-0.39071,2.93082,2.94542,2.71692
NHP11,7,2.67761,279716051.749,5.26,4.29682,0.609339,-3,-3,-2.77717,5.02738,5.02738,4.83007
NHP11,10,2.67761,279716051.749,5.26,2.50507,-1.62554,-3,-3,-3,5.02738,5.02738,5.02738
NHP11,14,2.67761,279716051.749,5.26,0.114963,-3,-3,-3,-3,5.02738,5.02738,5.02738
NHP11,23,2.67761,279716051.749,5.26,-3,-3,-3,-3,-3,5.02738,5.02738,5.02738
NHP11,29,2.67761,279716051.749,5.26,-3,-3,-3,-3,-3,5.02738,5.02738,5.02738
NHP12,0,2.67761,277226880.484,5.92,-3,-3,-3,-3,-3,5.02738,5.02738,5.02738
NHP12,1,2.67761,277226880.484,5.92,6.97812,2.25371,1.94187,1.95268,2.11652,0.651474,0.641903,0.496827
NHP12,3,2.67761,277226880.484,5.92,6.54895,1.0859,0.068276,0.114919,0.573531,2.3105,2.2692,1.86311
NHP12,4,2.67761,277226880.484,5.92,6.04886,0.309866,-1.07475,-1.01963,-0.437827,3.32262,3.27382,2.75864
NHP12,5,2.67761,277226880.484,5.92,5.48527,-0.494807,-2.26015,-2.19959,-1.50577,4.37227,4.31864,3.70428
NHP12,7,2.67761,277226880.484,5.92,4.3045,-2.13167,-3,-3,-3,5.02738,5.02738,5.02738
NHP12,9,2.67761,277226880.484,5.92,3.11213,-3,-3,-3,-3,5.02738,5.02738,5.02738
NHP12,14,2.67761,277226880.484,5.92,0.129218,-3,-3,-3,-3,5.02738,5.02738,5.02738
NHP12,23,2.67761,277226880.484,5.92,-3,-3,-3,-3,-3,5.02738,5.02738,5.02738
NHP13,0,2.67761,279716051.749,5.92,-3,-3,-3,-3,-3,5.02738,5.02738,5.02738
NHP13,1,6.65098,279716051.749,5.92,6.98021,6.98021,7.14232,7.14657,7.13122,-0.435073,-0.438836,-0.425244
NHP13,2,8.54889,279716051.749,5.92,6.90248,6.90248,7.20892,7.20843,7.20386,1.18651,1.18694,1.19099
NHP13,3,7.56087,279716051.749,5.92,6.5462,6.5462,6.96686,6.96316,6.97117,0.525977,0.529254,0.522167
NHP13,4,6.01597,279716051.749,5.92,6.04445,6.04445,6.59876,6.5966,6.61066,-0.516053,-0.514138,-0.526586
NHP13,5,5.43551,279716051.749,5.92,5.47961,5.47961,6.19044,6.19258,6.20856,-0.668474,-0.670363,-0.684516
NHP13,7,5.71643,279716051.749,5.92,4.29682,4.29682,5.34737,5.3608,5.37649,0.326795,0.314906,0.301008
NHP13,10,3.40076,279716051.749,5.92,2.50507,2.50507,4.07425,4.10576,4.11918,-0.596356,-0.624258,-0.636139
NHP13,14,2.67761,279716051.749,5.92,0.114963,0.114963,2.37587,2.43162,2.44176,0.267184,0.217814,0.20884
NHP13,23,2.67761,279716051.749,5.92,-3,-3,-1.44555,-1.33524,-1.33251,3.65096,3.55328,3.55086
NHP13,29,2.67761,279716051.749,5.92,-3,-3,-3,-3,-3,5.02738,5.02738,5.02738
NHP14,0,2.67761,277226880.484,4.63,-3,-3,-3,-3,-3,5.02738,5.02738,5.02738
NHP14,1,2.67761,277226880.484,4.63,6.97812,3.3159,2.80178,2.77334,2.97469,-0.109954,-0.0847735,-0.26306
NHP14,3,2.67761,277226880.484,4.63,6.54895,2.15037,0.805091,0.766319,1.10682,1.65807,1.6924,1.39089
NHP14,4,2.67761,277226880.484,4.63,6.04886,1.37652,-0.356713,-0.396776,-0.0332823,2.68682,2.72229,2.40043
NHP14,5,2.67761,277226880.484,4.63,5.48527,0.574778,-1.55207,-1.59297,-1.21496,3.74527,3.78149,3.44678
NHP14,7,2.67761,277226880.484,4.63,4.3045,-1.05482,-3,-3,-3,5.02738,5.02738,5.02738
NHP14,9,2.67761,277226880.484,4.63,3.11213,-2.69252,-3,-3,-3,5.02738,5.02738,5.02738
NHP14,14,2.67761,277226880.484,4.63,0.129218,-3,-3,-3,-3,5.02738,5.02738,5.02738
NHP14,23,2.67761,277226880.484,4.63,-3,-3,-3,-3,-3,5.02738,5.02738,5.02738
NHP15,0,2.67761,279716051.749,4.18,-3,-3,-3,-3,-3,5.02738,5.02738,5.02738
NHP15,1,6.05425,279716051.749,4.18,7.26809,6.87677,6.33835,6.3219,6.34986,-0.251568,-0.237002,-0.261761
NHP15,2,4.29975,279716051.749,4.18,7.0607,6.41766,5.64616,5.62525,5.66279,-1.19221,-1.1737,-1.20694
NHP15,3,4.04861,279716051.749,4.18,6.52632,5.78576,4.87606,4.85106,4.89756,-0.732684,-0.710544,-0.751725
NHP15,4,3.46965,279716051.749,4.18,5.85777,5.10247,4.0902,4.06112,4.11658,-0.549481,-0.523732,-0.572837
NHP15,5,2.89081,279716051.749,4.18,5.13588,4.40653,3.30052,3.26731,3.33182,-0.362787,-0.333383,-0.390501
NHP15,7,2.67761,279716051.749,4.18,3.64599,3.00872,1.71884,1.67732,1.76007,0.848966,0.885734,0.812459
NHP15,10,2.67761,279716051.749,4.18,1.39465,0.910806,-0.654419,-0.708489,-0.598255,2.95043,2.99831,2.9007
NHP15,14,2.67761,279716051.749,4.18,-1.60811,-1.88646,-3,-3,-3,5.02738,5.02738,5.02738
NHP15,23,2.67761,279716051.749,4.18,-3,-3,-3,-3,-3,5.02738,5.02738,5.02738
NHP15,29,2.67761,279716051.749,4.18,-3,-3,-3,-3,-3,5.02738,5.02738,5.02738
NHP16,0,2.67761,277226880.484,5.03,-3,-3,-3,-3,-3,5.02738,5.02738,5.02738
NHP16,1,2.67761,277226880.484,5.03,6.97812,3.3159,3.30183,3.28587,3.33604,-0.552737,-0.538602,-0.583028
NHP16,2,3.63067,277226880.484,5.03,6.90292,2.8506,2.77872,2.75357,2.89207,0.754382,0.776651,0.654013
NHP16,4,2.67761,277226880.484,5.03,6.04886,1.37652,1.14753,1.09788,1.47697,1.35485,1.39881,1.06314
NHP16,5,2.67761,277226880.484,5.03,5.48527,0.574778,0.250855,0.186293,0.710425,2.14883,2.206,1.74189
NHP16,7,2.67761,277226880.484,5.03,4.3045,-1.05482,-1.58677,-1.68474,-0.843789,3.776,3.86275,3.11811
NHP16,9,2.67761,277226880.484,5.03,3.11213,-2.69252,-3,-3,-2.40385,5.02738,5.02738,4.49951
NHP16,14,2.67761,277226880.484,5.03,0.129218,-3,-3,-3,-3,5.02738,5.02738,5.02738
NHP16,23,2.67761,277226880.484,5.03,-3,-3,-3,-3,-3,5.02738,5.02738,5.02738
NHP17,0,2.67761,279716051.749,5.78,-3,-3,-3,-3,-3,5.02738,5.02738,5.02738
NHP17,1,6.93938,279716051.749,5.78,6.98021,6.98021,6.8981,6.90168,6.8578,0.0365527,0.0333872,0.0722412
NHP17,2,7.12591,279716051.749,5.78,6.90248,6.90248,6.73533,6.73948,6.66835,0.345844,0.342169,0.405158
NHP17,3,5.65293,279716051.749,5.78,6.5462,6.5462,6.32988,6.33158,6.25613,-0.59942,-0.60093,-0.534116
NHP17,4,5.24824,279716051.749,5.78,6.04445,6.04445,5.80518,5.80312,5.73792,-0.49316,-0.491331,-0.433603
NHP17,5,5.10868,279716051.749,5.78,5.47961,5.47961,5.23329,5.22686,5.17888,-0.110333,-0.104647,-0.0621594
NHP17,7,2.67761,279716051.749,5.78,4.29682,4.29682,4.05514,4.0396,4.03146,-1.21977,-1.20601,-1.19881
NHP17,10,2.67761,279716051.749,5.78,2.50507,2.50507,2.2779,2.24867,2.30151,0.353929,0.379809,0.333027
NHP17,14,2.67761,279716051.749,5.78,0.114963,0.114963,-0.0923763,-0.139842,-0.0057063,2.45275,2.49478,2.37601
NHP17,23,2.67761,279716051.749,5.78,-3,-3,-3,-3,-3,5.02738,5.02738,5.02738
NHP17,29,2.67761,279716051.749,5.78,-3,-3,-3,-3,-3,5.02738,5.02738,5.02738
NHP18,0,2.67761,279716051.749,4.84,-3,-3,-3,-3,-3,5.02738,5.02738,5.02738
NHP18,1,6.07915,279716051.749,4.84,6.98021,6.58441,6.97479,6.97102,6.94787,-0.793067,-0.789733,-0.769231
NHP18,2,7.88521,279716051.749,4.84,6.90248,6.20978,6.82872,6.81475,6.79133,0.935499,0.947873,0.968603
NHP18,3,6.52466,279716051.749,4.84,6.5462,5.72347,6.39766,6.37372,6.36263,0.112455,0.133656,0.14348
NHP18,4,5.89468,279716051.749,4.84,6.04445,5.20079,5.82829,5.79614,5.80184,0.0587808,0.0872551,0.0822057
NHP18,7,2.67761,279716051.749,4.84,4.29682,3.59073,3.91298,3.8613,3.92474,-1.09389,-1.04813,-1.10431
NHP18,10,2.67761,279716051.749,4.84,2.50507,1.97429,1.96627,1.89642,2.01871,0.629869,0.691726,0.583438
NHP18,14,2.67761,279716051.749,4.84,0.114963,-0.181155,-0.629813,-0.72385,-0.523155,2.92864,3.01191,2.8342
NHP18,23,2.67761,279716051.749,4.84,-3,-3,-3,-3,-3,5.02738,5.02738,5.02738
NHP18,29,2.67761,279716051.749,4.84,-3,-3,-3,-3,-3,5.02738,5.02738,5.02738
NHP19,0,2.67761,277226880.484,4.23,-3,-3,-3,-3,-3,5.02738,5.02738,5.02738
NHP19,1,7.48514,277226880.484,4.23,7.26677,7.26677,7.45862,7.45217,7.44582,0.0234797,0.0291908,0.0348186
NHP19,2,8.90729,277226880.484,4.23,7.06197,7.06197,7.45282,7.44025,7.44675,1.2879,1.29903,1.29327
NHP19,3,7.18282,277226880.484,4.23,6.52924,6.52924,7.17857,7.16106,7.176,0.00375895,0.0192652,0.00603535
NHP19,4,7.1237,277226880.484,4.23,5.86167,5.86167,6.84371,6.82122,6.8419,0.247932,0.267846,0.249528
NHP19,5,6.62438,277226880.484,4.23,5.14048,5.14048,6.49757,6.46998,6.49579,0.112289,0.136719,0.113869
NHP19,7,8.30593,277226880.484,4.23,3.65178,3.65178,5.8013,5.76342,5.79921,2.21778,2.25133,2.21964
NHP19,9,4.87013,277226880.484,4.23,2.15224,2.15224,5.10466,5.05646,5.1022,-0.207673,-0.164992,-0.205499
NHP19,14,2.67761,277226880.484,4.23,-1.59829,-1.59829,3.36303,3.28904,3.35967,-0.606922,-0.541407,-0.603947
NHP19,23,2.67761,277226880.484,4.23,-3,-3,0.228076,0.10767,0.223083,2.169,2.27562,2.17342
NHP2,0,2.67761,277226880.484,5.41,-3,-3,-3,-3,-3,5.02738,5.02738,5.02738
NHP2,1,8.11486,277226880.484,5.41,6.97812,6.97812,7.12706,7.11521,7.12505,0.874673,0.885165,0.876452
NHP2,2,8.69263,277226880.484,5.41,6.90292,6.90292,7.18271,7.16791,7.19019,1.33699,1.3501,1.33037
NHP2,3,7.68783,277226880.484,5.41,6.54895,6.54895,6.92792,6.91273,6.94818,0.672882,0.686328,0.654938
NHP2,4,6.618,277226880.484,5.41,6.04886,6.04886,6.54044,6.52292,6.57563,0.0686776,0.0841891,0.0375194
NHP2,5,5.68072,277226880.484,5.41,5.48527,5.48527,6.10784,6.08604,6.15947,-0.378199,-0.358902,-0.423918
NHP2,7,6.43414,277226880.484,5.41,4.3045,4.3045,5.21056,5.17776,5.29692,1.08345,1.11249,1.00698
NHP2,9,2.67761,277226880.484,5.41,3.11213,3.11213,4.30615,4.26158,4.42775,-1.44204,-1.40257,-1.54971
NHP2,14,2.67761,277226880.484,5.41,0.129218,0.129218,2.04323,1.96897,2.25299,0.561725,0.627482,0.375985
NHP2,23,2.67761,277226880.484,5.41,-3,-3,-2.0302,-2.15792,-1.66175,4.16865,4.28174,3.8424
NHP20,0,2.67761,279716051.749,5.08,-3,-3,-3,-3,-3,5.02738,5.02738,5.02738
NHP20,1,5.29104,279716051.749,5.08,6.98021,4.68799,4.835,4.82625,4.82849,0.403804,0.411552,0.40957
NHP20,2,6.45138,279716051.749,5.08,6.90248,4.23513,4.57398,4.57329,4.57194,1.66239,1.66301,1.6642
NHP20,3,5.69247,279716051.749,5.08,6.5462,3.5651,4.14447,4.15357,4.14784,1.37071,1.36265,1.36773
NHP20,4,4.26118,279716051.749,5.08,6.04445,2.83925,3.68559,3.70519,3.69474,0.509666,0.492316,0.501569
NHP20,5,5.21907,279716051.749,5.08,5.47961,2.09849,3.22183,3.25209,3.23684,1.76851,1.74171,1.75521
NHP20,7,2.67761,279716051.749,5.08,4.29682,0.609339,2.2928,2.34448,2.31958,0.340738,0.294973,0.317023
NHP20,10,2.67761,279716051.749,5.08,2.50507,-1.62554,0.899082,0.982912,0.943534,1.57484,1.50061,1.53548
NHP20,14,2.67761,279716051.749,5.08,0.114963,-3,-0.959179,-0.832501,-0.89118,3.22029,3.10812,3.16007
NHP20,23,2.67761,279716051.749,5.08,-3,-3,-3,-3,-3,5.02738,5.02738,5.02738
NHP20,29,2.67761,279716051.749,5.08,-3,-3,-3,-3,-3,5.02738,5.02738,5.02738
NHP21,0,2.67761,279716051.749,5.29,-3,-3,-3,-3,-3,5.02738,5.02738,5.02738
NHP21,1,5.27088,279716051.749,5.29,6.98021,4.68799,4.31225,4.29385,4.40942,0.848842,0.865136,0.762802
NHP21,2,5.44505,279716051.749,5.29,6.90248,4.23513,3.48107,3.45433,3.65012,1.73906,1.76273,1.58937
NHP21,3,2.67761,279716051.749,5.29,6.5462,3.5651,2.43837,2.40668,2.65533,0.211842,0.239898,0.0197301
NHP21,4,2.67761,279716051.749,5.29,6.04445,2.83925,1.33431,1.29847,1.59025,1.18945,1.22119,0.962827
NHP21,5,2.67761,279716051.749,5.29,5.47961,2.09849,0.207634,0.167478,0.501547,2.1871,2.22266,1.92685
NHP21,7,2.67761,279716051.749,5.29,4.29682,0.609339,-2.06805,-2.11783,-1.69304,4.20216,4.24624,3.8701
NHP21,10,2.67761,279716051.749,5.29,2.50507,-1.62554,-3,-3,-3,5.02738,5.02738,5.02738
NHP21,14,2.67761,279716051.749,5.29,0.114963,-3,-3,-3,-3,5.02738,5.02738,5.02738
NHP21,23,2.67761,279716051.749,5.29,-3,-3,-3,-3,-3,5.02738,5.02738,5.02738
NHP21,29,2.67761,279716051.749,5.29,-3,-3,-3,-3,-3,5.02738,5.02738,5.02738
NHP22,0,2.67761,279716051.749,4.45,-3,-3,-3,-3,-3,5.02738,5.02738,5.02738
NHP22,1,2.93677,279716051.749,4.45,7.26809,5.04072,4.21746,4.19013,4.32387,-1.13402,-1.10982,-1.22825
NHP22,2,3.02216,279716051.749,4.45,7.0607,4.59419,3.27153,3.24205,3.39445,-0.220812,-0.194713,-0.32966
NHP22,3,2.67761,279716051.749,4.45,6.52632,3.93889,2.17541,2.14449,2.30694,0.444687,0.472064,0.328213
NHP22,4,2.67761,279716051.749,4.45,5.85777,3.23495,1.02757,0.995029,1.16775,1.46107,1.48988,1.33694
NHP22,5,2.67761,279716051.749,4.45,5.13588,2.52011,-0.144721,-0.179176,0.00522089,2.4991,2.52961,2.36633
NHP22,7,2.67761,279716051.749,4.45,3.64599,1.08646,-2.52333,-2.5624,-2.35039,4.60531,4.6399,4.45217
NHP22,10,2.67761,279716051.749,4.45,1.39465,-1.06416,-3,-3,-3,5.02738,5.02738,5.02738
NHP22,14,2.67761,279716051.749,4.45,-1.60811,-3,-3,-3,-3,5.02738,5.02738,5.02738
NHP22,23,2.67761,279716051.749,4.45,-3,-3,-3,-3,-3,5.02738,5.02738,5.02738
NHP22,29,2.67761,279716051.749,4.45,-3,-3,-3,-3,-3,5.02738,5.02738,5.02738
NHP23,0,2.67761,277226880.484,4.2,-3,-3,-3,-3,-3,5.02738,5.02738,5.02738
NHP23,1,2.87737,277226880.484,4.2,7.26677,2.60572,2.80706,2.80259,2.79362,0.0622648,0.0662179,0.0741626
NHP23,2,3.5798,277226880.484,4.2,7.06197,2.13964,2.61276,2.61062,2.60055,0.856284,0.858181,0.867101
NHP23,3,2.67761,277226880.484,4.2,6.52924,1.43818,2.25899,2.25978,2.24832,0.370674,0.36998,0.380123
NHP23,4,3.04435,277226880.484,4.2,5.86167,0.662245,1.87825,1.88221,1.86925,1.03256,1.02905,1.04052
NHP23,5,2.67761,277226880.484,4.2,5.14048,-0.142284,1.49294,1.50016,1.48567,1.04899,1.0426,1.05543
NHP23,7,2.67761,277226880.484,4.2,3.65178,-1.7788,0.720773,0.734548,0.716956,1.73273,1.72053,1.73611
NHP23,9,2.67761,277226880.484,4.2,2.15224,-3,-0.0515353,-0.0312039,-0.0518933,2.41659,2.39859,2.41691
NHP23,14,2.67761,277226880.484,4.2,-1.59829,-3,-1.98229,-1.94557,-1.974,4.12623,4.09371,4.11889
NHP23,23,2.67761,277226880.484,4.2,-3,-3,-3,-3,-3,5.02738,5.02738,5.02738
NHP24,0,2.67761,279716051.749,4.29,-3,-3,-3,-3,-3,5.02738,5.02738,5.02738
NHP24,1,6.60313,279716051.749,4.29,7.26809,7.26809,6.6456,6.63199,6.62942,-0.0376066,-0.0255566,-0.023279
NHP24,2,6.88481,279716051.749,4.29,7.0607,7.0607,6.10579,6.10379,6.08942,0.689799,0.691573,0.704293
NHP24,3,6.70148,279716051.749,4.29,6.52632,6.52632,5.46527,5.47965,5.45225,1.09463,1.0819,1.10616
NHP24,4,5.36674,279716051.749,4.29,5.85777,5.85777,4.801,4.8328,4.79241,0.500952,0.472787,0.508552
NHP24,5,4.09461,279716051.749,4.29,5.13588,5.13588,4.13125,4.18062,4.12734,-0.0324405,-0.0761646,-0.0289836
NHP24,7,2.67761,279716051.749,4.29,3.64599,3.64599,2.78907,2.87359,2.79463,-0.0986991,-0.173535,-0.103618
NHP24,10,2.67761,279716051.749,4.29,1.39465,1.39465,0.775226,0.912421,0.794986,1.68451,1.56303,1.66702
NHP24,14,2.67761,279716051.749,4.29,-1.60811,-1.60811,-1.90989,-1.70246,-1.87118,4.06212,3.87844,4.02784
NHP24,23,2.67761,279716051.749,4.29,-3,-3,-3,-3,-3,5.02738,5.02738,5.02738
NHP24,29,2.67761,279716051.749,4.29,-3,-3,-3,-3,-3,5.02738,5.02738,5.02738
NHP25,0,2.67761,279716051.749,5.92,-3,-3,-3,-3,-3,5.02738,5.02738,5.02738
NHP25,1,7.66239,279716051.749,5.92,6.98021,6.98021,7.12683,7.12376,7.14437,0.474222,0.47694,0.458694
NHP25,2,8.66695,279716051.749,5.92,6.90248,6.90248,7.18759,7.17401,7.2065,1.30994,1.32197,1.2932
NHP25,3,7.30899,279716051.749,5.92,6.5462,6.5462,6.9399,6.91647,6.96151,0.326818,0.34757,0.307686
NHP25,4,5.33231,279716051.749,5.92,6.04445,6.04445,6.55955,6.52768,6.59424,-1.08669,-1.05847,-1.11741
NHP25,5,5.13204,279716051.749,5.92,5.47961,5.47961,6.13402,6.09413,6.18887,-0.887232,-0.851909,-0.9358
NHP25,7,6.67645,279716051.749,5.92,4.29682,4.29682,5.25093,5.1951,5.35375,1.26227,1.3117,1.17122
NHP25,10,4.48878,279716051.749,5.92,2.50507,2.50507,3.91521,3.8355,4.0934,0.507885,0.578465,0.3501
NHP25,14,3.80698,279716051.749,5.92,0.114963,0.114963,2.13309,2.02157,2.41216,1.48218,1.58093,1.23508
NHP25,23,2.67761,279716051.749,5.92,-3,-3,-1.87674,-2.05983,-1.37069,4.03277,4.19489,3.58467
NHP25,29,2.67761,279716051.749,5.92,-3,-3,-3,-3,-3,5.02738,5.02738,5.02738
NHP26,0,2.67761,279716051.749,4.35,-3,-3,-3,-3,-3,5.02738,5.02738,5.02738
NHP26,1,6.88538,279716051.749,4.35,7.26809,6.87677,7.04794,7.1111,7.15304,-0.143941,-0.199865,-0.237007
NHP26,2,6.92821,279716051.749,4.35,7.0607,6.41766,6.53907,6.64001,6.70744,0.34458,0.255196,0.195486
NHP26,3,6.01803,279716051.749,4.35,6.52632,5.78576,5.76445,5.87401,5.95171,0.224542,0.127523,0.0587252
NHP26,4,2.67761,279716051.749,4.35,5.85777,5.10247,4.90361,5.00189,5.07803,-1.97107,-2.0581,-2.12552
NHP26,5,4.54001,279716051.749,4.35,5.13588,4.40653,4.02048,4.09706,4.16298,0.460035,0.392225,0.333859
NHP26,7,2.67761,279716051.749,4.35,3.64599,3.00872,2.24552,2.27184,2.30807,0.382606,0.3593,0.327216
NHP26,10,2.67761,279716051.749,4.35,1.39465,0.910806,-0.41786,-0.467228,-0.47705,2.74096,2.78468,2.79337
NHP26,14,2.67761,279716051.749,4.35,-1.60811,-1.88646,-3,-3,-3,5.02738,5.02738,5.02738
NHP26,23,2.67761,279716051.749,4.35,-3,-3,-3,-3,-3,5.02738,5.02738,5.02738
NHP26,29,2.67761,279716051.749,4.35,-3,-3,-3,-3,-3,5.02738,5.02738,5.02738
NHP27,0,2.67761,277226880.484,4.1,-3,-3,-3,-3,-3,5.02738,5.02738,5.02738
NHP27,1,2.67761,277226880.484,4.1,7.26677,3.66809,3.53663,3.52814,3.60153,-0.760642,-0.753127,-0.818115
NHP27,2,3.58506,277226880.484,4.1,7.06197,3.20309,2.88694,2.8796,3.05283,0.618173,0.624668,0.47128
NHP27,3,3.19303,277226880.484,4.1,6.52924,2.50357,1.96942,1.96326,2.24965,1.08347,1.08893,0.835334
NHP27,4,2.67761,277226880.484,4.1,5.86167,1.7309,0.947537,0.942545,1.35528,1.53193,1.53635,1.17089
NHP27,7,2.67761,277226880.484,4.1,3.65178,-0.694956,-2.36517,-2.36681,-1.50647,4.46526,4.46671,3.7049
NHP27,9,2.67761,277226880.484,4.1,2.15224,-2.32838,-3,-3,-3,5.02738,5.02738,5.02738
NHP27,14,2.67761,277226880.484,4.1,-1.59829,-3,-3,-3,-3,5.02738,5.02738,5.02738
NHP27,23,2.67761,277226880.484,4.1,-3,-3,-3,-3,-3,5.02738,5.02738,5.02738
NHP28,0,2.67761,279716051.749,4.31,-3,-3,-3,-3,-3,5.02738,5.02738,5.02738
NHP28,1,6.29539,279716051.749,4.31,7.26809,7.26809,7.10834,7.0951,7.05985,-0.719848,-0.708122,-0.67691
NHP28,2,7.15607,279716051.749,4.31,7.0607,7.0607,6.8273,6.80002,6.75049,0.29112,0.315273,0.359131
NHP28,3,6.28532,279716051.749,4.31,6.52632,6.52632,6.26848,6.23214,6.1869,0.0149137,0.0470907,0.0871543
NHP28,4,5.04278,279716051.749,4.31,5.85777,5.85777,5.59416,5.55285,5.5224,-0.488232,-0.451656,-0.424689
NHP28,5,5.19899,279716051.749,4.31,5.13588,5.13588,4.88159,4.8375,4.82659,0.281045,0.320092,0.329745
NHP28,7,2.67761,279716051.749,4.31,3.64599,3.64599,3.4355,3.38754,3.41867,-0.671092,-0.62863,-0.656197
NHP28,10,2.67761,279716051.749,4.31,1.39465,1.39465,1.26254,1.20918,1.30365,1.253,1.30026,1.21661
NHP28,14,2.67761,279716051.749,4.31,-1.60811,-1.60811,-1.63481,-1.69539,-1.51648,3.81854,3.87218,3.71376
NHP28,23,2.67761,279716051.749,4.31,-3,-3,-3,-3,-3,5.02738,5.02738,5.02738
NHP28,29,2.67761,279716051.749,4.31,-3,-3,-3,-3,-3,5.02738,5.02738,5.02738
NHP29,0,2.67761,277226880.484,4.62,-3,-3,-3,-3,-3,5.02738,5.02738,5.02738
NHP29,1,2.67761,277226880.484,4.62,6.97812,2.25371,2.50943,2.50455,2.49731,0.148918,0.153235,0.159647
NHP29,2,4.03088,277226880.484,4.62,6.90292,1.78743,2.42828,2.41938,2.41406,1.41906,1.42694,1.43166
NHP29,3,2.67761,277226880.484,4.62,6.54895,1.0859,2.21526,2.20143,2.19846,0.409398,0.421645,0.424273
NHP29,4,2.67761,277226880.484,4.62,6.04886,0.309866,1.98538,1.96633,1.96586,0.612947,0.629816,0.630234
NHP29,5,2.67761,277226880.484,4.62,5.48527,-0.494807,1.75347,1.72914,1.73119,0.818303,0.839845,0.83803
NHP29,7,3.46132,277226880.484,4.62,4.3045,-2.13167,1.28916,1.25425,1.26136,1.9234,1.95431,1.94802
NHP29,9,2.67761,277226880.484,4.62,3.11213,-3,0.824815,0.779333,0.791496,1.6406,1.68088,1.67011
NHP29,14,2.67761,277226880.484,4.62,0.129218,-3,-0.336031,-0.407956,-0.383152,2.6685,2.73219,2.71023
NHP29,23,2.67761,277226880.484,4.62,-3,-3,-2.42555,-2.54507,-2.49751,4.51872,4.62455,4.58244
NHP3,0,2.67761,279716051.749,5.61,-3,-3,-3,-3,-3,5.02738,5.02738,5.02738
NHP3,1,7.15801,279716051.749,5.61,6.98021,6.98021,7.05327,7.07399,7.05549,0.0927454,0.0744027,0.0907824
NHP3,2,8.11821,279716051.749,5.61,6.90248,6.90248,7.10288,7.12234,7.12552,0.899054,0.881823,0.879009
NHP3,3,7.95986,279716051.749,5.61,6.5462,6.5462,6.86056,6.87219,6.90689,0.973408,0.963109,0.93238
NHP3,4,6.79977,279716051.749,5.61,6.04445,6.04445,6.46453,6.4745,6.53654,0.296848,0.288027,0.233086
NHP3,5,8.26243,279716051.749,5.61,5.47961,5.47961,6.00309,6.01782,6.10273,2.00059,1.98755,1.91236
NHP3,7,5.52546,279716051.749,5.61,4.29682,4.29682,5.0215,5.05457,5.17923,0.44624,0.41696,0.30658
NHP3,10,2.67761,279716051.749,5.61,2.50507,2.50507,3.52464,3.58976,3.77046,-0.750027,-0.807688,-0.967699
NHP3,14,2.67761,279716051.749,5.61,0.114963,0.114963,1.52618,1.63453,1.88936,1.01956,0.923617,0.697976
NHP3,23,2.67761,279716051.749,5.61,-3,-3,-2.97049,-2.76492,-2.34331,5.00125,4.81923,4.4459
NHP3,29,2.67761,279716051.749,5.61,-3,-3,-3,-3,-3,5.02738,5.02738,5.02738
NHP30,0,2.67761,277226880.484,4.99,-3,-3,-3,-3,-3,5.02738,5.02738,5.02738
NHP30,1,4.17963,277226880.484,4.99,6.97812,3.3159,3.47708,3.47447,3.48104,0.622092,0.624402,0.61858
NHP30,2,5.61661,277226880.484,4.99,6.90292,2.8506,3.18358,3.19469,3.22439,2.15438,2.14455,2.11825
NHP30,3,2.67761,277226880.484,4.99,6.54895,2.15037,2.70377,2.73242,2.79165,-0.0231625,-0.0485348,-0.10098
NHP30,4,2.67761,277226880.484,4.99,6.04886,1.37652,2.18404,2.23232,2.32439,0.437045,0.394289,0.312766
NHP30,5,2.67761,277226880.484,4.99,5.48527,0.574778,1.65526,1.724,1.85013,0.905266,0.8444,0.73271
NHP30,7,2.67761,277226880.484,4.99,4.3045,-1.05482,0.593366,0.703596,0.898682,1.84555,1.74794,1.5752
NHP30,9,2.67761,277226880.484,4.99,3.11213,-2.69252,-0.469099,-0.317273,-0.0531017,2.78633,2.65189,2.41798
NHP30,14,2.67761,277226880.484,4.99,0.129218,-3,-3,-2.86946,-2.43256,5.02738,4.91179,4.52493
NHP30,23,2.67761,277226880.484,4.99,-3,-3,-3,-3,-3,5.02738,5.02738,5.02738
NHP31,0,2.67761,279716051.749,4.16,-3,-3,-3,-3,-3,5.02738,5.02738,5.02738
NHP31,1,4.94395,279716051.749,4.16,7.26809,7.26809,6.64218,6.64168,6.61174,-1.50374,-1.5033,-1.47679
NHP31,2,4.68351,279716051.749,4.16,7.0607,7.0607,6.07576,6.08877,6.04779,-1.2328,-1.24432,-1.20804
NHP31,4,4.4279,279716051.749,4.16,5.85777,5.85777,4.71085,4.75464,4.70443,-0.250549,-0.289327,-0.244864
NHP31,5,3.66557,279716051.749,4.16,5.13588,5.13588,4.01114,4.07033,4.01694,-0.305993,-0.358402,-0.311126
NHP31,7,3.82357,279716051.749,4.16,3.64599,3.64599,2.60924,2.69914,2.63963,1.07525,0.99565,1.04835
NHP31,10,2.67761,279716051.749,4.16,1.39465,1.39465,0.505866,0.641809,0.573163,1.92302,1.80265,1.86343
NHP31,14,2.67761,279716051.749,4.16,-1.60811,-1.60811,-2.29863,-2.10136,-2.18215,4.40634,4.23166,4.3032
NHP31,23,2.67761,279716051.749,4.16,-3,-3,-3,-3,-3,5.02738,5.02738,5.02738
NHP31,29,2.67761,279716051.749,4.16,-3,-3,-3,-3,-3,5.02738,5.02738,5.02738
NHP32,0,2.67761,277226880.484,4.88,-3,-3,-3,-3,-3,5.02738,5.02738,5.02738
NHP32,1,2.67761,277226880.484,4.88,6.97812,2.25371,2.46213,2.44687,2.45431,0.190797,0.204313,0.197724
NHP32,3,3.87332,277226880.484,4.88,6.54895,1.0859,1.94341,1.93174,1.97502,1.7089,1.71923,1.6809
NHP32,4,2.67761,277226880.484,4.88,6.04886,0.309866,1.58046,1.57097,1.63579,0.971501,0.979904,0.922503
NHP32,5,2.67761,277226880.484,4.88,5.48527,-0.494807,1.21335,1.20608,1.29289,1.29657,1.303,1.22613
NHP32,7,2.67761,277226880.484,4.88,4.3045,-2.13167,0.477771,0.474976,0.605968,1.9479,1.95038,1.83439
NHP32,9,2.67761,277226880.484,4.88,3.11213,-3,-0.25792,-0.256243,-0.0810497,2.59934,2.59785,2.44272
NHP32,14,2.67761,277226880.484,4.88,0.129218,-3,-2.09713,-2.08427,-1.79858,4.22792,4.21653,3.96355
NHP32,23,2.67761,277226880.484,4.88,-3,-3,-3,-3,-3,5.02738,5.02738,5.02738
NHP33,0,2.67761,279716051.749,4.04,-3,-3,-3,-3,-3,5.02738,5.02738,5.02738
NHP33,1,4.79573,279716051.749,4.04,7.26809,6.87677,6.75359,6.71288,6.5692,-1.73363,-1.69759,-1.57036
NHP33,2,6.25168,279716051.749,4.04,7.0607,6.41766,6.19936,6.14915,5.97297,0.0463341,0.0907942,0.246798
NHP33,3,5.32285,279716051.749,4.04,6.52632,5.78576,5.5099,5.46137,5.28377,-0.165624,-0.122652,0.0346061
NHP33,4,4.84668,279716051.749,4.04,5.85777,5.10247,4.78692,4.7438,4.57459,0.0529213,0.0910969,0.240935
NHP33,5,5.89199,279716051.749,4.04,5.13588,4.40653,4.05654,4.01969,3.86104,1.62525,1.65788,1.79836
NHP33,7,2.67761,279716051.749,4.04,3.64599,3.00872,2.59252,2.56853,2.4319,0.075343,0.0965873,0.217568
NHP33,10,2.67761,279716051.749,4.04,1.39465,0.910806,0.395833,0.391179,0.287737,2.02046,2.02458,2.11617
NHP33,14,2.67761,279716051.749,4.04,-1.60811,-1.88646,-2.53304,-2.51191,-2.57112,4.6139,4.59519,4.64762
NHP33,23,2.67761,279716051.749,4.04,-3,-3,-3,-3,-3,5.02738,5.02738,5.02738
NHP33,29,2.67761,279716051.749,4.04,-3,-3,-3,-3,-3,5.02738,5.02738,5.02738
NHP34,0,2.67761,279716051.749,4.99,-3,-3,-3,-3,-3,5.02738,5.02738,5.02738
NHP34,1,5.317,279716051.749,4.99,6.98021,4.68799,4.99571,4.99797,4.98986,0.284493,0.282496,0.28967
NHP34,2,4.98976,279716051.749,4.99,6.90248,4.23513,4.95495,4.95203,4.94505,0.030823,0.0334018,0.0395868
NHP34,3,4.30523,279716051.749,4.99,6.5462,3.5651,4.79601,4.78696,4.78121,-0.43457,-0.42656,-0.421468
NHP34,4,3.68241,279716051.749,4.99,6.04445,2.83925,4.62473,4.60932,4.60482,-0.834405,-0.820754,-0.816774
NHP34,5,3.6152,279716051.749,4.99,5.47961,2.09849,4.45232,4.4305,4.42726,-0.74125,-0.721927,-0.719059
NHP34,7,4.27602,279716051.749,4.99,4.29682,0.609339,4.10732,4.07268,4.07195,0.149382,0.180056,0.180701
NHP34,10,2.67761,279716051.749,4.99,2.50507,-1.62554,3.58981,3.53594,3.53897,-0.80773,-0.76003,-0.76272
NHP34,14,2.67761,279716051.749,4.99,0.114963,-3,2.89978,2.82027,2.82833,-0.196729,-0.126328,-0.133465
NHP34,23,2.67761,279716051.749,4.99,-3,-3,1.34723,1.21004,1.2294,1.17801,1.2995,1.28235
NHP34,29,2.67761,279716051.749,4.99,-3,-3,0.312192,0.136542,0.163436,2.09452,2.25005,2.22624
NHP4,0,2.67761,279716051.749,4.92,-3,-3,-3,-3,-3,5.02738,5.02738,5.02738
NHP4,2,2.67761,279716051.749,4.92,6.90248,4.23513,3.38962,3.48984,3.65365,-0.630474,-0.719211,-0.864262
NHP4,4,2.67761,279716051.749,4.92,6.04445,2.83925,1.21213,1.34599,1.59621,1.29765,1.17911,0.957547
NHP4,5,2.67761,279716051.749,4.92,5.47961,2.09849,0.0712745,0.220727,0.508562,2.30784,2.17551,1.92064
NHP4,7,2.67761,279716051.749,4.92,4.29682,0.609339,-2.23591,-2.0518,-1.68386,4.3508,4.18777,3.86197
NHP4,10,2.67761,279716051.749,4.92,2.50507,-1.62554,-3,-3,-3,5.02738,5.02738,5.02738
NHP4,14,2.67761,279716051.749,4.92,0.114963,-3,-3,-3,-3,5.02738,5.02738,5.02738
NHP4,23,2.67761,279716051.749,4.92,-3,-3,-3,-3,-3,5.02738,5.02738,5.02738
NHP4,29,2.67761,279716051.749,4.92,-3,-3,-3,-3,-3,5.02738,5.02738,5.02738
NHP5,0,2.67761,279716051.749,5.01,-3,-3,-3,-3,-3,5.02738,5.02738,5.02738
NHP5,1,5.36443,279716051.749,5.01,6.98021,6.58441,6.25269,6.24132,6.24854,-0.786534,-0.776473,-0.782859
NHP5,2,6.47786,279716051.749,5.01,6.90248,6.20978,5.68746,5.67252,5.68963,0.69988,0.713116,0.697957
NHP5,3,5.24643,279716051.749,5.01,6.5462,5.72347,5.05684,5.03884,5.06662,0.167875,0.183813,0.159218
NHP5,4,4.73125,279716051.749,5.01,6.04445,5.20079,4.41342,4.39259,4.43111,0.281431,0.299868,0.265762
NHP5,5,5.80574,279716051.749,5.01,5.47961,4.66669,3.76713,3.74355,3.7928,1.80514,1.82602,1.7824
NHP5,7,2.67761,279716051.749,5.01,4.29682,3.59073,2.47314,2.44406,2.51479,0.181052,0.206797,0.144172
NHP5,10,2.67761,279716051.749,5.01,2.50507,1.97429,0.53183,0.494526,0.597447,1.90003,1.93307,1.84193
NHP5,14,2.67761,279716051.749,5.01,0.114963,-0.181155,-2.05659,-2.10487,-1.95902,4.19202,4.23477,4.10562
NHP5,23,2.67761,279716051.749,5.01,-3,-3,-3,-3,-3,5.02738,5.02738,5.02738
NHP5,29,2.67761,279716051.749,5.01,-3,-3,-3,-3,-3,5.02738,5.02738,5.02738
NHP6,0,2.67761,279716051.749,5.35,-3,-3,-3,-3,-3,5.02738,5.02738,5.02738
NHP6,1,6.00694,279716051.749,5.35,6.98021,6.58441,6.84599,6.84358,6.83908,-0.742952,-0.740821,-0.736839
NHP6,2,6.87935,279716051.749,5.35,6.90248,6.20978,6.5919,6.59056,6.58152,0.25453,0.255718,0.263722
NHP6,3,6.39902,279716051.749,5.35,6.5462,5.72347,6.11416,6.11438,6.10288,0.252231,0.252042,0.262225
NHP6,4,4.41886,279716051.749,5.35,6.04445,5.20079,5.54072,5.54248,5.53012,-0.993374,-0.994937,-0.983994
NHP6,5,5.68834,279716051.749,5.35,5.47961,4.66669,4.9346,4.93776,4.92532,0.667421,0.664621,0.675641
NHP6,7,2.67761,279716051.749,5.35,4.29682,3.59073,3.70203,3.70779,3.69575,-0.907106,-0.912205,-0.901538
NHP6,10,2.67761,279716051.749,5.35,2.50507,1.97429,1.84791,1.85749,1.84619,0.734678,0.726198,0.7362
NHP6,14,2.67761,279716051.749,5.35,0.114963,-0.181155,-0.624554,-0.609879,-0.620176,2.92398,2.91099,2.92011
NHP6,23,2.67761,279716051.749,5.35,-3,-3,-3,-3,-3,5.02738,5.02738,5.02738
NHP6,29,2.67761,279716051.749,5.35,-3,-3,-3,-3,-3,5.02738,5.02738,5.02738
NHP7,0,2.67761,277226880.484,5.39,-3,-3,-3,-3,-3,5.02738,5.02738,5.02738
NHP7,1,2.67761,277226880.484,5.39,6.97812,2.25371,2.22165,2.18267,2.29243,0.403742,0.438255,0.341061
NHP7,2,2.67761,277226880.484,5.39,6.90292,1.78743,1.69554,1.60572,1.88157,0.869592,0.949129,0.70487
NHP7,3,2.67761,277226880.484,5.39,6.54895,1.0859,0.919295,0.768399,1.25079,1.55694,1.69056,1.26341
NHP7,4,2.67761,277226880.484,5.39,6.04886,0.309866,0.0550322,-0.167033,0.557842,2.32223,2.51886,1.877
NHP7,5,2.67761,277226880.484,5.39,5.48527,-0.494807,-0.848687,-1.15124,-0.155457,3.12245,3.39035,2.50861
NHP7,7,2.67761,277226880.484,5.39,4.3045,-2.13167,-2.70421,-3,-1.59765,4.76547,5.02738,3.78564
NHP7,9,2.67761,277226880.484,5.39,3.11213,-3,-3,-3,-3,5.02738,5.02738,5.02738
NHP7,14,2.67761,277226880.484,5.39,0.129218,-3,-3,-3,-3,5.02738,5.02738,5.02738
NHP7,23,2.67761,277226880.484,5.39,-3,-3,-3,-3,-3,5.02738,5.02738,5.02738
NHP8,0,2.67761,277226880.484,4.74,-3,-3,-3,-3,-3,5.02738,5.02738,5.02738
NHP8,1,2.67761,277226880.484,4.74,6.97812,2.25371,2.00798,1.95232,2.11652,0.592937,0.642224,0.496827
NHP8,3,2.67761,277226880.484,4.74,6.54895,1.0859,0.226567,0.115585,0.573531,2.17034,2.26861,1.86311
NHP8,4,2.67761,277226880.484,4.74,6.04886,0.309866,-0.89166,-1.0187,-0.437828,3.1605,3.27299,2.75864
NHP8,5,2.67761,277226880.484,4.74,5.48527,-0.494807,-2.06006,-2.19848,-1.50577,4.19509,4.31766,3.70428
NHP8,7,2.67761,277226880.484,4.74,4.3045,-2.13167,-3,-3,-3,5.02738,5.02738,5.02738
NHP8,9,2.67761,277226880.484,4.74,3.11213,-3,-3,-3,-3,5.02738,5.02738,5.02738
NHP8,14,2.67761,277226880.484,4.74,0.129218,-3,-3,-3,-3,5.02738,5.02738,5.02738
NHP8,23,2.67761,277226880.484,4.74,-3,-3,-3,-3,-3,5.02738,5.02738,5.02738
NHP9,0,2.67761,279716051.749,5.89,-3,-3,-3,-3,-3,5.02738,5.02738,5.02738
NHP9,1,6.28217,279716051.749,5.89,6.98021,6.98021,7.05299,7.09745,7.14763,-0.682541,-0.72191,-0.766343
NHP9,2,8.74818,279716051.749,5.89,6.90248,6.90248,7.08215,7.14354,7.24776,1.47523,1.42087,1.32859
NHP9,3,7.32717,279716051.749,5.89,6.5462,6.5462,6.81604,6.88497,7.0457,0.452598,0.39156,0.249234
NHP9,4,4.88526,279716051.749,5.89,6.04445,6.04445,6.39668,6.48555,6.72381,-1.33833,-1.41701,-1.62799
NHP9,5,5.30661,279716051.749,5.89,5.47961,5.47961,5.91214,6.0335,6.36656,-0.536184,-0.643637,-0.938556
NHP9,7,5.72483,279716051.749,5.89,4.29682,4.29682,4.88462,5.08781,5.63126,0.743988,0.564063,0.0828572
NHP9,10,2.67761,279716051.749,5.89,2.50507,2.50507,3.31948,3.65361,4.52218,-0.568365,-0.864224,-1.63332
NHP9,14,2.67761,279716051.749,5.89,0.114963,0.114963,1.23026,1.73968,3.04271,1.28159,0.830509,-0.323294
NHP9,23,2.67761,279716051.749,5.89,-3,-3,-3,-2.56682,-0.28616,5.02738,4.64381,2.62434
NHP9,29,2.67761,279716051.749,5.89,-3,-3,-3,-3,-2.50541,5.02738,5.02738,4.58944
