id,time,y2,Inoc,Weight,popPred_medianCOV,popPred,indivPred_SAEM,indivPred_mean,indivPred_mode,indWRes_SAEM,indWRes_mean,indWRes_mode
NHP1,0,2.87448,277226880.484,5.55,-3,-3,-3,-3,-3,3.79605,3.79605,3.79605
NHP1,1,2.87448,277226880.484,5.55,5.32621,-0.698094,-0.444665,-0.418537,-0.459383,2.14481,2.12792,2.15432
NHP1,2,2.87448,277226880.484,5.55,4.90015,-1.8509,-1.10687,-1.09512,-1.16044,2.57272,2.56513,2.60734
NHP1,3,2.87448,277226880.484,5.55,4.1435,-3.08614,-1.79695,-1.8007,-1.89244,3.01865,3.02107,3.08035
NHP1,4,2.87448,277226880.484,5.55,3.26475,-4.34413,-2.49074,-2.51022,-2.62882,3.46697,3.47955,3.55619
NHP1,5,2.87448,277226880.484,5.55,2.35142,-4.64133,-3.18502,-3.22029,-3.36583,3.91561,3.9384,4.03244
NHP1,7,2.87448,277226880.484,5.55,0.507644,-4.64133,-4.57374,-4.64059,-4.64133,4.81298,4.85618,4.85666
NHP1,9,2.87448,277226880.484,5.55,-1.33825,-4.64133,-4.65043,-4.64133,-4.64133,4.86254,4.85666,4.85666
NHP1,14,2.87448,277226880.484,5.55,-4.64133,-4.64133,-4.65043,-4.64133,-4.64133,4.86254,4.85666,4.85666
NHP1,23,2.87448,277226880.484,5.55,-4.64133,-4.64133,-4.65043,-4.64133,-4.64133,4.86254,4.85666,4.85666
NHP10,0,2.87448,279716051.749,4.56,-3,-3,-3,-3,-3,3.79605,3.79605,3.79605
NHP10,1,5.01667,279716051.749,4.56,5.32759,5.32759,5.38971,5.38666,5.51631,-0.24106,-0.239087,-0.322863
NHP10,2,7.18589,279716051.749,4.56,4.89678,4.89678,5.05615,5.06133,5.26245,1.37622,1.37287,1.24291
NHP10,3,5.53634,279716051.749,4.56,4.13696,4.13696,4.37274,4.38881,4.67096,0.751912,0.741525,0.559204
NHP10,4,3.83233,279716051.749,4.56,3.25614,3.25614,3.55683,3.58498,3.98399,0.178022,0.15983,-0.098007
NHP10,5,4.41022,279716051.749,4.56,2.34118,2.34118,2.69943,2.73974,3.2718,1.1055,1.07945,0.735639
NHP10,7,2.87448,279716051.749,4.56,0.494444,0.494444,0.958491,1.02252,1.83059,1.2381,1.19672,0.674553
NHP10,10,2.87448,279716051.749,4.56,-2.27879,-2.27879,-1.65996,-1.56083,-0.337384,2.93013,2.86606,2.07548
NHP10,14,2.87448,279716051.749,4.56,-4.64133,-4.64133,-4.65043,-4.64133,-3.22871,4.86254,4.85666,3.94384
NHP10,23,2.87448,279716051.749,4.56,-4.64133,-4.64133,-4.65043,-4.64133,-4.64133,4.86254,4.85666,4.85666
NHP10,29,2.87448,279716051.749,4.56,-4.64133,-4.64133,-4.65043,-4.64133,-4.64133,4.86254,4.85666,4.85666
NHP11,0,2.87448,279716051.749,5.26,-3,-3,-3,-3,-3,3.79605,3.79605,3.79605
NHP11,1,2.87448,279716051.749,5.26,5.32759,1.43281,0.384746,0.37144,0.474069,1.60885,1.61745,1.55113
NHP11,2,2.87448,279716051.749,5.26,4.89678,0.328958,-1.61066,-1.62087,-1.50383,2.89827,2.90486,2.82923
NHP11,3,2.87448,279716051.749,5.26,4.13696,-0.822904,-3.58917,-3.59683,-3.45564,4.17677,4.18171,4.09048
NHP11,4,2.87448,279716051.749,5.26,3.25614,-1.97811,-4.65043,-4.64133,-4.64133,4.86254,4.85666,4.85666
NHP11,5,2.87448,279716051.749,5.26,2.34118,-3.13187,-4.65043,-4.64133,-4.64133,4.86254,4.85666,4.85666
NHP11,7,2.87448,279716051.749,5.26,0.494444,-4.64133,-4.65043,-4.64133,-4.64133,4.86254,4.85666,4.85666
NHP11,10,2.87448,279716051.749,5.26,-2.27879,-4.64133,-4.65043,-4.64133,-4.64133,4.86254,4.85666,4.85666
NHP11,14,2.87448,279716051.749,5.26,-4.64133,-4.64133,-4.65043,-4.64133,-4.64133,4.86254,4.85666,4.85666
NHP11,23,2.87448,279716051.749,5.26,-4.64133,-4.64133,-4.65043,-4.64133,-4.64133,4.86254,4.85666,4.85666
NHP11,29,2.87448,279716051.749,5.26,-4.64133,-4.64133,-4.65043,-4.64133,-4.64133,4.86254,4.85666,4.85666
NHP12,0,2.87448,277226880.484,5.92,-3,-3,-3,-3,-3,3.79605,3.79605,3.79605
NHP12,1,2.87448,277226880.484,5.92,5.32621,-2.34247,-2.88567,-2.85692,-2.5925,3.72217,3.70359,3.53272
NHP12,2,2.87448,277226880.484,5.92,4.90015,-3.49738,-4.65043,-4.64133,-4.14012,4.86254,4.85666,4.53279
NHP12,3,2.87448,277226880.484,5.92,4.1435,-4.64133,-4.65043,-4.64133,-4.64133,4.86254,4.85666,4.85666
NHP12,4,2.87448,277226880.484,5.92,3.26475,-4.64133,-4.65043,-4.64133,-4.64133,4.86254,4.85666,4.85666
NHP12,5,2.87448,277226880.484,5.92,2.35142,-4.64133,-4.65043,-4.64133,-4.64133,4.86254,4.85666,4.85666
NHP12,7,2.87448,277226880.484,5.92,0.507644,-4.64133,-4.65043,-4.64133,-4.64133,4.86254,4.85666,4.85666
NHP12,9,2.87448,277226880.484,5.92,-1.33825,-4.64133,-4.65043,-4.64133,-4.64133,4.86254,4.85666,4.85666
NHP12,14,2.87448,277226880.484,5.92,-4.64133,-4.64133,-4.65043,-4.64133,-4.64133,4.86254,4.85666,4.85666
NHP12,23,2.87448,277226880.484,5.92,-4.64133,-4.64133,-4.65043,-4.64133,-4.64133,4.86254,4.85666,4.85666
NHP13,0,2.87448,279716051.749,5.92,-3,-3,-3,-3,-3,3.79605,3.79605,3.79605
NHP13,1,4.2414,279716051.749,5.92,5.32759,5.32759,5.58298,5.58437,5.56564,-0.866921,-0.867814,-0.855715
NHP13,2,7.06629,279716051.749,5.92,4.89678,4.89678,5.32732,5.31811,5.32792,1.12371,1.12966,1.12332
NHP13,3,5.69188,279716051.749,5.92,4.13696,4.13696,4.75916,4.75154,4.77465,0.602719,0.607639,0.592706
NHP13,4,4.30665,279716051.749,5.92,3.25614,3.25614,4.12179,4.1221,4.14847,0.119455,0.119255,0.102212
NHP13,5,3.6361,279716051.749,5.92,2.34118,2.34118,3.46929,3.47941,3.50597,0.107791,0.101246,0.0840832
NHP13,7,3.58375,279716051.749,5.92,0.494444,0.494444,2.1553,2.1864,2.21109,0.923052,0.902959,0.887
NHP13,10,2.87448,279716051.749,5.92,-2.27879,-2.27879,0.181044,0.244092,0.265068,1.74048,1.69974,1.68618
NHP13,14,2.87448,279716051.749,5.92,-4.64133,-4.64133,-2.45173,-2.34602,-2.33013,3.44176,3.37345,3.36318
NHP13,23,2.87448,279716051.749,5.92,-4.64133,-4.64133,-4.65043,-4.64133,-4.64133,4.86254,4.85666,4.85666
NHP13,29,2.87448,279716051.749,5.92,-4.64133,-4.64133,-4.65043,-4.64133,-4.64133,4.86254,4.85666,4.85666
NHP14,0,2.87448,277226880.484,4.63,-3,-3,-3,-3,-3,3.79605,3.79605,3.79605
NHP14,1,2.87448,277226880.484,4.63,5.32621,-0.698094,-1.4808,-1.49529,-1.27018,2.81435,2.82372,2.67825
NHP14,2,2.87448,277226880.484,4.63,4.90015,-1.8509,-3.48476,-3.49937,-3.17358,4.10929,4.11873,3.90822
NHP14,3,2.87448,277226880.484,4.63,4.1435,-3.08614,-4.65043,-4.64133,-4.64133,4.86254,4.85666,4.85666
NHP14,4,2.87448,277226880.484,4.63,3.26475,-4.34413,-4.65043,-4.64133,-4.64133,4.86254,4.85666,4.85666
NHP14,5,2.87448,277226880.484,4.63,2.35142,-4.64133,-4.65043,-4.64133,-4.64133,4.86254,4.85666,4.85666
NHP14,7,2.87448,277226880.484,4.63,0.507644,-4.64133,-4.65043,-4.64133,-4.64133,4.86254,4.85666,4.85666
NHP14,9,2.87448,277226880.484,4.63,-1.33825,-4.64133,-4.65043,-4.64133,-4.64133,4.86254,4.85666,4.85666
NHP14,14,2.87448,277226880.484,4.63,-4.64133,-4.64133,-4.65043,-4.64133,-4.64133,4.86254,4.85666,4.85666
NHP14,23,2.87448,277226880.484,4.63,-4.64133,-4.64133,-4.65043,-4.64133,-4.64133,4.86254,4.85666,4.85666
NHP15,0,2.87448,279716051.749,4.18,-3,-3,-3,-3,-3,3.79605,3.79605,3.79605
NHP15,1,3.6981,279716051.749,4.18,5.7053,5.177,4.63727,4.61608,4.63981,-0.606884,-0.593191,-0.608526
NHP15,2,2.87448,279716051.749,4.18,4.93458,4.2,3.38516,3.35895,3.39891,-0.329995,-0.313061,-0.338882
NHP15,3,2.87448,279716051.749,4.18,3.87242,3.12535,2.15398,2.12374,2.17793,0.465584,0.485123,0.450104
NHP15,4,2.87448,279716051.749,4.18,2.73339,2.04189,0.926754,0.892472,0.960803,1.25861,1.28076,1.23661
NHP15,5,2.87448,279716051.749,4.18,1.5754,0.959414,-0.299714,-0.338061,-0.255572,2.05114,2.07592,2.02262
NHP15,7,2.87448,279716051.749,4.18,-0.747766,-1.20457,-2.75239,-2.79885,-2.68804,3.63604,3.66607,3.59446
NHP15,10,2.87448,279716051.749,4.18,-4.23214,-4.45034,-4.65043,-4.64133,-4.64133,4.86254,4.85666,4.85666
NHP15,14,2.87448,279716051.749,4.18,-4.64133,-4.64133,-4.65043,-4.64133,-4.64133,4.86254,4.85666,4.85666
NHP15,23,2.87448,279716051.749,4.18,-4.64133,-4.64133,-4.65043,-4.64133,-4.64133,4.86254,4.85666,4.85666
NHP15,29,2.87448,279716051.749,4.18,-4.64133,-4.64133,-4.65043,-4.64133,-4.64133,4.86254,4.85666,4.85666
NHP16,0,2.87448,277226880.484,5.03,-3,-3,-3,-3,-3,3.79605,3.79605,3.79605
NHP16,1,2.87448,277226880.484,5.03,5.32621,-0.698094,-0.745751,-0.760515,-0.66163,2.33937,2.34891,2.28501
NHP16,2,2.87448,277226880.484,5.03,4.90015,-1.8509,-2.03264,-2.06599,-1.76645,3.17094,3.1925,2.99894
NHP16,4,2.87448,277226880.484,5.03,3.26475,-4.34413,-4.65043,-4.64133,-4.14667,4.86254,4.85666,4.53702
NHP16,5,2.87448,277226880.484,5.03,2.35142,-4.64133,-4.65043,-4.64133,-4.64133,4.86254,4.85666,4.85666
NHP16,7,2.87448,277226880.484,5.03,0.507644,-4.64133,-4.65043,-4.64133,-4.64133,4.86254,4.85666,4.85666
NHP16,9,2.87448,277226880.484,5.03,-1.33825,-4.64133,-4.65043,-4.64133,-4.64133,4.86254,4.85666,4.85666
NHP16,14,2.87448,277226880.484,5.03,-4.64133,-4.64133,-4.65043,-4.64133,-4.64133,4.86254,4.85666,4.85666
NHP16,23,2.87448,277226880.484,5.03,-4.64133,-4.64133,-4.65043,-4.64133,-4.64133,4.86254,4.85666,4.85666
NHP17,0,2.87448,279716051.749,5.78,-3,-3,-3,-3,-3,3.79605,3.79605,3.79605
NHP17,1,5.22552,279716051.749,5.78,5.32759,5.32759,5.20461,5.20638,5.14251,0.0135091,0.0123689,0.0536375
NHP17,2,5.46276,279716051.749,5.78,4.89678,4.89678,4.67251,4.67157,4.5891,0.51065,0.511256,0.56455
NHP17,3,3.42776,279716051.749,5.78,4.13696,4.13696,3.87108,3.86508,3.79842,-0.286473,-0.282594,-0.239518
NHP17,4,3.34471,279716051.749,5.78,3.25614,3.25614,2.97858,2.96706,2.92919,0.236588,0.244029,0.268505
NHP17,5,3.2873,279716051.749,5.78,2.34118,2.34118,2.0649,2.04792,2.04164,0.78991,0.800879,0.804938
NHP17,7,2.87448,279716051.749,5.78,0.494444,0.494444,0.228982,0.201384,0.258293,1.7095,1.72734,1.69056
NHP17,10,2.87448,279716051.749,5.78,-2.27879,-2.27879,-2.52665,-2.57003,-2.41874,3.49017,3.5182,3.42044
NHP17,14,2.87448,279716051.749,5.78,-4.64133,-4.64133,-4.65043,-4.64133,-4.64133,4.86254,4.85666,4.85666
NHP17,23,2.87448,279716051.749,5.78,-4.64133,-4.64133,-4.65043,-4.64133,-4.64133,4.86254,4.85666,4.85666
NHP17,29,2.87448,279716051.749,5.78,-4.64133,-4.64133,-4.65043,-4.64133,-4.64133,4.86254,4.85666,4.85666
NHP18,0,2.87448,279716051.749,4.84,-3,-3,-3,-3,-3,3.79605,3.79605,3.79605
NHP18,1,4.01399,279716051.749,4.84,5.32759,4.76424,5.31155,5.30094,5.2701,-0.838476,-0.831618,-0.811691
NHP18,2,6.01444,279716051.749,4.84,4.89678,4.02579,4.74888,4.72011,4.70816,0.817791,0.836384,0.844106
NHP18,3,4.07509,279716051.749,4.84,4.13696,3.21785,3.86933,3.82748,3.84557,0.13296,0.160008,0.148318
NHP18,4,4.28514,279716051.749,4.84,3.25614,2.39079,2.88831,2.83694,2.88621,0.902623,0.935815,0.903978
NHP18,5,2.87448,279716051.749,4.84,2.34118,1.55892,1.88511,1.82576,1.90607,0.639322,0.677673,0.625778
NHP18,7,2.87448,279716051.749,4.84,0.494444,-0.10779,-0.127074,-0.201347,-0.0599596,1.93958,1.98758,1.89621
NHP18,10,2.87448,279716051.749,4.84,-2.27879,-2.6088,-3.14532,-3.24175,-3.00936,3.88995,3.95227,3.8021
NHP18,14,2.87448,279716051.749,4.84,-4.64133,-4.64133,-4.65043,-4.64133,-4.64133,4.86254,4.85666,4.85666
NHP18,23,2.87448,279716051.749,4.84,-4.64133,-4.64133,-4.65043,-4.64133,-4.64133,4.86254,4.85666,4.85666
NHP18,29,2.87448,279716051.749,4.84,-4.64133,-4.64133,-4.65043,-4.64133,-4.64133,4.86254,4.85666,4.85666
NHP19,0,2.87448,277226880.484,4.23,-3,-3,-3,-3,-3,3.79605,3.79605,3.79605
NHP19,1,4.83482,277226880.484,4.23,5.70574,5.70574,6.00364,5.98846,5.98777,-0.755283,-0.745473,-0.745025
NHP19,2,6.68216,277226880.484,4.23,4.93903,4.93903,5.59857,5.57558,5.5946,0.700206,0.715059,0.702771
NHP19,3,5.56972,277226880.484,4.23,3.8786,3.8786,5.06985,5.04013,5.06804,0.323012,0.342217,0.324181
NHP19,4,6.26106,277226880.484,4.23,2.74063,2.74063,4.53119,4.49459,4.53035,1.11783,1.14148,1.11837
NHP19,5,4.42431,277226880.484,4.23,1.58356,1.58356,3.9914,3.94789,3.99138,0.279739,0.307856,0.279757
NHP19,7,6.03698,277226880.484,4.23,-0.737848,-0.737848,2.91152,2.85417,2.91306,2.01965,2.05671,2.01865
NHP19,9,2.87448,277226880.484,4.23,-3.05905,-3.05905,1.83161,1.76041,1.8347,0.673899,0.719906,0.6719
NHP19,14,2.87448,277226880.484,4.23,-4.64133,-4.64133,-0.868175,-0.973985,-0.861199,2.41848,2.48685,2.41397
NHP19,23,2.87448,277226880.484,4.23,-4.64133,-4.64133,-4.65043,-4.64133,-4.64133,4.86254,4.85666,4.85666
NHP2,0,2.87448,277226880.484,5.41,-3,-3,-3,-3,-3,3.79605,3.79605,3.79605
NHP2,1,5.99252,277226880.484,5.41,5.32621,5.32621,5.5606,5.54034,5.55651,0.279099,0.292192,0.281746
NHP2,2,7.0478,277226880.484,5.41,4.90015,4.90015,5.28963,5.27048,5.30558,1.13611,1.14849,1.12581
NHP2,3,6.05298,277226880.484,5.41,4.1435,4.1435,4.69341,4.67338,4.73407,0.878542,0.891487,0.852267
NHP2,4,5.31725,277226880.484,5.41,3.26475,3.26475,4.01799,3.99277,4.08586,0.839567,0.855864,0.795709
NHP2,5,3.7693,277226880.484,5.41,2.35142,2.35142,3.32377,3.29161,3.41988,0.287901,0.308679,0.225794
NHP2,7,4.91998,277226880.484,5.41,0.507644,0.507644,1.92362,1.87621,2.07694,1.93623,1.96687,1.83716
NHP2,9,2.87448,277226880.484,5.41,-1.33825,-1.33825,0.520759,0.457756,0.731397,1.52096,1.56167,1.38485
NHP2,14,2.87448,277226880.484,5.41,-4.64133,-4.64133,-2.98721,-3.0893,-2.63331,3.78778,3.85375,3.55909
NHP2,23,2.87448,277226880.484,5.41,-4.64133,-4.64133,-4.65043,-4.64133,-4.64133,4.86254,4.85666,4.85666
NHP20,0,2.87448,279716051.749,5.08,-3,-3,-3,-3,-3,3.79605,3.79605,3.79605
NHP20,1,2.87448,279716051.749,5.08,5.32759,1.43281,1.70243,1.69816,1.70072,0.757371,0.760131,0.758479
NHP20,2,4.47573,279716051.749,5.08,4.89678,0.328958,1.00401,1.01716,1.01254,2.2434,2.2349,2.23789
NHP20,3,2.87448,279716051.749,5.08,4.13696,-0.822904,0.284937,0.31611,0.304014,1.67335,1.6532,1.66102
NHP20,4,2.87448,279716051.749,5.08,3.25614,-1.97811,-0.435349,-0.386163,-0.405736,2.13879,2.107,2.11965
NHP20,5,2.87448,279716051.749,5.08,2.34118,-3.13187,-1.15555,-1.08838,-1.11542,2.60418,2.56077,2.57824
NHP20,7,2.87448,279716051.749,5.08,0.494444,-4.64133,-2.59586,-2.49272,-2.53469,3.53489,3.46825,3.49537
NHP20,10,2.87448,279716051.749,5.08,-2.27879,-4.64133,-4.65043,-4.59922,-4.64133,4.86254,4.82945,4.85666
NHP20,14,2.87448,279716051.749,5.08,-4.64133,-4.64133,-4.65043,-4.64133,-4.64133,4.86254,4.85666,4.85666
NHP20,23,2.87448,279716051.749,5.08,-4.64133,-4.64133,-4.65043,-4.64133,-4.64133,4.86254,4.85666,4.85666
NHP20,29,2.87448,279716051.749,5.08,-4.64133,-4.64133,-4.65043,-4.64133,-4.64133,4.86254,4.85666,4.85666
NHP21,0,2.87448,279716051.749,5.29,-3,-3,-3,-3,-3,3.79605,3.79605,3.79605
NHP21,1,2.87448,279716051.749,5.29,5.32759,1.43281,0.810375,0.795169,0.953221,1.33381,1.34364,1.2415
NHP21,2,2.87448,279716051.749,5.29,4.89678,0.328958,-1.06962,-1.09278,-0.80719,2.54865,2.56362,2.37907
NHP21,3,2.87448,279716051.749,5.29,4.13696,-0.822904,-2.93372,-2.96134,-2.59244,3.75322,3.77106,3.53268
NHP21,4,2.87448,279716051.749,5.29,3.25614,-1.97811,-4.65043,-4.64133,-4.33966,4.86254,4.85666,4.66173
NHP21,5,2.87448,279716051.749,5.29,2.34118,-3.13187,-4.65043,-4.64133,-4.64133,4.86254,4.85666,4.85666
NHP21,7,2.87448,279716051.749,5.29,0.494444,-4.64133,-4.65043,-4.64133,-4.64133,4.86254,4.85666,4.85666
NHP21,10,2.87448,279716051.749,5.29,-2.27879,-4.64133,-4.65043,-4.64133,-4.64133,4.86254,4.85666,4.85666
NHP21,14,2.87448,279716051.749,5.29,-4.64133,-4.64133,-4.65043,-4.64133,-4.64133,4.86254,4.85666,4.85666
NHP21,23,2.87448,279716051.749,5.29,-4.64133,-4.64133,-4.65043,-4.64133,-4.64133,4.86254,4.85666,4.85666
NHP21,29,2.87448,279716051.749,5.29,-4.64133,-4.64133,-4.65043,-4.64133,-4.64133,4.86254,4.85666,4.85666
NHP22,0,2.87448,279716051.749,4.45,-3,-3,-3,-3,-3,3.79605,3.79605,3.79605
NHP22,1,2.87448,279716051.749,4.45,5.7053,1.98267,0.975821,0.961759,1.02854,1.2269,1.23599,1.19284
NHP22,2,2.87448,279716051.749,4.45,4.93458,0.902796,-0.999799,-1.01262,-0.930638,2.50353,2.51182,2.45884
NHP22,3,2.87448,279716051.749,4.45,3.87242,-0.211552,-2.94601,-2.95932,-2.85258,3.76116,3.76976,3.70078
NHP22,4,2.87448,279716051.749,4.45,2.73339,-1.32417,-4.65043,-4.64133,-4.64133,4.86254,4.85666,4.85666
NHP22,5,2.87448,279716051.749,4.45,1.5754,-2.43435,-4.65043,-4.64133,-4.64133,4.86254,4.85666,4.85666
NHP22,7,2.87448,279716051.749,4.45,-0.747766,-4.64133,-4.65043,-4.64133,-4.64133,4.86254,4.85666,4.85666
NHP22,10,2.87448,279716051.749,4.45,-4.23214,-4.64133,-4.65043,-4.64133,-4.64133,4.86254,4.85666,4.85666
NHP22,14,2.87448,279716051.749,4.45,-4.64133,-4.64133,-4.65043,-4.64133,-4.64133,4.86254,4.85666,4.85666
NHP22,23,2.87448,279716051.749,4.45,-4.64133,-4.64133,-4.65043,-4.64133,-4.64133,4.86254,4.85666,4.85666
NHP22,29,2.87448,279716051.749,4.45,-4.64133,-4.64133,-4.65043,-4.64133,-4.64133,4.86254,4.85666,4.85666
NHP23,0,2.87448,277226880.484,4.2,-3,-3,-3,-3,-3,3.79605,3.79605,3.79605
NHP23,1,2.87448,277226880.484,4.2,5.70574,-1.79759,-1.42788,-1.42076,-1.43495,2.78015,2.77556,2.78472
NHP23,2,2.87448,277226880.484,4.2,4.93903,-2.95239,-2.00156,-1.98862,-2.00502,3.15086,3.1425,3.1531
NHP23,3,2.87448,277226880.484,4.2,3.8786,-4.19127,-2.5972,-2.57809,-2.59686,3.53576,3.52341,3.53554
NHP23,4,2.87448,277226880.484,4.2,2.74063,-4.64133,-3.19544,-3.17009,-3.19126,3.92234,3.90596,3.91964
NHP23,5,2.87448,277226880.484,4.2,1.58356,-4.64133,-3.79399,-3.76241,-3.78596,4.30912,4.28871,4.30393
NHP23,7,2.87448,277226880.484,4.2,-0.737848,-4.64133,-4.65043,-4.64133,-4.64133,4.86254,4.85666,4.85666
NHP23,9,2.87448,277226880.484,4.2,-3.05905,-4.64133,-4.65043,-4.64133,-4.64133,4.86254,4.85666,4.85666
NHP23,14,2.87448,277226880.484,4.2,-4.64133,-4.64133,-4.65043,-4.64133,-4.64133,4.86254,4.85666,4.85666
NHP23,23,2.87448,277226880.484,4.2,-4.64133,-4.64133,-4.65043,-4.64133,-4.64133,4.86254,4.85666,4.85666
NHP24,0,2.87448,279716051.749,4.29,-3,-3,-3,-3,-3,3.79605,3.79605,3.79605
NHP24,1,3.7119,279716051.749,4.29,5.7053,5.7053,4.92175,4.89916,4.89793,-0.781797,-0.767199,-0.766406
NHP24,2,5.33843,279716051.749,4.29,4.93458,4.93458,3.90667,3.9139,3.8898,0.925194,0.920517,0.936095
NHP24,3,4.28509,279716051.749,4.29,3.87242,3.87242,2.86774,2.90546,2.86036,0.915881,0.891508,0.920648
NHP24,4,4.361,279716051.749,4.29,2.73339,2.73339,1.82691,1.89422,1.829,1.63751,1.59401,1.63616
NHP24,5,2.87448,279716051.749,4.29,1.5754,1.5754,0.786214,0.882825,0.797694,1.34942,1.28699,1.34201
NHP24,7,2.87448,279716051.749,4.29,-0.747766,-0.747766,-1.29501,-1.13997,-1.26479,2.69429,2.59411,2.67477
NHP24,10,2.87448,279716051.749,4.29,-4.23214,-4.23214,-4.41679,-4.17414,-4.35849,4.71157,4.55477,4.67389
NHP24,14,2.87448,279716051.749,4.29,-4.64133,-4.64133,-4.65043,-4.64133,-4.64133,4.86254,4.85666,4.85666
NHP24,23,2.87448,279716051.749,4.29,-4.64133,-4.64133,-4.65043,-4.64133,-4.64133,4.86254,4.85666,4.85666
NHP24,29,2.87448,279716051.749,4.29,-4.64133,-4.64133,-4.65043,-4.64133,-4.64133,4.86254,4.85666,4.85666
NHP25,0,2.87448,279716051.749,5.92,-3,-3,-3,-3,-3,3.79605,3.79605,3.79605
NHP25,1,4.77532,279716051.749,5.92,5.32759,5.32759,5.56037,5.55066,5.58143,-0.50729,-0.501019,-0.520902
NHP25,2,7.24185,279716051.749,5.92,4.89678,4.89678,5.3014,5.27314,5.31672,1.2539,1.27217,1.24401
NHP25,3,5.89229,279716051.749,5.92,4.13696,4.13696,4.7171,4.67584,4.7495,0.759401,0.786059,0.738466
NHP25,4,3.74413,279716051.749,5.92,3.25614,3.25614,4.05293,4.00034,4.11796,-0.199548,-0.165565,-0.24157
NHP25,5,2.87448,279716051.749,5.92,2.34118,2.34118,3.36979,3.30613,3.47274,-0.320065,-0.278926,-0.386589
NHP25,7,4.83453,279716051.749,5.92,0.494444,0.494444,1.99165,1.90599,2.17431,1.83705,1.8924,1.71901
NHP25,10,2.87448,279716051.749,5.92,-2.27879,-2.27879,-0.0798919,-0.198429,0.223773,1.90909,1.98569,1.71287
NHP25,14,2.87448,279716051.749,5.92,-4.64133,-4.64133,-2.84248,-3.00482,-2.37733,3.69426,3.79916,3.39368
NHP25,23,2.87448,279716051.749,5.92,-4.64133,-4.64133,-4.65043,-4.64133,-4.64133,4.86254,4.85666,4.85666
NHP25,29,2.87448,279716051.749,5.92,-4.64133,-4.64133,-4.65043,-4.64133,-4.64133,4.86254,4.85666,4.85666
NHP26,0,2.87448,279716051.749,4.35,-3,-3,-3,-3,-3,3.79605,3.79605,3.79605
NHP26,1,4.5788,279716051.749,4.35,5.7053,5.177,5.33644,5.4131,5.46797,-0.489584,-0.539121,-0.574577
NHP26,2,5.6495,279716051.749,4.35,4.93458,4.2,4.09978,4.20035,4.2757,1.00142,0.936434,0.887744
NHP26,3,3.61118,279716051.749,4.35,3.87242,3.12535,2.69988,2.77676,2.84703,0.588876,0.539193,0.493785
NHP26,4,2.87448,279716051.749,4.35,2.73339,2.04189,1.30434,1.33905,1.38592,1.01461,0.992187,0.961896
NHP26,5,2.87448,279716051.749,4.35,1.5754,0.959414,-0.0768344,-0.0827076,-0.0632298,1.90712,1.91091,1.89833
NHP26,7,2.87448,279716051.749,4.35,-0.747766,-1.20457,-2.83002,-2.90959,-2.93962,3.68621,3.73762,3.75703
NHP26,10,2.87448,279716051.749,4.35,-4.23214,-4.45034,-4.65043,-4.64133,-4.64133,4.86254,4.85666,4.85666
NHP26,14,2.87448,279716051.749,4.35,-4.64133,-4.64133,-4.65043,-4.64133,-4.64133,4.86254,4.85666,4.85666
NHP26,23,2.87448,279716051.749,4.35,-4.64133,-4.64133,-4.65043,-4.64133,-4.64133,4.86254,4.85666,4.85666
NHP26,29,2.87448,279716051.749,4.35,-4.64133,-4.64133,-4.65043,-4.64133,-4.64133,4.86254,4.85666,4.85666
NHP27,0,2.87448,277226880.484,4.1,-3,-3,-3,-3,-3,3.79605,3.79605,3.79605
NHP27,1,2.87448,277226880.484,4.1,5.70574,-0.153008,-0.407573,-0.409128,-0.275731,2.12084,2.12184,2.03564
NHP27,2,2.87448,277226880.484,4.1,4.93903,-1.30467,-1.98482,-1.98074,-1.61839,3.14005,3.13741,2.90326
NHP27,3,2.87448,277226880.484,4.1,3.8786,-2.53784,-3.69893,-3.68895,-3.07101,4.24769,4.24124,3.84194
NHP27,4,2.87448,277226880.484,4.1,2.74063,-3.7931,-4.65043,-4.64133,-4.5617,4.86254,4.85666,4.80521
NHP27,5,2.87448,277226880.484,4.1,1.58356,-4.64133,-4.65043,-4.64133,-4.64133,4.86254,4.85666,4.85666
NHP27,7,2.87448,277226880.484,4.1,-0.737848,-4.64133,-4.65043,-4.64133,-4.64133,4.86254,4.85666,4.85666
NHP27,9,2.87448,277226880.484,4.1,-3.05905,-4.64133,-4.65043,-4.64133,-4.64133,4.86254,4.85666,4.85666
NHP27,14,2.87448,277226880.484,4.1,-4.64133,-4.64133,-4.65043,-4.64133,-4.64133,4.86254,4.85666,4.85666
NHP27,23,2.87448,277226880.484,4.1,-4.64133,-4.64133,-4.65043,-4.64133,-4.64133,4.86254,4.85666,4.85666
NHP28,0,2.87448,279716051.749,4.31,-3,-3,-3,-3,-3,3.79605,3.79605,3.79605
NHP28,1,4.1242,279716051.749,4.31,5.7053,5.7053,5.49778,5.47306,5.42677,-0.887603,-0.871626,-0.841715
NHP28,2,5.25778,279716051.749,4.31,4.93458,4.93458,4.69554,4.6529,4.60872,0.363316,0.390867,0.419418
NHP28,3,4.6506,279716051.749,4.31,3.87242,3.87242,3.62953,3.58013,3.56234,0.65981,0.691728,0.703226
NHP28,4,3.25779,279716051.749,4.31,2.73339,2.73339,2.50679,2.4557,2.47149,0.485287,0.518304,0.508101
NHP28,5,3.06246,279716051.749,4.31,1.5754,1.5754,1.38132,1.32968,1.37912,1.08634,1.11971,1.08776
NHP28,7,2.87448,279716051.749,4.31,-0.747766,-0.747766,-0.865164,-0.917918,-0.802863,2.41653,2.45062,2.37627
NHP28,10,2.87448,279716051.749,4.31,-4.23214,-4.23214,-4.23369,-4.28821,-4.07518,4.59325,4.62848,4.49082
NHP28,14,2.87448,279716051.749,4.31,-4.64133,-4.64133,-4.65043,-4.64133,-4.64133,4.86254,4.85666,4.85666
NHP28,23,2.87448,279716051.749,4.31,-4.64133,-4.64133,-4.65043,-4.64133,-4.64133,4.86254,4.85666,4.85666
NHP28,29,2.87448,279716051.749,4.31,-4.64133,-4.64133,-4.65043,-4.64133,-4.64133,4.86254,4.85666,4.85666
NHP29,0,2.87448,277226880.484,4.62,-3,-3,-3,-3,-3,3.79605,3.79605,3.79605
NHP29,1,2.87448,277226880.484,4.62,5.32621,-2.34247,-1.8583,-1.85272,-1.8634,3.05829,3.05468,3.06159
NHP29,2,2.87448,277226880.484,4.62,4.90015,-3.49738,-2.20716,-2.20871,-2.21566,3.28372,3.28472,3.28921
NHP29,3,2.87448,277226880.484,4.62,4.1435,-4.64133,-2.56613,-2.57511,-2.57817,3.51568,3.52149,3.52346
NHP29,4,2.87448,277226880.484,4.62,3.26475,-4.64133,-2.92595,-2.9424,-2.94155,3.74819,3.75883,3.75828
NHP29,5,2.87448,277226880.484,4.62,2.35142,-4.64133,-3.28583,-3.30977,-3.30501,3.98075,3.99622,3.99314
NHP29,7,2.87448,277226880.484,4.62,0.507644,-4.64133,-4.00563,-4.04452,-4.03193,4.44588,4.47101,4.46287
NHP29,9,2.87448,277226880.484,4.62,-1.33825,-4.64133,-4.65043,-4.64133,-4.64133,4.86254,4.85666,4.85666
NHP29,14,2.87448,277226880.484,4.62,-4.64133,-4.64133,-4.65043,-4.64133,-4.64133,4.86254,4.85666,4.85666
NHP29,23,2.87448,277226880.484,4.62,-4.64133,-4.64133,-4.65043,-4.64133,-4.64133,4.86254,4.85666,4.85666
NHP3,0,2.87448,279716051.749,5.61,-3,-3,-3,-3,-3,3.79605,3.79605,3.79605
NHP3,1,4.3892,279716051.749,5.61,5.32759,5.32759,5.4536,5.48048,5.45685,-0.687809,-0.705177,-0.689907
NHP3,2,6.55675,279716051.749,5.61,4.89678,4.89678,5.22007,5.22959,5.26121,0.863753,0.857596,0.837166
NHP3,3,6.09124,279716051.749,5.61,4.13696,4.13696,4.62937,4.6306,4.71232,0.94465,0.943853,0.891047
NHP3,4,4.26436,279716051.749,5.61,3.25614,3.25614,3.91177,3.92046,4.03978,0.227844,0.22223,0.145123
NHP3,5,6.11172,279716051.749,5.61,2.34118,2.34118,3.15492,3.17824,3.32966,1.91066,1.8956,1.79775
NHP3,7,3.26693,279716051.749,5.61,0.494444,0.494444,1.61314,1.67152,1.88208,1.06867,1.03094,0.894882
NHP3,10,2.87448,279716051.749,5.61,-2.27879,-2.27879,-0.709603,-0.596615,-0.299808,2.31601,2.243,2.0512
NHP3,14,2.87448,279716051.749,5.61,-4.64133,-4.64133,-3.80758,-3.62163,-3.21018,4.3179,4.19774,3.93187
NHP3,23,2.87448,279716051.749,5.61,-4.64133,-4.64133,-4.65043,-4.64133,-4.64133,4.86254,4.85666,4.85666
NHP3,29,2.87448,279716051.749,5.61,-4.64133,-4.64133,-4.65043,-4.64133,-4.64133,4.86254,4.85666,4.85666
NHP30,0,2.87448,277226880.484,4.99,-3,-3,-3,-3,-3,3.79605,3.79605,3.79605
NHP30,1,2.87448,277226880.484,4.99,5.32621,-0.698094,-0.415672,-0.404632,-0.388247,2.12607,2.11894,2.10835
NHP30,2,3.44615,277226880.484,4.99,4.90015,-1.8509,-1.19459,-1.15322,-1.0886,2.99881,2.97208,2.93032
NHP30,3,2.87448,277226880.484,4.99,4.1435,-3.08614,-2.01103,-1.93668,-1.81979,3.15698,3.10894,3.03341
NHP30,4,2.87448,277226880.484,4.99,3.26475,-4.34413,-2.83339,-2.72543,-2.55533,3.68839,3.61862,3.50871
NHP30,5,2.87448,277226880.484,4.99,2.35142,-4.64133,-3.65672,-3.515,-3.2915,4.22041,4.12883,3.98441
NHP30,7,2.87448,277226880.484,4.99,0.507644,-4.64133,-4.65043,-4.64133,-4.64133,4.86254,4.85666,4.85666
NHP30,9,2.87448,277226880.484,4.99,-1.33825,-4.64133,-4.65043,-4.64133,-4.64133,4.86254,4.85666,4.85666
NHP30,14,2.87448,277226880.484,4.99,-4.64133,-4.64133,-4.65043,-4.64133,-4.64133,4.86254,4.85666,4.85666
NHP30,23,2.87448,277226880.484,4.99,-4.64133,-4.64133,-4.65043,-4.64133,-4.64133,4.86254,4.85666,4.85666
NHP31,0,2.87448,279716051.749,4.16,-3,-3,-3,-3,-3,3.79605,3.79605,3.79605
NHP31,1,2.87448,279716051.749,4.16,5.7053,5.7053,4.91898,4.91249,4.88095,-1.32114,-1.31694,-1.29657
NHP31,2,3.9421,279716051.749,4.16,4.93458,4.93458,3.85049,3.87321,3.83052,0.0591998,0.0445166,0.0721007
NHP31,3,3.40045,279716051.749,4.16,3.87242,3.87242,2.76254,2.81254,2.76453,0.412209,0.379905,0.410923
NHP31,4,2.87448,279716051.749,4.16,2.73339,2.73339,1.67479,1.75099,1.69826,0.775232,0.725993,0.760066
NHP31,5,2.87448,279716051.749,4.16,1.5754,1.5754,0.587705,0.68984,0.632408,1.4777,1.4117,1.44881
NHP31,7,2.87448,279716051.749,4.16,-0.747766,-0.747766,-1.58606,-1.43217,-1.49902,2.88237,2.78293,2.82613
NHP31,10,2.87448,279716051.749,4.16,-4.23214,-4.23214,-4.65043,-4.61512,-4.64133,4.86254,4.83973,4.85666
NHP31,14,2.87448,279716051.749,4.16,-4.64133,-4.64133,-4.65043,-4.64133,-4.64133,4.86254,4.85666,4.85666
NHP31,23,2.87448,279716051.749,4.16,-4.64133,-4.64133,-4.65043,-4.64133,-4.64133,4.86254,4.85666,4.85666
NHP31,29,2.87448,279716051.749,4.16,-4.64133,-4.64133,-4.65043,-4.64133,-4.64133,4.86254,4.85666,4.85666
NHP32,0,2.87448,277226880.484,4.88,-3,-3,-3,-3,-3,3.79605,3.79605,3.79605
NHP32,1,2.87448,277226880.484,4.88,5.32621,-2.34247,-1.95916,-1.96793,-1.95207,3.12347,3.12913,3.11888
NHP32,2,2.87448,277226880.484,4.88,4.90015,-3.49738,-2.50646,-2.51094,-2.46316,3.47713,3.48002,3.44914
NHP32,3,2.87448,277226880.484,4.88,4.1435,-4.64133,-3.07407,-3.07401,-2.99241,3.84391,3.84387,3.79114
NHP32,4,2.87448,277226880.484,4.88,3.26475,-4.64133,-3.64398,-3.63935,-3.52361,4.21218,4.20919,4.1344
NHP32,5,2.87448,277226880.484,4.88,2.35142,-4.64133,-4.21416,-4.20496,-4.05503,4.58063,4.57468,4.4778
NHP32,7,2.87448,277226880.484,4.88,0.507644,-4.64133,-4.65043,-4.64133,-4.64133,4.86254,4.85666,4.85666
NHP32,9,2.87448,277226880.484,4.88,-1.33825,-4.64133,-4.65043,-4.64133,-4.64133,4.86254,4.85666,4.85666
NHP32,14,2.87448,277226880.484,4.88,-4.64133,-4.64133,-4.65043,-4.64133,-4.64133,4.86254,4.85666,4.85666
NHP32,23,2.87448,277226880.484,4.88,-4.64133,-4.64133,-4.65043,-4.64133,-4.64133,4.86254,4.85666,4.85666
NHP33,0,2.87448,279716051.749,4.04,-3,-3,-3,-3,-3,3.79605,3.79605,3.79605
NHP33,1,2.87448,279716051.749,4.04,5.7053,5.177,5.03158,4.98396,4.83904,-1.3939,-1.36313,-1.26948
NHP33,2,3.99205,279716051.749,4.04,4.93458,4.2,3.93451,3.88962,3.73675,0.037182,0.066193,0.164977
NHP33,3,2.87448,279716051.749,4.04,3.87242,3.12535,2.79603,2.76372,2.62851,0.0506942,0.0715711,0.158947
NHP33,4,2.87448,279716051.749,4.04,2.73339,2.04189,1.65875,1.63907,1.52182,0.785599,0.798316,0.874083
NHP33,5,2.87448,279716051.749,4.04,1.5754,0.959414,0.523148,0.515767,0.415839,1.51941,1.52418,1.58876
NHP33,7,2.87448,279716051.749,4.04,-0.747766,-1.20457,-1.74711,-1.73008,-1.79574,2.98644,2.97543,3.01786
NHP33,10,2.87448,279716051.749,4.04,-4.23214,-4.45034,-4.65043,-4.64133,-4.64133,4.86254,4.85666,4.85666
NHP33,14,2.87448,279716051.749,4.04,-4.64133,-4.64133,-4.65043,-4.64133,-4.64133,4.86254,4.85666,4.85666
NHP33,23,2.87448,279716051.749,4.04,-4.64133,-4.64133,-4.65043,-4.64133,-4.64133,4.86254,4.85666,4.85666
NHP33,29,2.87448,279716051.749,4.04,-4.64133,-4.64133,-4.65043,-4.64133,-4.64133,4.86254,4.85666,4.85666
NHP34,0,2.87448,279716051.749,4.99,-3,-3,-3,-3,-3,3.79605,3.79605,3.79605
NHP34,1,2.87448,279716051.749,4.99,5.32759,1.43281,2.01142,2.02021,2.0079,0.557704,0.552021,0.559979
NHP34,2,2.87448,279716051.749,4.99,4.89678,0.328958,1.7475,1.74711,1.73676,0.728245,0.7285,0.735186
NHP34,3,2.87448,279716051.749,4.99,4.13696,-0.822904,1.4801,1.47032,1.46192,0.901039,0.907361,0.912788
NHP34,4,2.87448,279716051.749,4.99,3.25614,-1.97811,1.21268,1.1935,1.18704,1.07385,1.08624,1.09041
NHP34,5,2.87448,279716051.749,4.99,2.34118,-3.13187,0.945266,0.916695,0.912183,1.24665,1.26511,1.26802
NHP34,7,2.87448,279716051.749,4.99,0.494444,-4.64133,0.41045,0.363093,0.362466,1.59224,1.62284,1.62325
NHP34,10,2.87448,279716051.749,4.99,-2.27879,-4.64133,-0.391775,-0.467311,-0.46211,2.11063,2.15944,2.15608
NHP34,14,2.87448,279716051.749,4.99,-4.64133,-4.64133,-1.46141,-1.57452,-1.56155,2.80182,2.87491,2.86653
NHP34,23,2.87448,279716051.749,4.99,-4.64133,-4.64133,-3.86809,-4.06573,-4.03528,4.357,4.48471,4.46504
NHP34,29,2.87448,279716051.749,4.99,-4.64133,-4.64133,-4.65043,-4.64133,-4.64133,4.86254,4.85666,4.85666
NHP4,0,2.87448,279716051.749,4.92,-3,-3,-3,-3,-3,3.79605,3.79605,3.79605
NHP4,1,2.87448,279716051.749,4.92,5.32759,1.43281,0.737711,0.827977,0.955867,1.38077,1.32244,1.23979
NHP4,2,2.87448,279716051.749,4.92,4.89678,0.328958,-1.18109,-1.04464,-0.801355,2.62068,2.53251,2.3753
NHP4,3,2.87448,279716051.749,4.92,4.13696,-0.822904,-3.07095,-2.90237,-2.5844,3.8419,3.73296,3.52749
NHP4,4,2.87448,279716051.749,4.92,3.25614,-1.97811,-4.65043,-4.64133,-4.32977,4.86254,4.85666,4.65533
NHP4,5,2.87448,279716051.749,4.92,2.34118,-3.13187,-4.65043,-4.64133,-4.64133,4.86254,4.85666,4.85666
NHP4,7,2.87448,279716051.749,4.92,0.494444,-4.64133,-4.65043,-4.64133,-4.64133,4.86254,4.85666,4.85666
NHP4,10,2.87448,279716051.749,4.92,-2.27879,-4.64133,-4.65043,-4.64133,-4.64133,4.86254,4.85666,4.85666
NHP4,14,2.87448,279716051.749,4.92,-4.64133,-4.64133,-4.65043,-4.64133,-4.64133,4.86254,4.85666,4.85666
NHP4,23,2.87448,279716051.749,4.92,-4.64133,-4.64133,-4.65043,-4.64133,-4.64133,4.86254,4.85666,4.85666
NHP4,29,2.87448,279716051.749,4.92,-4.64133,-4.64133,-4.65043,-4.64133,-4.64133,4.86254,4.85666,4.85666
NHP5,0,2.87448,279716051.749,5.01,-3,-3,-3,-3,-3,3.79605,3.79605,3.79605
NHP5,1,2.87448,279716051.749,5.01,5.32759,4.76424,4.37614,4.35696,4.35795,-0.970358,-0.957964,-0.958609
NHP5,2,3.86038,279716051.749,5.01,4.89678,4.02579,3.37076,3.34802,3.36727,0.316388,0.331078,0.31864
NHP5,3,2.87448,279716051.749,5.01,4.13696,3.21785,2.36828,2.3431,2.37938,0.327106,0.343376,0.319933
NHP5,4,2.87448,279716051.749,5.01,3.25614,2.39079,1.36523,1.33775,1.39073,0.975264,0.993026,0.958791
NHP5,5,2.91822,279716051.749,5.01,2.34118,1.55892,0.362131,0.332359,0.401965,1.65173,1.67096,1.62599
NHP5,7,2.87448,279716051.749,5.01,0.494444,-0.10779,-1.64409,-1.67842,-1.5756,2.91987,2.94205,2.87561
NHP5,10,2.87448,279716051.749,5.01,-2.27879,-2.6088,-4.65043,-4.64133,-4.54196,4.86254,4.85666,4.79245
NHP5,14,2.87448,279716051.749,5.01,-4.64133,-4.64133,-4.65043,-4.64133,-4.64133,4.86254,4.85666,4.85666
NHP5,23,2.87448,279716051.749,5.01,-4.64133,-4.64133,-4.65043,-4.64133,-4.64133,4.86254,4.85666,4.85666
NHP5,29,2.87448,279716051.749,5.01,-4.64133,-4.64133,-4.65043,-4.64133,-4.64133,4.86254,4.85666,4.85666
NHP6,0,2.87448,279716051.749,5.35,-3,-3,-3,-3,-3,3.79605,3.79605,3.79605
NHP6,1,3.57421,279716051.749,5.35,5.32759,4.76424,5.12235,5.1157,5.10914,-1.0004,-0.996096,-0.99186
NHP6,2,5.3885,279716051.749,5.35,4.89678,4.02579,4.45056,4.44723,4.43523,0.60609,0.60824,0.615991
NHP6,3,4.2295,279716051.749,5.35,4.13696,3.21785,3.56143,3.56242,3.54879,0.431698,0.431058,0.439866
NHP6,4,2.87448,279716051.749,5.35,3.25614,2.39079,2.61455,2.61962,2.60598,0.167965,0.164688,0.173506
NHP6,5,3.77565,279716051.749,5.35,2.34118,1.55892,1.65802,1.66699,1.65369,1.3684,1.3626,1.37119
NHP6,7,2.87448,279716051.749,5.35,0.494444,-0.10779,-0.257927,-0.24125,-0.253777,2.02414,2.01336,2.02146
NHP6,10,2.87448,279716051.749,5.35,-2.27879,-2.6088,-3.13241,-3.10421,-3.11556,3.88161,3.86338,3.87072
NHP6,14,2.87448,279716051.749,5.35,-4.64133,-4.64133,-4.65043,-4.64133,-4.64133,4.86254,4.85666,4.85666
NHP6,23,2.87448,279716051.749,5.35,-4.64133,-4.64133,-4.65043,-4.64133,-4.64133,4.86254,4.85666,4.85666
NHP6,29,2.87448,279716051.749,5.35,-4.64133,-4.64133,-4.65043,-4.64133,-4.64133,4.86254,4.85666,4.85666
NHP7,0,2.87448,277226880.484,5.39,-3,-3,-3,-3,-3,3.79605,3.79605,3.79605
NHP7,1,2.87448,277226880.484,5.39,5.32621,-2.34247,-2.42179,-2.47814,-2.26857,3.42241,3.45883,3.3234
NHP7,2,2.87448,277226880.484,5.39,4.90015,-3.49738,-3.71559,-3.88656,-3.29951,4.25846,4.36894,3.98959
NHP7,3,2.87448,277226880.484,5.39,4.1435,-4.64133,-4.65043,-4.64133,-4.39705,4.86254,4.85666,4.69881
NHP7,4,2.87448,277226880.484,5.39,3.26475,-4.64133,-4.65043,-4.64133,-4.64133,4.86254,4.85666,4.85666
NHP7,5,2.87448,277226880.484,5.39,2.35142,-4.64133,-4.65043,-4.64133,-4.64133,4.86254,4.85666,4.85666
NHP7,7,2.87448,277226880.484,5.39,0.507644,-4.64133,-4.65043,-4.64133,-4.64133,4.86254,4.85666,4.85666
NHP7,9,2.87448,277226880.484,5.39,-1.33825,-4.64133,-4.65043,-4.64133,-4.64133,4.86254,4.85666,4.85666
NHP7,14,2.87448,277226880.484,5.39,-4.64133,-4.64133,-4.65043,-4.64133,-4.64133,4.86254,4.85666,4.85666
NHP7,23,2.87448,277226880.484,5.39,-4.64133,-4.64133,-4.65043,-4.64133,-4.64133,4.86254,4.85666,4.85666
NHP8,0,2.87448,277226880.484,4.74,-3,-3,-3,-3,-3,3.79605,3.79605,3.79605
NHP8,1,2.87448,277226880.484,4.74,5.32621,-2.34247,-2.7895,-2.85757,-2.5925,3.66003,3.70401,3.53272
NHP8,2,2.87448,277226880.484,4.74,4.90015,-3.49738,-4.60627,-4.64133,-4.14012,4.83401,4.85666,4.53279
NHP8,3,2.87448,277226880.484,4.74,4.1435,-4.64133,-4.65043,-4.64133,-4.64133,4.86254,4.85666,4.85666
NHP8,4,2.87448,277226880.484,4.74,3.26475,-4.64133,-4.65043,-4.64133,-4.64133,4.86254,4.85666,4.85666
NHP8,5,2.87448,277226880.484,4.74,2.35142,-4.64133,-4.65043,-4.64133,-4.64133,4.86254,4.85666,4.85666
NHP8,7,2.87448,277226880.484,4.74,0.507644,-4.64133,-4.65043,-4.64133,-4.64133,4.86254,4.85666,4.85666
NHP8,9,2.87448,277226880.484,4.74,-1.33825,-4.64133,-4.65043,-4.64133,-4.64133,4.86254,4.85666,4.85666
NHP8,14,2.87448,277226880.484,4.74,-4.64133,-4.64133,-4.65043,-4.64133,-4.64133,4.86254,4.85666,4.85666
NHP8,23,2.87448,277226880.484,4.74,-4.64133,-4.64133,-4.65043,-4.64133,-4.64133,4.86254,4.85666,4.85666
NHP9,0,2.87448,279716051.749,5.89,-3,-3,-3,-3,-3,3.79605,3.79605,3.79605
NHP9,1,3.85032,279716051.749,5.89,5.32759,5.32759,5.45025,5.51331,5.59408,-1.03386,-1.07461,-1.12681
NHP9,2,7.05587,279716051.749,5.89,4.89678,4.89678,5.17657,5.24283,5.40165,1.21439,1.17157,1.06894
NHP9,3,6.13082,279716051.749,5.89,4.13696,4.13696,4.54686,4.63484,4.90656,1.02354,0.966693,0.791104
NHP9,4,2.87448,279716051.749,5.89,3.25614,3.25614,3.79216,3.93091,4.35036,-0.592995,-0.682654,-0.953701
NHP9,5,2.87448,279716051.749,5.89,2.34118,2.34118,2.99901,3.20137,3.78233,-0.0804698,-0.21123,-0.586642
NHP9,7,4.44409,279716051.749,5.89,0.494444,0.494444,1.38602,1.72523,2.63973,1.9761,1.75691,1.16597
NHP9,10,2.87448,279716051.749,5.89,-2.27879,-2.27879,-1.0424,-0.495099,0.923338,2.53106,2.1774,1.26081
NHP9,14,2.87448,279716051.749,5.89,-4.64133,-4.64133,-4.28106,-3.4562,-1.36559,4.62386,4.09084,2.7399
NHP9,23,2.87448,279716051.749,5.89,-4.64133,-4.64133,-4.65043,-4.64133,-4.64133,4.86254,4.85666,4.85666
NHP9,29,2.87448,279716051.749,5.89,-4.64133,-4.64133,-4.65043,-4.64133,-4.64133,4.86254,4.85666,4.85666
