id,eta_beta_N_pow_SAEM,eta_fact_beta_T_SAEM,eta_fact_delta_T_SAEM,eta_delta_N_SAEM,eta_c_SAEM,eta_cI_SAEM,eta_k_SAEM,eta_g_SAEM,eta_mu_SAEM,eta_P_N_SAEM,eta_fact_P_T_SAEM,eta_alpha_VLSG_SAEM,eta_thresh_Weight_SAEM,eta_beta_immuno_SAEM,eta_beta_N_pow_mean,eta_fact_beta_T_mean,eta_fact_delta_T_mean,eta_delta_N_mean,eta_c_mean,eta_cI_mean,eta_k_mean,eta_g_mean,eta_mu_mean,eta_P_N_mean,eta_fact_P_T_mean,eta_alpha_VLSG_mean,eta_thresh_Weight_mean,eta_beta_immuno_mean,eta_beta_N_pow_mode,eta_fact_beta_T_mode,eta_fact_delta_T_mode,eta_delta_N_mode,eta_c_mode,eta_cI_mode,eta_k_mode,eta_g_mode,eta_mu_mode,eta_P_N_mode,eta_fact_P_T_mode,eta_alpha_VLSG_mode,eta_thresh_Weight_mode,eta_beta_immuno_mode,eta_beta_N_pow_sd,eta_fact_beta_T_sd,eta_fact_delta_T_sd,eta_delta_N_sd,eta_c_sd,eta_cI_sd,eta_k_sd,eta_g_sd,eta_mu_sd,eta_P_N_sd,eta_fact_P_T_sd,eta_alpha_VLSG_sd,eta_thresh_Weight_sd,eta_beta_immuno_sd,Group
101,2.20366,0,0,0.230415,0,0,0,0,0,0,0,0,0,0,2.22788,0,0,0.251473,0,0,0,0,0,0,0,0,0,0,2.09083,0,0,0.229717,0,0,0,0,0,0,0,0,0,0,0.285107,0,0,0.184342,0,0,0,0,0,0,0,0,0,0,Naive
102,0.283582,0,0,-0.4546,0,0,0,0,0,0,0,0,0,0,0.251938,0,0,-0.481725,0,0,0,0,0,0,0,0,0,0,0.167282,0,0,-0.410518,0,0,0,0,0,0,0,0,0,0,0.322577,0,0,0.116837,0,0,0,0,0,0,0,0,0,0,Naive
103,0.437216,0,0,0.0876769,0,0,0,0,0,0,0,0,0,0,0.521663,0,0,0.137498,0,0,0,0,0,0,0,0,0,0,0.412846,0,0,0.0803834,0,0,0,0,0,0,0,0,0,0,0.352877,0,0,0.209488,0,0,0,0,0,0,0,0,0,0,Naive
104,1.07632,0,0,-0.367565,0,0,0,0,0,0,0,0,0,0,1.04842,0,0,-0.385378,0,0,0,0,0,0,0,0,0,0,1.10859,0,0,-0.349441,0,0,0,0,0,0,0,0,0,0,0.264785,0,0,0.146853,0,0,0,0,0,0,0,0,0,0,Naive
105,0.160148,0,0,-0.145042,0,0,0,0,0,0,0,0,0,0,0.209255,0,0,-0.121297,0,0,0,0,0,0,0,0,0,0,0.114102,0,0,-0.152128,0,0,0,0,0,0,0,0,0,0,0.360147,0,0,0.191347,0,0,0,0,0,0,0,0,0,0,Naive
106,0.644413,0,0,-0.280326,0,0,0,0,0,0,0,0,0,0,0.654722,0,0,-0.244427,0,0,0,0,0,0,0,0,0,0,0.676326,0,0,-0.246416,0,0,0,0,0,0,0,0,0,0,0.192931,0,0,0.151133,0,0,0,0,0,0,0,0,0,0,Naive
201,0.33901,0,0,-0.0931389,0,0,0,0,0,0,0,0,0,0,0.348329,0,0,-0.0676976,0,0,0,0,0,0,0,0,0,0,0.367468,0,0,-0.0720514,0,0,0,0,0,0,0,0,0,0,0.311644,0,0,0.204611,0,0,0,0,0,0,0,0,0,0,Convalescent
202,0.0537573,0,0,0.105585,0,0,0,0,0,0,0,0,0,0,0.0285504,0,0,0.115085,0,0,0,0,0,0,0,0,0,0,0.0604993,0,0,0.104123,0,0,0,0,0,0,0,0,0,0,0.350637,0,0,0.270254,0,0,0,0,0,0,0,0,0,0,Convalescent
203,-0.331677,0,0,0.078947,0,0,0,0,0,0,0,0,0,0,-0.314368,0,0,0.0830849,0,0,0,0,0,0,0,0,0,0,-0.31128,0,0,0.091262,0,0,0,0,0,0,0,0,0,0,0.371616,0,0,0.229025,0,0,0,0,0,0,0,0,0,0,Convalescent
204,0.0924831,0,0,-0.0251322,0,0,0,0,0,0,0,0,0,0,0.108023,0,0,-0.0187332,0,0,0,0,0,0,0,0,0,0,0.115346,0,0,-0.022106,0,0,0,0,0,0,0,0,0,0,0.337019,0,0,0.204223,0,0,0,0,0,0,0,0,0,0,Convalescent
205,-0.20668,0,0,-0.0760417,0,0,0,0,0,0,0,0,0,0,-0.240048,0,0,-0.104041,0,0,0,0,0,0,0,0,0,0,-0.214692,0,0,-0.0805892,0,0,0,0,0,0,0,0,0,0,0.330293,0,0,0.199815,0,0,0,0,0,0,0,0,0,0,Convalescent
206,-0.156289,0,0,0.235662,0,0,0,0,0,0,0,0,0,0,-0.161532,0,0,0.243885,0,0,0,0,0,0,0,0,0,0,-0.121922,0,0,0.252763,0,0,0,0,0,0,0,0,0,0,0.385706,0,0,0.265239,0,0,0,0,0,0,0,0,0,0,Convalescent
301,-0.453824,0,0,0.13587,0,0,0,0,0,0,0,0,0,0,-0.4743,0,0,0.129187,0,0,0,0,0,0,0,0,0,0,-0.460472,0,0,0.15221,0,0,0,0,0,0,0,0,0,0,0.390448,0,0,0.263817,0,0,0,0,0,0,0,0,0,0,Conv-CD40
302,-1.03879,0,0,0.18809,0,0,0,0,0,0,0,0,0,0,-1.05965,0,0,0.13629,0,0,0,0,0,0,0,0,0,0,-0.97958,0,0,0.193064,0,0,0,0,0,0,0,0,0,0,0.450974,0,0,0.293392,0,0,0,0,0,0,0,0,0,0,Conv-CD40
303,-0.964738,0,0,0.173859,0,0,0,0,0,0,0,0,0,0,-0.967027,0,0,0.177167,0,0,0,0,0,0,0,0,0,0,-0.942694,0,0,0.178356,0,0,0,0,0,0,0,0,0,0,0.415351,0,0,0.275023,0,0,0,0,0,0,0,0,0,0,Conv-CD40
304,-0.432786,0,0,-0.0717873,0,0,0,0,0,0,0,0,0,0,-0.492595,0,0,-0.0890565,0,0,0,0,0,0,0,0,0,0,-0.451672,0,0,-0.0849146,0,0,0,0,0,0,0,0,0,0,0.360131,0,0,0.24517,0,0,0,0,0,0,0,0,0,0,Conv-CD40
305,-0.68477,0,0,0.185078,0,0,0,0,0,0,0,0,0,0,-0.706675,0,0,0.157516,0,0,0,0,0,0,0,0,0,0,-0.673668,0,0,0.196283,0,0,0,0,0,0,0,0,0,0,0.467341,0,0,0.286349,0,0,0,0,0,0,0,0,0,0,Conv-CD40
306,-0.945903,0,0,0.0576826,0,0,0,0,0,0,0,0,0,0,-0.945063,0,0,0.0633702,0,0,0,0,0,0,0,0,0,0,-0.925925,0,0,0.0497748,0,0,0,0,0,0,0,0,0,0,0.407678,0,0,0.288857,0,0,0,0,0,0,0,0,0,0,Conv-CD40
