id,eta_beta_N_pow_SAEM,eta_fact_beta_T_SAEM,eta_fact_delta_T_SAEM,eta_delta_N_SAEM,eta_c_SAEM,eta_cI_SAEM,eta_k_SAEM,eta_g_SAEM,eta_mu_SAEM,eta_P_N_SAEM,eta_fact_P_T_SAEM,eta_alpha_VLSG_SAEM,eta_thresh_Weight_SAEM,eta_beta_immuno_SAEM,eta_beta_N_pow_mean,eta_fact_beta_T_mean,eta_fact_delta_T_mean,eta_delta_N_mean,eta_c_mean,eta_cI_mean,eta_k_mean,eta_g_mean,eta_mu_mean,eta_P_N_mean,eta_fact_P_T_mean,eta_alpha_VLSG_mean,eta_thresh_Weight_mean,eta_beta_immuno_mean,eta_beta_N_pow_mode,eta_fact_beta_T_mode,eta_fact_delta_T_mode,eta_delta_N_mode,eta_c_mode,eta_cI_mode,eta_k_mode,eta_g_mode,eta_mu_mode,eta_P_N_mode,eta_fact_P_T_mode,eta_alpha_VLSG_mode,eta_thresh_Weight_mode,eta_beta_immuno_mode,eta_beta_N_pow_sd,eta_fact_beta_T_sd,eta_fact_delta_T_sd,eta_delta_N_sd,eta_c_sd,eta_cI_sd,eta_k_sd,eta_g_sd,eta_mu_sd,eta_P_N_sd,eta_fact_P_T_sd,eta_alpha_VLSG_sd,eta_thresh_Weight_sd,eta_beta_immuno_sd,Group
101,2.1502,0,0,0.128498,0,0,0,0,0,0,0,0,0,0,2.14729,0,0,0.11092,0,0,0,0,0,0,0,0,0,0,2.1339,0,0,0.192049,0,0,0,0,0,0,0,0,0,0,0.23602,0,0,0.134525,0,0,0,0,0,0,0,0,0,0,Naive
102,1.89965,0,0,-0.259019,0,0,0,0,0,0,0,0,0,0,1.88093,0,0,-0.274058,0,0,0,0,0,0,0,0,0,0,1.83314,0,0,-0.222688,0,0,0,0,0,0,0,0,0,0,0.224228,0,0,0.116075,0,0,0,0,0,0,0,0,0,0,Naive
103,0.964736,0,0,0.102555,0,0,0,0,0,0,0,0,0,0,1.03381,0,0,0.147375,0,0,0,0,0,0,0,0,0,0,0.97352,0,0,0.093491,0,0,0,0,0,0,0,0,0,0,0.31055,0,0,0.193949,0,0,0,0,0,0,0,0,0,0,Naive
104,0.933389,0,0,-0.380297,0,0,0,0,0,0,0,0,0,0,0.959364,0,0,-0.388668,0,0,0,0,0,0,0,0,0,0,1.02552,0,0,-0.336156,0,0,0,0,0,0,0,0,0,0,0.242363,0,0,0.156869,0,0,0,0,0,0,0,0,0,0,Naive
105,0.655212,0,0,-0.140142,0,0,0,0,0,0,0,0,0,0,0.697018,0,0,-0.109597,0,0,0,0,0,0,0,0,0,0,0.663279,0,0,-0.128135,0,0,0,0,0,0,0,0,0,0,0.349962,0,0,0.201473,0,0,0,0,0,0,0,0,0,0,Naive
106,1.22764,0,0,-0.258963,0,0,0,0,0,0,0,0,0,0,1.24884,0,0,-0.2517,0,0,0,0,0,0,0,0,0,0,1.23996,0,0,-0.240796,0,0,0,0,0,0,0,0,0,0,0.309025,0,0,0.139024,0,0,0,0,0,0,0,0,0,0,Naive
201,0.242284,0,0,-0.0887312,0,0,0,0,0,0,0,0,0,0,0.2661,0,0,-0.0705623,0,0,0,0,0,0,0,0,0,0,0.27895,0,0,-0.0649351,0,0,0,0,0,0,0,0,0,0,0.339077,0,0,0.206331,0,0,0,0,0,0,0,0,0,0,Convalescent
202,-0.414579,0,0,0.098723,0,0,0,0,0,0,0,0,0,0,-0.430537,0,0,0.081787,0,0,0,0,0,0,0,0,0,0,-0.400034,0,0,0.0936721,0,0,0,0,0,0,0,0,0,0,0.35679,0,0,0.225415,0,0,0,0,0,0,0,0,0,0,Convalescent
203,-0.137545,0,0,0.0661206,0,0,0,0,0,0,0,0,0,0,-0.214752,0,0,0.0204134,0,0,0,0,0,0,0,0,0,0,-0.157734,0,0,0.04776,0,0,0,0,0,0,0,0,0,0,0.371076,0,0,0.224405,0,0,0,0,0,0,0,0,0,0,Convalescent
204,-0.252622,0,0,-0.00368216,0,0,0,0,0,0,0,0,0,0,-0.30652,0,0,-0.01997,0,0,0,0,0,0,0,0,0,0,-0.251155,0,0,-0.0183007,0,0,0,0,0,0,0,0,0,0,0.365883,0,0,0.188705,0,0,0,0,0,0,0,0,0,0,Convalescent
205,-0.332113,0,0,-0.091207,0,0,0,0,0,0,0,0,0,0,-0.358001,0,0,-0.0983518,0,0,0,0,0,0,0,0,0,0,-0.342478,0,0,-0.0922552,0,0,0,0,0,0,0,0,0,0,0.332061,0,0,0.190229,0,0,0,0,0,0,0,0,0,0,Convalescent
206,-0.516677,0,0,0.225707,0,0,0,0,0,0,0,0,0,0,-0.505947,0,0,0.206056,0,0,0,0,0,0,0,0,0,0,-0.488787,0,0,0.222418,0,0,0,0,0,0,0,0,0,0,0.387193,0,0,0.257083,0,0,0,0,0,0,0,0,0,0,Convalescent
301,-0.879627,0,0,0.123682,0,0,0,0,0,0,0,0,0,0,-0.937363,0,0,0.086351,0,0,0,0,0,0,0,0,0,0,-0.904577,0,0,0.122525,0,0,0,0,0,0,0,0,0,0,0.414348,0,0,0.239099,0,0,0,0,0,0,0,0,0,0,Conv-CD40
302,-1.503,0,0,0.158136,0,0,0,0,0,0,0,0,0,0,-1.52494,0,0,0.0919542,0,0,0,0,0,0,0,0,0,0,-1.45083,0,0,0.148956,0,0,0,0,0,0,0,0,0,0,0.402815,0,0,0.244311,0,0,0,0,0,0,0,0,0,0,Conv-CD40
303,-1.0564,0,0,0.114661,0,0,0,0,0,0,0,0,0,0,-1.05282,0,0,0.0937669,0,0,0,0,0,0,0,0,0,0,-1.032,0,0,0.115148,0,0,0,0,0,0,0,0,0,0,0.426428,0,0,0.235277,0,0,0,0,0,0,0,0,0,0,Conv-CD40
304,-0.727809,0,0,-0.0690991,0,0,0,0,0,0,0,0,0,0,-0.79564,0,0,-0.0795063,0,0,0,0,0,0,0,0,0,0,-0.739434,0,0,-0.0800506,0,0,0,0,0,0,0,0,0,0,0.356489,0,0,0.222441,0,0,0,0,0,0,0,0,0,0,Conv-CD40
305,-1.04386,0,0,0.147523,0,0,0,0,0,0,0,0,0,0,-1.05143,0,0,0.12992,0,0,0,0,0,0,0,0,0,0,-1.04252,0,0,0.147107,0,0,0,0,0,0,0,0,0,0,0.455605,0,0,0.265077,0,0,0,0,0,0,0,0,0,0,Conv-CD40
306,-1.26896,0,0,0.0268127,0,0,0,0,0,0,0,0,0,0,-1.23937,0,0,0.0511902,0,0,0,0,0,0,0,0,0,0,-1.22859,0,0,0.0259729,0,0,0,0,0,0,0,0,0,0,0.434392,0,0,0.237213,0,0,0,0,0,0,0,0,0,0,Conv-CD40
