rep,id,eta_beta_N_pow,eta_fact_beta_T,eta_fact_delta_T,eta_delta_N,eta_c,eta_cI,eta_k,eta_g,eta_mu,eta_P_N,eta_fact_P_T,eta_alpha_VLSG,eta_thresh_Weight,eta_beta_immuno,Group
1,101,1.95038060379702,0,0,0.297166656837456,0,0,0,0,0,0,0,0,0,0,Naive
2,101,2.01301879881962,0,0,0.202109407265253,0,0,0,0,0,0,0,0,0,0,Naive
3,101,1.93958367057237,0,0,0.228897590203674,0,0,0,0,0,0,0,0,0,0,Naive
4,101,2.00543956110532,0,0,0.154903874698049,0,0,0,0,0,0,0,0,0,0,Naive
5,101,2.32865588384152,0,0,0.124831916915893,0,0,0,0,0,0,0,0,0,0,Naive
6,101,2.16630734531985,0,0,0.214896351858159,0,0,0,0,0,0,0,0,0,0,Naive
7,101,1.83378618054629,0,0,0.236236250555365,0,0,0,0,0,0,0,0,0,0,Naive
8,101,2.06361088980447,0,0,0.414716886323715,0,0,0,0,0,0,0,0,0,0,Naive
9,101,1.62787325657513,0,0,-0.0964182869995148,0,0,0,0,0,0,0,0,0,0,Naive
10,101,2.04714478844645,0,0,0.229513113622127,0,0,0,0,0,0,0,0,0,0,Naive
1,102,1.9742531210927,0,0,-0.162586494065448,0,0,0,0,0,0,0,0,0,0,Naive
2,102,1.62593925420131,0,0,-0.214108557196556,0,0,0,0,0,0,0,0,0,0,Naive
3,102,1.62925166884077,0,0,-0.0774207143579732,0,0,0,0,0,0,0,0,0,0,Naive
4,102,1.50891578926297,0,0,-0.0113420903276277,0,0,0,0,0,0,0,0,0,0,Naive
5,102,1.58594190522813,0,0,-0.0174757106594679,0,0,0,0,0,0,0,0,0,0,Naive
6,102,1.58803531022547,0,0,-0.0390555089768001,0,0,0,0,0,0,0,0,0,0,Naive
7,102,1.81020053820991,0,0,-0.00665420291592862,0,0,0,0,0,0,0,0,0,0,Naive
8,102,1.98062897693438,0,0,-0.124743775242289,0,0,0,0,0,0,0,0,0,0,Naive
9,102,1.76025136020633,0,0,-0.0902463383739113,0,0,0,0,0,0,0,0,0,0,Naive
10,102,1.9291515653525,0,0,-0.0482512253721789,0,0,0,0,0,0,0,0,0,0,Naive
1,103,0.667530352668339,0,0,-0.109750873356697,0,0,0,0,0,0,0,0,0,0,Naive
2,103,1.04105572066257,0,0,0.0215713766333616,0,0,0,0,0,0,0,0,0,0,Naive
3,103,0.765138623699299,0,0,0.155776375798066,0,0,0,0,0,0,0,0,0,0,Naive
4,103,0.802865308719242,0,0,0.00672417074169005,0,0,0,0,0,0,0,0,0,0,Naive
5,103,0.881508928331661,0,0,0.25147988867251,0,0,0,0,0,0,0,0,0,0,Naive
6,103,0.602903187879025,0,0,0.187966245491485,0,0,0,0,0,0,0,0,0,0,Naive
7,103,1.22389793755921,0,0,0.166042846901808,0,0,0,0,0,0,0,0,0,0,Naive
8,103,0.983783370078698,0,0,0.11723049531195,0,0,0,0,0,0,0,0,0,0,Naive
9,103,0.819888373002572,0,0,0.159850667414117,0,0,0,0,0,0,0,0,0,0,Naive
10,103,0.803323045769473,0,0,0.0864400697848422,0,0,0,0,0,0,0,0,0,0,Naive
1,104,0.9878375412973,0,0,-0.259520037663603,0,0,0,0,0,0,0,0,0,0,Naive
2,104,1.1055608225501,0,0,-0.333458640224403,0,0,0,0,0,0,0,0,0,0,Naive
3,104,0.922882589955294,0,0,-0.228415121944299,0,0,0,0,0,0,0,0,0,0,Naive
4,104,1.28696716275401,0,0,-0.152811625690366,0,0,0,0,0,0,0,0,0,0,Naive
5,104,1.21636676117255,0,0,-0.294693387899215,0,0,0,0,0,0,0,0,0,0,Naive
6,104,0.977209736144144,0,0,-0.309650194004761,0,0,0,0,0,0,0,0,0,0,Naive
7,104,0.97654952126137,0,0,-0.237006548939021,0,0,0,0,0,0,0,0,0,0,Naive
8,104,1.09868666472495,0,0,-0.137168268204426,0,0,0,0,0,0,0,0,0,0,Naive
9,104,1.03006700329247,0,0,-0.16792293077842,0,0,0,0,0,0,0,0,0,0,Naive
10,104,1.21375668699828,0,0,-0.337705675981383,0,0,0,0,0,0,0,0,0,0,Naive
1,105,0.85362379370876,0,0,-0.0948564529762075,0,0,0,0,0,0,0,0,0,0,Naive
2,105,0.835192192909753,0,0,0.185511543433887,0,0,0,0,0,0,0,0,0,0,Naive
3,105,0.533102798842743,0,0,-0.0501231779934451,0,0,0,0,0,0,0,0,0,0,Naive
4,105,0.519163411536441,0,0,-0.125174257796032,0,0,0,0,0,0,0,0,0,0,Naive
5,105,0.93203385935399,0,0,0.0364130171641932,0,0,0,0,0,0,0,0,0,0,Naive
6,105,0.982518395732364,0,0,0.0654437167872605,0,0,0,0,0,0,0,0,0,0,Naive
7,105,0.689543387624891,0,0,-0.196456709699832,0,0,0,0,0,0,0,0,0,0,Naive
8,105,0.532769965896282,0,0,-0.0404326363014961,0,0,0,0,0,0,0,0,0,0,Naive
9,105,1.01381511587901,0,0,0.0989247529428269,0,0,0,0,0,0,0,0,0,0,Naive
10,105,1.15417738056571,0,0,0.114549912663781,0,0,0,0,0,0,0,0,0,0,Naive
1,106,1.50194818070379,0,0,-0.187301478504397,0,0,0,0,0,0,0,0,0,0,Naive
2,106,1.26440272347002,0,0,-0.00053574860048009,0,0,0,0,0,0,0,0,0,0,Naive
3,106,1.6162074475071,0,0,-0.200768379719965,0,0,0,0,0,0,0,0,0,0,Naive
4,106,1.19655942864008,0,0,-0.216639615727433,0,0,0,0,0,0,0,0,0,0,Naive
5,106,1.36805550635329,0,0,-0.215533824965826,0,0,0,0,0,0,0,0,0,0,Naive
6,106,1.3467103537765,0,0,-0.112886065183515,0,0,0,0,0,0,0,0,0,0,Naive
7,106,0.758713506039656,0,0,-0.206192407347157,0,0,0,0,0,0,0,0,0,0,Naive
8,106,0.860536104611207,0,0,-0.11016664674496,0,0,0,0,0,0,0,0,0,0,Naive
9,106,0.842060888936807,0,0,-0.204487821576143,0,0,0,0,0,0,0,0,0,0,Naive
10,106,1.46577505178613,0,0,-0.0874798408486246,0,0,0,0,0,0,0,0,0,0,Naive
1,201,0.492861958742644,0,0,-0.21066409152709,0,0,0,0,0,0,0,0,0,0,Convalescent
2,201,0.435305934264815,0,0,-0.142589814092314,0,0,0,0,0,0,0,0,0,0,Convalescent
3,201,0.330496646293197,0,0,-0.213251881074508,0,0,0,0,0,0,0,0,0,0,Convalescent
4,201,0.126387302231261,0,0,-0.291755699967012,0,0,0,0,0,0,0,0,0,0,Convalescent
5,201,0.128311280173344,0,0,-0.0743421003194268,0,0,0,0,0,0,0,0,0,0,Convalescent
6,201,0.267055238443711,0,0,-0.0201610555059733,0,0,0,0,0,0,0,0,0,0,Convalescent
7,201,0.754216138533597,0,0,0.181264525406059,0,0,0,0,0,0,0,0,0,0,Convalescent
8,201,0.631816770837266,0,0,0.0869612519469371,0,0,0,0,0,0,0,0,0,0,Convalescent
9,201,0.39033789522979,0,0,0.076279949156684,0,0,0,0,0,0,0,0,0,0,Convalescent
10,201,0.508990872228566,0,0,0.0185962648758211,0,0,0,0,0,0,0,0,0,0,Convalescent
1,202,-0.542532723024806,0,0,-0.0645735242691011,0,0,0,0,0,0,0,0,0,0,Convalescent
2,202,-0.343313528018179,0,0,-0.0606174245957724,0,0,0,0,0,0,0,0,0,0,Convalescent
3,202,-0.252546593190415,0,0,0.142387664704609,0,0,0,0,0,0,0,0,0,0,Convalescent
4,202,-1.17608724775715,0,0,-0.0391896301735964,0,0,0,0,0,0,0,0,0,0,Convalescent
5,202,-0.315560501538316,0,0,0.0109510882509741,0,0,0,0,0,0,0,0,0,0,Convalescent
6,202,-0.43186994042871,0,0,0.0055898060820683,0,0,0,0,0,0,0,0,0,0,Convalescent
7,202,-0.435405115081186,0,0,-0.167226130153429,0,0,0,0,0,0,0,0,0,0,Convalescent
8,202,0.234736838394953,0,0,0.119296050128035,0,0,0,0,0,0,0,0,0,0,Convalescent
9,202,-0.755372181102983,0,0,0.285831292449876,0,0,0,0,0,0,0,0,0,0,Convalescent
10,202,-0.0578725805377961,0,0,-0.0480371111264122,0,0,0,0,0,0,0,0,0,0,Convalescent
1,203,-0.701646408662581,0,0,-0.137135503670016,0,0,0,0,0,0,0,0,0,0,Convalescent
2,203,0.206929669569441,0,0,0.564011250823948,0,0,0,0,0,0,0,0,0,0,Convalescent
3,203,-0.100564466118615,0,0,0.0898167858073041,0,0,0,0,0,0,0,0,0,0,Convalescent
4,203,-0.547612510418469,0,0,-0.065929990030946,0,0,0,0,0,0,0,0,0,0,Convalescent
5,203,-0.532233144699143,0,0,-0.040149073504089,0,0,0,0,0,0,0,0,0,0,Convalescent
6,203,-0.110655007452486,0,0,0.101520001128321,0,0,0,0,0,0,0,0,0,0,Convalescent
7,203,-0.588752988287903,0,0,-0.283690968332208,0,0,0,0,0,0,0,0,0,0,Convalescent
8,203,0.0227962227965243,0,0,-0.032147319326056,0,0,0,0,0,0,0,0,0,0,Convalescent
9,203,-0.625163996788401,0,0,-0.0769409844548561,0,0,0,0,0,0,0,0,0,0,Convalescent
10,203,-0.645148512113547,0,0,0.265057636893477,0,0,0,0,0,0,0,0,0,0,Convalescent
1,204,-0.248149747462898,0,0,-0.0888546615934823,0,0,0,0,0,0,0,0,0,0,Convalescent
2,204,-0.507757748908233,0,0,-0.0707486635055825,0,0,0,0,0,0,0,0,0,0,Convalescent
3,204,0.0216615465960141,0,0,0.053154337421317,0,0,0,0,0,0,0,0,0,0,Convalescent
4,204,0.0920814201854509,0,0,0.189864950435895,0,0,0,0,0,0,0,0,0,0,Convalescent
5,204,0.67191992492888,0,0,-0.093667249904564,0,0,0,0,0,0,0,0,0,0,Convalescent
6,204,-0.507792248181248,0,0,-0.343024040230232,0,0,0,0,0,0,0,0,0,0,Convalescent
7,204,-0.128149630841127,0,0,-0.0324308429541678,0,0,0,0,0,0,0,0,0,0,Convalescent
8,204,-0.265328739196715,0,0,0.0444169844823758,0,0,0,0,0,0,0,0,0,0,Convalescent
9,204,-0.0785613623046189,0,0,0.135439049563498,0,0,0,0,0,0,0,0,0,0,Convalescent
10,204,-0.0959110827220853,0,0,0.0545971015439863,0,0,0,0,0,0,0,0,0,0,Convalescent
1,205,-0.284235671930695,0,0,-0.0353373871035333,0,0,0,0,0,0,0,0,0,0,Convalescent
2,205,-0.837261433733868,0,0,-0.00967732811206698,0,0,0,0,0,0,0,0,0,0,Convalescent
3,205,-0.198920035689197,0,0,0.117752101411604,0,0,0,0,0,0,0,0,0,0,Convalescent
4,205,-0.483601843060909,0,0,0.0202897730435421,0,0,0,0,0,0,0,0,0,0,Convalescent
5,205,-0.26713547450758,0,0,-0.144112597329517,0,0,0,0,0,0,0,0,0,0,Convalescent
6,205,-0.690513654271918,0,0,-0.282488962348443,0,0,0,0,0,0,0,0,0,0,Convalescent
7,205,-0.925509909964337,0,0,-0.152066109388279,0,0,0,0,0,0,0,0,0,0,Convalescent
8,205,-0.139172458670273,0,0,0.258816507166572,0,0,0,0,0,0,0,0,0,0,Convalescent
9,205,-0.602274690907544,0,0,-0.186725236903909,0,0,0,0,0,0,0,0,0,0,Convalescent
10,205,-0.0630946144332201,0,0,0.0846565360917021,0,0,0,0,0,0,0,0,0,0,Convalescent
1,206,0.018324123840066,0,0,0.236555199844061,0,0,0,0,0,0,0,0,0,0,Convalescent
2,206,-0.507104871850234,0,0,0.588284046639494,0,0,0,0,0,0,0,0,0,0,Convalescent
3,206,-0.418833690010984,0,0,0.107530458933351,0,0,0,0,0,0,0,0,0,0,Convalescent
4,206,-0.536734409556762,0,0,-0.268288269123482,0,0,0,0,0,0,0,0,0,0,Convalescent
5,206,-1.19028384601735,0,0,0.0427176099610908,0,0,0,0,0,0,0,0,0,0,Convalescent
6,206,-1.54579011510377,0,0,-0.11576166586239,0,0,0,0,0,0,0,0,0,0,Convalescent
7,206,-0.958352353358467,0,0,-0.0967573532231462,0,0,0,0,0,0,0,0,0,0,Convalescent
8,206,-0.612560656270296,0,0,-0.0196015255939284,0,0,0,0,0,0,0,0,0,0,Convalescent
9,206,-0.357405787324577,0,0,0.47913617712383,0,0,0,0,0,0,0,0,0,0,Convalescent
10,206,-0.239193024975405,0,0,0.536948211174908,0,0,0,0,0,0,0,0,0,0,Convalescent
1,301,-1.21399156328686,0,0,-0.307686908254516,0,0,0,0,0,0,0,0,0,0,Conv-CD40
2,301,-0.607732849376827,0,0,0.224498343423956,0,0,0,0,0,0,0,0,0,0,Conv-CD40
3,301,-0.358801767407761,0,0,0.363985170039147,0,0,0,0,0,0,0,0,0,0,Conv-CD40
4,301,-1.2167163030579,0,0,-0.321399411382986,0,0,0,0,0,0,0,0,0,0,Conv-CD40
5,301,-1.07160834893758,0,0,0.143215416172216,0,0,0,0,0,0,0,0,0,0,Conv-CD40
6,301,-0.583523391596793,0,0,0.27150024788099,0,0,0,0,0,0,0,0,0,0,Conv-CD40
7,301,-1.59741917102801,0,0,-0.214280108728644,0,0,0,0,0,0,0,0,0,0,Conv-CD40
8,301,-0.703435274846483,0,0,-0.0611306837747163,0,0,0,0,0,0,0,0,0,0,Conv-CD40
9,301,-0.373461648156465,0,0,0.565526712944526,0,0,0,0,0,0,0,0,0,0,Conv-CD40
10,301,-0.544288348475485,0,0,0.169879526712777,0,0,0,0,0,0,0,0,0,0,Conv-CD40
1,302,-1.39650819656543,0,0,0.370438347546168,0,0,0,0,0,0,0,0,0,0,Conv-CD40
2,302,-1.81173973433018,0,0,-0.0455742516034981,0,0,0,0,0,0,0,0,0,0,Conv-CD40
3,302,-2.32628172914017,0,0,-0.0115693808708928,0,0,0,0,0,0,0,0,0,0,Conv-CD40
4,302,-0.793540946657779,0,0,0.0171607349197583,0,0,0,0,0,0,0,0,0,0,Conv-CD40
5,302,-2.04687195600005,0,0,0.0391137172088793,0,0,0,0,0,0,0,0,0,0,Conv-CD40
6,302,-1.97250410068896,0,0,0.0356141243084856,0,0,0,0,0,0,0,0,0,0,Conv-CD40
7,302,-1.21212879965704,0,0,0.0126463446325861,0,0,0,0,0,0,0,0,0,0,Conv-CD40
8,302,-1.47964450753973,0,0,0.254340763172015,0,0,0,0,0,0,0,0,0,0,Conv-CD40
9,302,-1.41197099827126,0,0,-0.0435690203870628,0,0,0,0,0,0,0,0,0,0,Conv-CD40
10,302,-0.885757528038761,0,0,0.0362192587829166,0,0,0,0,0,0,0,0,0,0,Conv-CD40
1,303,-0.951631516192359,0,0,0.10228346825122,0,0,0,0,0,0,0,0,0,0,Conv-CD40
2,303,-1.84103499776035,0,0,-0.260096819768758,0,0,0,0,0,0,0,0,0,0,Conv-CD40
3,303,-0.283035644917796,0,0,0.0112850802343017,0,0,0,0,0,0,0,0,0,0,Conv-CD40
4,303,-1.50280197057819,0,0,-0.169310323528303,0,0,0,0,0,0,0,0,0,0,Conv-CD40
5,303,-1.16593143858106,0,0,-0.18915794257117,0,0,0,0,0,0,0,0,0,0,Conv-CD40
6,303,-0.982463097004008,0,0,0.340835794492679,0,0,0,0,0,0,0,0,0,0,Conv-CD40
7,303,-1.16259731490881,0,0,0.0140327192845764,0,0,0,0,0,0,0,0,0,0,Conv-CD40
8,303,-1.04994908183371,0,0,-0.0595285113899103,0,0,0,0,0,0,0,0,0,0,Conv-CD40
9,303,-1.02700363151138,0,0,-0.060223592996467,0,0,0,0,0,0,0,0,0,0,Conv-CD40
10,303,-0.46990641859338,0,0,-0.0447263317281543,0,0,0,0,0,0,0,0,0,0,Conv-CD40
1,304,-0.461680125492816,0,0,0.110359499239809,0,0,0,0,0,0,0,0,0,0,Conv-CD40
2,304,-0.721137447484072,0,0,-0.171015556153476,0,0,0,0,0,0,0,0,0,0,Conv-CD40
3,304,-0.475899211572789,0,0,0.370589544914908,0,0,0,0,0,0,0,0,0,0,Conv-CD40
4,304,-0.769556831749105,0,0,-0.0862789782847936,0,0,0,0,0,0,0,0,0,0,Conv-CD40
5,304,-0.346194598706741,0,0,-0.126686383045675,0,0,0,0,0,0,0,0,0,0,Conv-CD40
6,304,-0.426402046380329,0,0,0.0410442956940519,0,0,0,0,0,0,0,0,0,0,Conv-CD40
7,304,-0.506385579151987,0,0,0.0086059435390016,0,0,0,0,0,0,0,0,0,0,Conv-CD40
8,304,-0.54022462182742,0,0,-0.0453206085815706,0,0,0,0,0,0,0,0,0,0,Conv-CD40
9,304,-1.16307707207794,0,0,-0.21227813685662,0,0,0,0,0,0,0,0,0,0,Conv-CD40
10,304,-0.676400539653437,0,0,0.172169476732659,0,0,0,0,0,0,0,0,0,0,Conv-CD40
1,305,-0.376039051195463,0,0,0.126875483019043,0,0,0,0,0,0,0,0,0,0,Conv-CD40
2,305,-1.03442547977555,0,0,0.152378998965823,0,0,0,0,0,0,0,0,0,0,Conv-CD40
3,305,-1.42875591365306,0,0,-0.0255734965269456,0,0,0,0,0,0,0,0,0,0,Conv-CD40
4,305,-0.947218993474685,0,0,-0.05892800368553,0,0,0,0,0,0,0,0,0,0,Conv-CD40
5,305,-1.11581626763481,0,0,-0.120488067565103,0,0,0,0,0,0,0,0,0,0,Conv-CD40
6,305,-0.688091647080637,0,0,0.133002924834466,0,0,0,0,0,0,0,0,0,0,Conv-CD40
7,305,-0.832080346024076,0,0,-0.0406905120462755,0,0,0,0,0,0,0,0,0,0,Conv-CD40
8,305,-0.73238716977628,0,0,0.111196236566324,0,0,0,0,0,0,0,0,0,0,Conv-CD40
9,305,-1.08127075534314,0,0,0.0542914604546949,0,0,0,0,0,0,0,0,0,0,Conv-CD40
10,305,-0.0319190711442978,0,0,0.322457885607142,0,0,0,0,0,0,0,0,0,0,Conv-CD40
1,306,-0.126877552133671,0,0,-0.297172030611983,0,0,0,0,0,0,0,0,0,0,Conv-CD40
2,306,-0.934253571038353,0,0,0.150862805292723,0,0,0,0,0,0,0,0,0,0,Conv-CD40
3,306,-0.650147639532811,0,0,0.127181942384398,0,0,0,0,0,0,0,0,0,0,Conv-CD40
4,306,-1.21581597505733,0,0,0.0334863265868637,0,0,0,0,0,0,0,0,0,0,Conv-CD40
5,306,-1.17152535154917,0,0,0.295651238698829,0,0,0,0,0,0,0,0,0,0,Conv-CD40
6,306,-0.560026792642797,0,0,0.116864759744231,0,0,0,0,0,0,0,0,0,0,Conv-CD40
7,306,-0.554539026511282,0,0,-0.263500378990858,0,0,0,0,0,0,0,0,0,0,Conv-CD40
8,306,-1.00901228953604,0,0,-0.0702412620665712,0,0,0,0,0,0,0,0,0,0,Conv-CD40
9,306,-1.63660032497818,0,0,0.168832383035197,0,0,0,0,0,0,0,0,0,0,Conv-CD40
10,306,-1.03120258413473,0,0,-0.149442288362713,0,0,0,0,0,0,0,0,0,0,Conv-CD40
