rep,id,beta_N_pow,fact_beta_T,fact_delta_T,delta_N,c,cI,k,g,mu,P_N,fact_P_T,alpha_VLSG,thresh_Weight,beta_immuno,Group
1,101,-4.782085655246,0,0,2.57887556909853,3,20,3,0,0.001,7863.17743726075,-2.52321480220147,1.35250861904682,4.5,-6.7716875516815e-7,Naive
2,101,-4.7194474602234,0,0,2.34502538835628,3,20,3,0,0.001,7863.17743726075,-2.52321480220147,1.35250861904682,4.5,-6.7716875516815e-7,Naive
3,101,-4.79288258847065,0,0,2.4086933242794,3,20,3,0,0.001,7863.17743726075,-2.52321480220147,1.35250861904682,4.5,-6.7716875516815e-7,Naive
4,101,-4.7270266979377,0,0,2.23689936714007,3,20,3,0,0.001,7863.17743726075,-2.52321480220147,1.35250861904682,4.5,-6.7716875516815e-7,Naive
5,101,-4.4038103752015,0,0,2.17063280029656,3,20,3,0,0.001,7863.17743726075,-2.52321480220147,1.35250861904682,4.5,-6.7716875516815e-7,Naive
6,101,-4.56615891372317,0,0,2.37520363062968,3,20,3,0,0.001,7863.17743726075,-2.52321480220147,1.35250861904682,4.5,-6.7716875516815e-7,Naive
7,101,-4.89868007849673,0,0,2.42643492665047,3,20,3,0,0.001,7863.17743726075,-2.52321480220147,1.35250861904682,4.5,-6.7716875516815e-7,Naive
8,101,-4.66885536923855,0,0,2.90055966843882,3,20,3,0,0.001,7863.17743726075,-2.52321480220147,1.35250861904682,4.5,-6.7716875516815e-7,Naive
9,101,-5.10459300246788,0,0,1.73979716425832,3,20,3,0,0.001,7863.17743726075,-2.52321480220147,1.35250861904682,4.5,-6.7716875516815e-7,Naive
10,101,-4.68532147059657,0,0,2.41017638781171,3,20,3,0,0.001,7863.17743726075,-2.52321480220147,1.35250861904682,4.5,-6.7716875516815e-7,Naive
1,102,-4.75821313795032,0,0,1.62840389099058,3,20,3,0,0.001,7863.17743726075,-2.52321480220147,1.35250861904682,4.5,-6.7716875516815e-7,Naive
2,102,-5.10652700484171,0,0,1.54662983540223,3,20,3,0,0.001,7863.17743726075,-2.52321480220147,1.35250861904682,4.5,-6.7716875516815e-7,Naive
3,102,-5.10321459020225,0,0,1.77316503801631,3,20,3,0,0.001,7863.17743726075,-2.52321480220147,1.35250861904682,4.5,-6.7716875516815e-7,Naive
4,102,-5.22355046978005,0,0,1.8942911985075,3,20,3,0,0.001,7863.17743726075,-2.52321480220147,1.35250861904682,4.5,-6.7716875516815e-7,Naive
5,102,-5.14652435381489,0,0,1.88270789560389,3,20,3,0,0.001,7863.17743726075,-2.52321480220147,1.35250861904682,4.5,-6.7716875516815e-7,Naive
6,102,-5.14443094881755,0,0,1.84251467945384,3,20,3,0,0.001,7863.17743726075,-2.52321480220147,1.35250861904682,4.5,-6.7716875516815e-7,Naive
7,102,-4.92226572083311,0,0,1.90319226967979,3,20,3,0,0.001,7863.17743726075,-2.52321480220147,1.35250861904682,4.5,-6.7716875516815e-7,Naive
8,102,-4.75183728210864,0,0,1.69120796521462,3,20,3,0,0.001,7863.17743726075,-2.52321480220147,1.35250861904682,4.5,-6.7716875516815e-7,Naive
9,102,-4.97221489883669,0,0,1.75056830825676,3,20,3,0,0.001,7863.17743726075,-2.52321480220147,1.35250861904682,4.5,-6.7716875516815e-7,Naive
10,102,-4.80331469369052,0,0,1.82564910139124,3,20,3,0,0.001,7863.17743726075,-2.52321480220147,1.35250861904682,4.5,-6.7716875516815e-7,Naive
1,103,-6.06493590637468,0,0,1.71675511470407,3,20,3,0,0.001,7863.17743726075,-2.52321480220147,1.35250861904682,4.5,-6.7716875516815e-7,Naive
2,103,-5.69141053838045,0,0,1.95767627868997,3,20,3,0,0.001,7863.17743726075,-2.52321480220147,1.35250861904682,4.5,-6.7716875516815e-7,Naive
3,103,-5.96732763534372,0,0,2.23885191597516,3,20,3,0,0.001,7863.17743726075,-2.52321480220147,1.35250861904682,4.5,-6.7716875516815e-7,Naive
4,103,-5.92960095032378,0,0,1.92882496659201,3,20,3,0,0.001,7863.17743726075,-2.52321480220147,1.35250861904682,4.5,-6.7716875516815e-7,Naive
5,103,-5.85095733071136,0,0,2.46370597405121,3,20,3,0,0.001,7863.17743726075,-2.52321480220147,1.35250861904682,4.5,-6.7716875516815e-7,Naive
6,103,-6.12956307116399,0,0,2.31209274969838,3,20,3,0,0.001,7863.17743726075,-2.52321480220147,1.35250861904682,4.5,-6.7716875516815e-7,Naive
7,103,-5.50856832148381,0,0,2.26195541726404,3,20,3,0,0.001,7863.17743726075,-2.52321480220147,1.35250861904682,4.5,-6.7716875516815e-7,Naive
8,103,-5.74868288896432,0,0,2.15419545796664,3,20,3,0,0.001,7863.17743726075,-2.52321480220147,1.35250861904682,4.5,-6.7716875516815e-7,Naive
9,103,-5.91257788604045,0,0,2.24799225913372,3,20,3,0,0.001,7863.17743726075,-2.52321480220147,1.35250861904682,4.5,-6.7716875516815e-7,Naive
10,103,-5.92914321327355,0,0,2.08887760568305,3,20,3,0,0.001,7863.17743726075,-2.52321480220147,1.35250861904682,4.5,-6.7716875516815e-7,Naive
1,104,-5.74462871774572,0,0,1.47796594871468,3,20,3,0,0.001,7863.17743726075,-2.52321480220147,1.35250861904682,4.5,-6.7716875516815e-7,Naive
2,104,-5.62690543649292,0,0,1.37262941437651,3,20,3,0,0.001,7863.17743726075,-2.52321480220147,1.35250861904682,4.5,-6.7716875516815e-7,Naive
3,104,-5.80958366908772,0,0,1.52466040378914,3,20,3,0,0.001,7863.17743726075,-2.52321480220147,1.35250861904682,4.5,-6.7716875516815e-7,Naive
4,104,-5.44549909628901,0,0,1.64439937419672,3,20,3,0,0.001,7863.17743726075,-2.52321480220147,1.35250861904682,4.5,-6.7716875516815e-7,Naive
5,104,-5.51609949787047,0,0,1.42688455290932,3,20,3,0,0.001,7863.17743726075,-2.52321480220147,1.35250861904682,4.5,-6.7716875516815e-7,Naive
6,104,-5.75525652289888,0,0,1.40570172592683,3,20,3,0,0.001,7863.17743726075,-2.52321480220147,1.35250861904682,4.5,-6.7716875516815e-7,Naive
7,104,-5.75591673778165,0,0,1.51161750402624,3,20,3,0,0.001,7863.17743726075,-2.52321480220147,1.35250861904682,4.5,-6.7716875516815e-7,Naive
8,104,-5.63377959431807,0,0,1.67032555903822,3,20,3,0,0.001,7863.17743726075,-2.52321480220147,1.35250861904682,4.5,-6.7716875516815e-7,Naive
9,104,-5.70239925575055,0,0,1.61973716197586,3,20,3,0,0.001,7863.17743726075,-2.52321480220147,1.35250861904682,4.5,-6.7716875516815e-7,Naive
10,104,-5.51870957204474,0,0,1.36681216993909,3,20,3,0,0.001,7863.17743726075,-2.52321480220147,1.35250861904682,4.5,-6.7716875516815e-7,Naive
1,105,-5.87884246533426,0,0,1.74251656173407,3,20,3,0,0.001,7863.17743726075,-2.52321480220147,1.35250861904682,4.5,-6.7716875516815e-7,Naive
2,105,-5.89727406613327,0,0,2.30642421100149,3,20,3,0,0.001,7863.17743726075,-2.52321480220147,1.35250861904682,4.5,-6.7716875516815e-7,Naive
3,105,-6.19936346020028,0,0,1.82223476950119,3,20,3,0,0.001,7863.17743726075,-2.52321480220147,1.35250861904682,4.5,-6.7716875516815e-7,Naive
4,105,-6.21330284750658,0,0,1.69048008637166,3,20,3,0,0.001,7863.17743726075,-2.52321480220147,1.35250861904682,4.5,-6.7716875516815e-7,Naive
5,105,-5.80043239968903,0,0,1.98694808982632,3,20,3,0,0.001,7863.17743726075,-2.52321480220147,1.35250861904682,4.5,-6.7716875516815e-7,Naive
6,105,-5.74994786331066,0,0,2.0454760259917,3,20,3,0,0.001,7863.17743726075,-2.52321480220147,1.35250861904682,4.5,-6.7716875516815e-7,Naive
7,105,-6.04292287141813,0,0,1.57417308887095,3,20,3,0,0.001,7863.17743726075,-2.52321480220147,1.35250861904682,4.5,-6.7716875516815e-7,Naive
8,105,-6.19969629314674,0,0,1.83997904848669,3,20,3,0,0.001,7863.17743726075,-2.52321480220147,1.35250861904682,4.5,-6.7716875516815e-7,Naive
9,105,-5.71865114316401,0,0,2.11512005421263,3,20,3,0,0.001,7863.17743726075,-2.52321480220147,1.35250861904682,4.5,-6.7716875516815e-7,Naive
10,105,-5.5782888784773,0,0,2.14842869160128,3,20,3,0,0.001,7863.17743726075,-2.52321480220147,1.35250861904682,4.5,-6.7716875516815e-7,Naive
1,106,-5.23051807833923,0,0,1.5886511814564,3,20,3,0,0.001,7863.17743726075,-2.52321480220147,1.35250861904682,4.5,-6.7716875516815e-7,Naive
2,106,-5.46806353557301,0,0,1.91487256086124,3,20,3,0,0.001,7863.17743726075,-2.52321480220147,1.35250861904682,4.5,-6.7716875516815e-7,Naive
3,106,-5.11625881153592,0,0,1.567400385281,3,20,3,0,0.001,7863.17743726075,-2.52321480220147,1.35250861904682,4.5,-6.7716875516815e-7,Naive
4,106,-5.53590683040294,0,0,1.54272017464053,3,20,3,0,0.001,7863.17743726075,-2.52321480220147,1.35250861904682,4.5,-6.7716875516815e-7,Naive
5,106,-5.36441075268973,0,0,1.5444270439036,3,20,3,0,0.001,7863.17743726075,-2.52321480220147,1.35250861904682,4.5,-6.7716875516815e-7,Naive
6,106,-5.38575590526652,0,0,1.71138118664934,3,20,3,0,0.001,7863.17743726075,-2.52321480220147,1.35250861904682,4.5,-6.7716875516815e-7,Naive
7,106,-5.97375275300336,0,0,1.55892177717742,3,20,3,0,0.001,7863.17743726075,-2.52321480220147,1.35250861904682,4.5,-6.7716875516815e-7,Naive
8,106,-5.87193015443181,0,0,1.71604148197824,3,20,3,0,0.001,7863.17743726075,-2.52321480220147,1.35250861904682,4.5,-6.7716875516815e-7,Naive
9,106,-5.89040537010621,0,0,1.56158135915575,3,20,3,0,0.001,7863.17743726075,-2.52321480220147,1.35250861904682,4.5,-6.7716875516815e-7,Naive
10,106,-5.26669120725689,0,0,1.75541795632602,3,20,3,0,0.001,7863.17743726075,-2.52321480220147,1.35250861904682,4.5,-6.7716875516815e-7,Naive
1,201,-6.23960430030038,0,0,1.55196633419091,3,20,3,0,0.001,7863.17743726075,-2.52321480220147,1.35250861904682,4.5,-6.7716875516815e-7,Convalescent
2,201,-6.2971603247782,0,0,1.66129431614246,3,20,3,0,0.001,7863.17743726075,-2.52321480220147,1.35250861904682,4.5,-6.7716875516815e-7,Convalescent
3,201,-6.40196961274982,0,0,1.54795536394513,3,20,3,0,0.001,7863.17743726075,-2.52321480220147,1.35250861904682,4.5,-6.7716875516815e-7,Convalescent
4,201,-6.60607895681176,0,0,1.43108245748886,3,20,3,0,0.001,7863.17743726075,-2.52321480220147,1.35250861904682,4.5,-6.7716875516815e-7,Convalescent
5,201,-6.60415497886968,0,0,1.77863234033364,3,20,3,0,0.001,7863.17743726075,-2.52321480220147,1.35250861904682,4.5,-6.7716875516815e-7,Convalescent
6,201,-6.46541102059931,0,0,1.87765895776259,3,20,3,0,0.001,7863.17743726075,-2.52321480220147,1.35250861904682,4.5,-6.7716875516815e-7,Convalescent
7,201,-5.97825012050942,0,0,2.29664955705555,3,20,3,0,0.001,7863.17743726075,-2.52321480220147,1.35250861904682,4.5,-6.7716875516815e-7,Convalescent
8,201,-6.10064948820575,0,0,2.08996657518102,3,20,3,0,0.001,7863.17743726075,-2.52321480220147,1.35250861904682,4.5,-6.7716875516815e-7,Convalescent
9,201,-6.34212836381323,0,0,2.06776180840053,3,20,3,0,0.001,7863.17743726075,-2.52321480220147,1.35250861904682,4.5,-6.7716875516815e-7,Convalescent
10,201,-6.22347538681445,0,0,1.95186062837027,3,20,3,0,0.001,7863.17743726075,-2.52321480220147,1.35250861904682,4.5,-6.7716875516815e-7,Convalescent
1,202,-7.27499898206783,0,0,1.79609218568731,3,20,3,0,0.001,7863.17743726075,-2.52321480220147,1.35250861904682,4.5,-6.7716875516815e-7,Convalescent
2,202,-7.0757797870612,0,0,1.80321177902124,3,20,3,0,0.001,7863.17743726075,-2.52321480220147,1.35250861904682,4.5,-6.7716875516815e-7,Convalescent
3,202,-6.98501285223343,0,0,2.209076347523,3,20,3,0,0.001,7863.17743726075,-2.52321480220147,1.35250861904682,4.5,-6.7716875516815e-7,Convalescent
4,202,-7.90855350680017,0,0,1.84226757575121,3,20,3,0,0.001,7863.17743726075,-2.52321480220147,1.35250861904682,4.5,-6.7716875516815e-7,Convalescent
5,202,-7.04802676058133,0,0,1.93699520591478,3,20,3,0,0.001,7863.17743726075,-2.52321480220147,1.35250861904682,4.5,-6.7716875516815e-7,Convalescent
6,202,-7.16433619947173,0,0,1.92663821623596,3,20,3,0,0.001,7863.17743726075,-2.52321480220147,1.35250861904682,4.5,-6.7716875516815e-7,Convalescent
7,202,-7.16787137412421,0,0,1.62086618915039,3,20,3,0,0.001,7863.17743726075,-2.52321480220147,1.35250861904682,4.5,-6.7716875516815e-7,Convalescent
8,202,-6.49772942064807,0,0,2.15864966539076,3,20,3,0,0.001,7863.17743726075,-2.52321480220147,1.35250861904682,4.5,-6.7716875516815e-7,Convalescent
9,202,-7.487838440146,0,0,2.5498081310537,3,20,3,0,0.001,7863.17743726075,-2.52321480220147,1.35250861904682,4.5,-6.7716875516815e-7,Convalescent
10,202,-6.79033883958082,0,0,1.82604004072297,3,20,3,0,0.001,7863.17743726075,-2.52321480220147,1.35250861904682,4.5,-6.7716875516815e-7,Convalescent
1,203,-7.4341126677056,0,0,1.67038028737404,3,20,3,0,0.001,7863.17743726075,-2.52321480220147,1.35250861904682,4.5,-6.7716875516815e-7,Convalescent
2,203,-6.52553658947358,0,0,3.36759241451689,3,20,3,0,0.001,7863.17743726075,-2.52321480220147,1.35250861904682,4.5,-6.7716875516815e-7,Convalescent
3,203,-6.83303072516163,0,0,2.09594307449049,3,20,3,0,0.001,7863.17743726075,-2.52321480220147,1.35250861904682,4.5,-6.7716875516815e-7,Convalescent
4,203,-7.28007876946149,0,0,1.79365749978965,3,20,3,0,0.001,7863.17743726075,-2.52321480220147,1.35250861904682,4.5,-6.7716875516815e-7,Convalescent
5,203,-7.26469940374216,0,0,1.84050087207423,3,20,3,0,0.001,7863.17743726075,-2.52321480220147,1.35250861904682,4.5,-6.7716875516815e-7,Convalescent
6,203,-6.84312126649551,0,0,2.12061644485936,3,20,3,0,0.001,7863.17743726075,-2.52321480220147,1.35250861904682,4.5,-6.7716875516815e-7,Convalescent
7,203,-7.32121924733092,0,0,1.44267041754322,3,20,3,0,0.001,7863.17743726075,-2.52321480220147,1.35250861904682,4.5,-6.7716875516815e-7,Convalescent
8,203,-6.7096700362465,0,0,1.85528718695059,3,20,3,0,0.001,7863.17743726075,-2.52321480220147,1.35250861904682,4.5,-6.7716875516815e-7,Convalescent
9,203,-7.35763025583142,0,0,1.77401588237963,3,20,3,0,0.001,7863.17743726075,-2.52321480220147,1.35250861904682,4.5,-6.7716875516815e-7,Convalescent
10,203,-7.37761477115657,0,0,2.49738568334618,3,20,3,0,0.001,7863.17743726075,-2.52321480220147,1.35250861904682,4.5,-6.7716875516815e-7,Convalescent
1,204,-6.98061600650592,0,0,1.75300622952966,3,20,3,0,0.001,7863.17743726075,-2.52321480220147,1.35250861904682,4.5,-6.7716875516815e-7,Convalescent
2,204,-7.24022400795125,0,0,1.78503524058249,3,20,3,0,0.001,7863.17743726075,-2.52321480220147,1.35250861904682,4.5,-6.7716875516815e-7,Convalescent
3,204,-6.710804712447,0,0,2.02049222725343,3,20,3,0,0.001,7863.17743726075,-2.52321480220147,1.35250861904682,4.5,-6.7716875516815e-7,Convalescent
4,204,-6.64038483885757,0,0,2.31648690191333,3,20,3,0,0.001,7863.17743726075,-2.52321480220147,1.35250861904682,4.5,-6.7716875516815e-7,Convalescent
5,204,-6.06054633411414,0,0,1.74459000040714,3,20,3,0,0.001,7863.17743726075,-2.52321480220147,1.35250861904682,4.5,-6.7716875516815e-7,Convalescent
6,204,-7.24025850722427,0,0,1.35956226087681,3,20,3,0,0.001,7863.17743726075,-2.52321480220147,1.35250861904682,4.5,-6.7716875516815e-7,Convalescent
7,204,-6.86061588988415,0,0,1.85476124375834,3,20,3,0,0.001,7863.17743726075,-2.52321480220147,1.35250861904682,4.5,-6.7716875516815e-7,Convalescent
8,204,-6.99779499823973,0,0,2.00291537296317,3,20,3,0,0.001,7863.17743726075,-2.52321480220147,1.35250861904682,4.5,-6.7716875516815e-7,Convalescent
9,204,-6.81102762134764,0,0,2.1937795335516,3,20,3,0,0.001,7863.17743726075,-2.52321480220147,1.35250861904682,4.5,-6.7716875516815e-7,Convalescent
10,204,-6.82837734176511,0,0,2.02340942485703,3,20,3,0,0.001,7863.17743726075,-2.52321480220147,1.35250861904682,4.5,-6.7716875516815e-7,Convalescent
1,205,-7.01670193097371,0,0,1.84937812524236,3,20,3,0,0.001,7863.17743726075,-2.52321480220147,1.35250861904682,4.5,-6.7716875516815e-7,Convalescent
2,205,-7.56972769277689,0,0,1.89744736932808,3,20,3,0,0.001,7863.17743726075,-2.52321480220147,1.35250861904682,4.5,-6.7716875516815e-7,Convalescent
3,205,-6.93138629473222,0,0,2.15531939255745,3,20,3,0,0.001,7863.17743726075,-2.52321480220147,1.35250861904682,4.5,-6.7716875516815e-7,Convalescent
4,205,-7.21606810210393,0,0,1.95516892080613,3,20,3,0,0.001,7863.17743726075,-2.52321480220147,1.35250861904682,4.5,-6.7716875516815e-7,Convalescent
5,205,-6.9996017335506,0,0,1.65876645019021,3,20,3,0,0.001,7863.17743726075,-2.52321480220147,1.35250861904682,4.5,-6.7716875516815e-7,Convalescent
6,205,-7.42297991331494,0,0,1.44440555863379,3,20,3,0,0.001,7863.17743726075,-2.52321480220147,1.35250861904682,4.5,-6.7716875516815e-7,Convalescent
7,205,-7.65797616900736,0,0,1.64562575782502,3,20,3,0,0.001,7863.17743726075,-2.52321480220147,1.35250861904682,4.5,-6.7716875516815e-7,Convalescent
8,205,-6.87163871771329,0,0,2.48184771299845,3,20,3,0,0.001,7863.17743726075,-2.52321480220147,1.35250861904682,4.5,-6.7716875516815e-7,Convalescent
9,205,-7.33474094995056,0,0,1.58956689216579,3,20,3,0,0.001,7863.17743726075,-2.52321480220147,1.35250861904682,4.5,-6.7716875516815e-7,Convalescent
10,205,-6.79556087347624,0,0,2.08515534247011,3,20,3,0,0.001,7863.17743726075,-2.52321480220147,1.35250861904682,4.5,-6.7716875516815e-7,Convalescent
1,206,-6.71414213520295,0,0,2.42720895977649,3,20,3,0,0.001,7863.17743726075,-2.52321480220147,1.35250861904682,4.5,-6.7716875516815e-7,Convalescent
2,206,-7.23957113089325,0,0,3.45033341293782,3,20,3,0,0.001,7863.17743726075,-2.52321480220147,1.35250861904682,4.5,-6.7716875516815e-7,Convalescent
3,206,-7.151299949054,0,0,2.1334007016533,3,20,3,0,0.001,7863.17743726075,-2.52321480220147,1.35250861904682,4.5,-6.7716875516815e-7,Convalescent
4,206,-7.26920066859978,0,0,1.46506344989848,3,20,3,0,0.001,7863.17743726075,-2.52321480220147,1.35250861904682,4.5,-6.7716875516815e-7,Convalescent
5,206,-7.92275010506036,0,0,1.9995145600559,3,20,3,0,0.001,7863.17743726075,-2.52321480220147,1.35250861904682,4.5,-6.7716875516815e-7,Convalescent
6,206,-8.27825637414679,0,0,1.70646700674305,3,20,3,0,0.001,7863.17743726075,-2.52321480220147,1.35250861904682,4.5,-6.7716875516815e-7,Convalescent
7,206,-7.69081861240149,0,0,1.73920735780133,3,20,3,0,0.001,7863.17743726075,-2.52321480220147,1.35250861904682,4.5,-6.7716875516815e-7,Convalescent
8,206,-7.34502691531332,0,0,1.87870985809174,3,20,3,0,0.001,7863.17743726075,-2.52321480220147,1.35250861904682,4.5,-6.7716875516815e-7,Convalescent
9,206,-7.0898720463676,0,0,3.09356144463671,3,20,3,0,0.001,7863.17743726075,-2.52321480220147,1.35250861904682,4.5,-6.7716875516815e-7,Convalescent
10,206,-6.97165928401842,0,0,3.27767730340235,3,20,3,0,0.001,7863.17743726075,-2.52321480220147,1.35250861904682,4.5,-6.7716875516815e-7,Convalescent
1,301,-7.94645782232988,0,0,1.40846423100052,3,20,3,0,0.001,7863.17743726075,-2.52321480220147,1.35250861904682,4.5,-6.7716875516815e-7,Conv-CD40
2,301,-7.34019910841985,0,0,2.39812016195657,3,20,3,0,0.001,7863.17743726075,-2.52321480220147,1.35250861904682,4.5,-6.7716875516815e-7,Conv-CD40
3,301,-7.09126802645078,0,0,2.75707956586058,3,20,3,0,0.001,7863.17743726075,-2.52321480220147,1.35250861904682,4.5,-6.7716875516815e-7,Conv-CD40
4,301,-7.94918256210092,0,0,1.38928247632762,3,20,3,0,0.001,7863.17743726075,-2.52321480220147,1.35250861904682,4.5,-6.7716875516815e-7,Conv-CD40
5,301,-7.8040746079806,0,0,2.21090567071975,3,20,3,0,0.001,7863.17743726075,-2.52321480220147,1.35250861904682,4.5,-6.7716875516815e-7,Conv-CD40
6,301,-7.31598965063981,0,0,2.51352730906456,3,20,3,0,0.001,7863.17743726075,-2.52321480220147,1.35250861904682,4.5,-6.7716875516815e-7,Conv-CD40
7,301,-8.32988543007103,0,0,1.54636453144169,3,20,3,0,0.001,7863.17743726075,-2.52321480220147,1.35250861904682,4.5,-6.7716875516815e-7,Conv-CD40
8,301,-7.4359015338895,0,0,1.80228650149798,3,20,3,0,0.001,7863.17743726075,-2.52321480220147,1.35250861904682,4.5,-6.7716875516815e-7,Conv-CD40
9,301,-7.10592790719948,0,0,3.37269974226204,3,20,3,0,0.001,7863.17743726075,-2.52321480220147,1.35250861904682,4.5,-6.7716875516815e-7,Conv-CD40
10,301,-7.27675460751851,0,0,2.27065048537688,3,20,3,0,0.001,7863.17743726075,-2.52321480220147,1.35250861904682,4.5,-6.7716875516815e-7,Conv-CD40
1,302,-8.12897445560845,0,0,2.77492902060722,3,20,3,0,0.001,7863.17743726075,-2.52321480220147,1.35250861904682,4.5,-6.7716875516815e-7,Conv-CD40
2,302,-8.5442059933732,0,0,1.83054286346036,3,20,3,0,0.001,7863.17743726075,-2.52321480220147,1.35250861904682,4.5,-6.7716875516815e-7,Conv-CD40
3,302,-9.05874798818319,0,0,1.89386069295866,3,20,3,0,0.001,7863.17743726075,-2.52321480220147,1.35250861904682,4.5,-6.7716875516815e-7,Conv-CD40
4,302,-7.5260072057008,0,0,1.94906068415092,3,20,3,0,0.001,7863.17743726075,-2.52321480220147,1.35250861904682,4.5,-6.7716875516815e-7,Conv-CD40
5,302,-8.77933821504307,0,0,1.99232149333081,3,20,3,0,0.001,7863.17743726075,-2.52321480220147,1.35250861904682,4.5,-6.7716875516815e-7,Conv-CD40
6,302,-8.70497035973198,0,0,1.98536136508862,3,20,3,0,0.001,7863.17743726075,-2.52321480220147,1.35250861904682,4.5,-6.7716875516815e-7,Conv-CD40
7,302,-7.94459505870006,0,0,1.9402816943319,3,20,3,0,0.001,7863.17743726075,-2.52321480220147,1.35250861904682,4.5,-6.7716875516815e-7,Conv-CD40
8,302,-8.21211076658275,0,0,2.47076441949573,3,20,3,0,0.001,7863.17743726075,-2.52321480220147,1.35250861904682,4.5,-6.7716875516815e-7,Conv-CD40
9,302,-8.14443725731428,0,0,1.83421720787706,3,20,3,0,0.001,7863.17743726075,-2.52321480220147,1.35250861904682,4.5,-6.7716875516815e-7,Conv-CD40
10,302,-7.61822378708178,0,0,1.98656313927566,3,20,3,0,0.001,7863.17743726075,-2.52321480220147,1.35250861904682,4.5,-6.7716875516815e-7,Conv-CD40
1,303,-7.68409777523538,0,0,2.12223608398723,3,20,3,0,0.001,7863.17743726075,-2.52321480220147,1.35250861904682,4.5,-6.7716875516815e-7,Conv-CD40
2,303,-8.57350125680337,0,0,1.47711373019926,3,20,3,0,0.001,7863.17743726075,-2.52321480220147,1.35250861904682,4.5,-6.7716875516815e-7,Conv-CD40
3,303,-7.01550190396082,0,0,1.93764225483386,3,20,3,0,0.001,7863.17743726075,-2.52321480220147,1.35250861904682,4.5,-6.7716875516815e-7,Conv-CD40
4,303,-8.23526822962121,0,0,1.61749150854248,3,20,3,0,0.001,7863.17743726075,-2.52321480220147,1.35250861904682,4.5,-6.7716875516815e-7,Conv-CD40
5,303,-7.89839769762408,0,0,1.58570464354053,3,20,3,0,0.001,7863.17743726075,-2.52321480220147,1.35250861904682,4.5,-6.7716875516815e-7,Conv-CD40
6,303,-7.71492935604703,0,0,2.69398797850994,3,20,3,0,0.001,7863.17743726075,-2.52321480220147,1.35250861904682,4.5,-6.7716875516815e-7,Conv-CD40
7,303,-7.89506357395183,0,0,1.94297351719699,3,20,3,0,0.001,7863.17743726075,-2.52321480220147,1.35250861904682,4.5,-6.7716875516815e-7,Conv-CD40
8,303,-7.78241534087673,0,0,1.80517638959145,3,20,3,0,0.001,7863.17743726075,-2.52321480220147,1.35250861904682,4.5,-6.7716875516815e-7,Conv-CD40
9,303,-7.7594698905544,0,0,1.80392208066049,3,20,3,0,0.001,7863.17743726075,-2.52321480220147,1.35250861904682,4.5,-6.7716875516815e-7,Conv-CD40
10,303,-7.2023726776364,0,0,1.83209567537396,3,20,3,0,0.001,7863.17743726075,-2.52321480220147,1.35250861904682,4.5,-6.7716875516815e-7,Conv-CD40
1,304,-7.19414638453584,0,0,2.13944472358784,3,20,3,0,0.001,7863.17743726075,-2.52321480220147,1.35250861904682,4.5,-6.7716875516815e-7,Conv-CD40
2,304,-7.45360370652709,0,0,1.61473565960073,3,20,3,0,0.001,7863.17743726075,-2.52321480220147,1.35250861904682,4.5,-6.7716875516815e-7,Conv-CD40
3,304,-7.20836547061581,0,0,2.77534861429351,3,20,3,0,0.001,7863.17743726075,-2.52321480220147,1.35250861904682,4.5,-6.7716875516815e-7,Conv-CD40
4,304,-7.50202309079212,0,0,1.75752723825903,3,20,3,0,0.001,7863.17743726075,-2.52321480220147,1.35250861904682,4.5,-6.7716875516815e-7,Conv-CD40
5,304,-7.07866085774976,0,0,1.68792580043587,3,20,3,0,0.001,7863.17743726075,-2.52321480220147,1.35250861904682,4.5,-6.7716875516815e-7,Conv-CD40
6,304,-7.15886830542335,0,0,1.99617154155571,3,20,3,0,0.001,7863.17743726075,-2.52321480220147,1.35250861904682,4.5,-6.7716875516815e-7,Conv-CD40
7,304,-7.23885183819501,0,0,1.93245799413906,3,20,3,0,0.001,7863.17743726075,-2.52321480220147,1.35250861904682,4.5,-6.7716875516815e-7,Conv-CD40
8,304,-7.27269088087044,0,0,1.83100722677278,3,20,3,0,0.001,7863.17743726075,-2.52321480220147,1.35250861904682,4.5,-6.7716875516815e-7,Conv-CD40
9,304,-7.89554333112096,0,0,1.54946341063703,3,20,3,0,0.001,7863.17743726075,-2.52321480220147,1.35250861904682,4.5,-6.7716875516815e-7,Conv-CD40
10,304,-7.40886679869646,0,0,2.27585611954725,3,20,3,0,0.001,7863.17743726075,-2.52321480220147,1.35250861904682,4.5,-6.7716875516815e-7,Conv-CD40
1,305,-7.10850531023848,0,0,2.17507316745623,3,20,3,0,0.001,7863.17743726075,-2.52321480220147,1.35250861904682,4.5,-6.7716875516815e-7,Conv-CD40
2,305,-7.76689173881856,0,0,2.23125859832934,3,20,3,0,0.001,7863.17743726075,-2.52321480220147,1.35250861904682,4.5,-6.7716875516815e-7,Conv-CD40
3,305,-8.16122217269608,0,0,1.86752369240149,3,20,3,0,0.001,7863.17743726075,-2.52321480220147,1.35250861904682,4.5,-6.7716875516815e-7,Conv-CD40
4,305,-7.6796852525177,0,0,1.80626073746821,3,20,3,0,0.001,7863.17743726075,-2.52321480220147,1.35250861904682,4.5,-6.7716875516815e-7,Conv-CD40
5,305,-7.84828252667783,0,0,1.69842058845828,3,20,3,0,0.001,7863.17743726075,-2.52321480220147,1.35250861904682,4.5,-6.7716875516815e-7,Conv-CD40
6,305,-7.42055790612366,0,0,2.18844171741268,3,20,3,0,0.001,7863.17743726075,-2.52321480220147,1.35250861904682,4.5,-6.7716875516815e-7,Conv-CD40
7,305,-7.5645466050671,0,0,1.83950462369313,3,20,3,0,0.001,7863.17743726075,-2.52321480220147,1.35250861904682,4.5,-6.7716875516815e-7,Conv-CD40
8,305,-7.4648534288193,0,0,2.14123562599904,3,20,3,0,0.001,7863.17743726075,-2.52321480220147,1.35250861904682,4.5,-6.7716875516815e-7,Conv-CD40
9,305,-7.81373701438616,0,0,2.0227910822966,3,20,3,0,0.001,7863.17743726075,-2.52321480220147,1.35250861904682,4.5,-6.7716875516815e-7,Conv-CD40
10,305,-6.76438533018732,0,0,2.64493028258694,3,20,3,0,0.001,7863.17743726075,-2.52321480220147,1.35250861904682,4.5,-6.7716875516815e-7,Conv-CD40
1,306,-6.85934381117669,0,0,1.4233521954448,3,20,3,0,0.001,7863.17743726075,-2.52321480220147,1.35250861904682,4.5,-6.7716875516815e-7,Conv-CD40
2,306,-7.66671983008137,0,0,2.22787814152071,3,20,3,0,0.001,7863.17743726075,-2.52321480220147,1.35250861904682,4.5,-6.7716875516815e-7,Conv-CD40
3,306,-7.38261389857583,0,0,2.17573984114771,3,20,3,0,0.001,7863.17743726075,-2.52321480220147,1.35250861904682,4.5,-6.7716875516815e-7,Conv-CD40
4,306,-7.94828223410035,0,0,1.98114140889813,3,20,3,0,0.001,7863.17743726075,-2.52321480220147,1.35250861904682,4.5,-6.7716875516815e-7,Conv-CD40
5,306,-7.90399161059219,0,0,2.57497045397235,3,20,3,0,0.001,7863.17743726075,-2.52321480220147,1.35250861904682,4.5,-6.7716875516815e-7,Conv-CD40
6,306,-7.29249305168582,0,0,2.15340773612557,3,20,3,0,0.001,7863.17743726075,-2.52321480220147,1.35250861904682,4.5,-6.7716875516815e-7,Conv-CD40
7,306,-7.2870052855543,0,0,1.4720948320443,3,20,3,0,0.001,7863.17743726075,-2.52321480220147,1.35250861904682,4.5,-6.7716875516815e-7,Conv-CD40
8,306,-7.74147854857906,0,0,1.78594119985533,3,20,3,0,0.001,7863.17743726075,-2.52321480220147,1.35250861904682,4.5,-6.7716875516815e-7,Conv-CD40
9,306,-8.3690665840212,0,0,2.26827403253806,3,20,3,0,0.001,7863.17743726075,-2.52321480220147,1.35250861904682,4.5,-6.7716875516815e-7,Conv-CD40
10,306,-7.76366884317775,0,0,1.64994925484941,3,20,3,0,0.001,7863.17743726075,-2.52321480220147,1.35250861904682,4.5,-6.7716875516815e-7,Conv-CD40
