id,eta_beta_N_pow_SAEM,eta_fact_beta_T_SAEM,eta_fact_delta_T_SAEM,eta_delta_N_SAEM,eta_c_SAEM,eta_cI_SAEM,eta_k_SAEM,eta_g_SAEM,eta_mu_SAEM,eta_P_N_SAEM,eta_fact_P_T_SAEM,eta_alpha_VLSG_SAEM,eta_thresh_Weight_SAEM,eta_beta_immuno_SAEM,eta_beta_N_pow_mean,eta_fact_beta_T_mean,eta_fact_delta_T_mean,eta_delta_N_mean,eta_c_mean,eta_cI_mean,eta_k_mean,eta_g_mean,eta_mu_mean,eta_P_N_mean,eta_fact_P_T_mean,eta_alpha_VLSG_mean,eta_thresh_Weight_mean,eta_beta_immuno_mean,eta_beta_N_pow_mode,eta_fact_beta_T_mode,eta_fact_delta_T_mode,eta_delta_N_mode,eta_c_mode,eta_cI_mode,eta_k_mode,eta_g_mode,eta_mu_mode,eta_P_N_mode,eta_fact_P_T_mode,eta_alpha_VLSG_mode,eta_thresh_Weight_mode,eta_beta_immuno_mode,eta_beta_N_pow_sd,eta_fact_beta_T_sd,eta_fact_delta_T_sd,eta_delta_N_sd,eta_c_sd,eta_cI_sd,eta_k_sd,eta_g_sd,eta_mu_sd,eta_P_N_sd,eta_fact_P_T_sd,eta_alpha_VLSG_sd,eta_thresh_Weight_sd,eta_beta_immuno_sd,Group
101,2.16934,0,0,0.160119,0,0,0,0,0,0,0,0,0,0,2.18839,0,0,0.161661,0,0,0,0,0,0,0,0,0,0,2.14022,0,0,0.204662,0,0,0,0,0,0,0,0,0,0,0.218953,0,0,0.130169,0,0,0,0,0,0,0,0,0,0,Naive
102,1.84866,0,0,-0.289288,0,0,0,0,0,0,0,0,0,0,1.86146,0,0,-0.307437,0,0,0,0,0,0,0,0,0,0,1.82554,0,0,-0.243125,0,0,0,0,0,0,0,0,0,0,0.228648,0,0,0.11045,0,0,0,0,0,0,0,0,0,0,Naive
103,0.993805,0,0,0.0790677,0,0,0,0,0,0,0,0,0,0,1.01818,0,0,0.103895,0,0,0,0,0,0,0,0,0,0,0.995449,0,0,0.0698093,0,0,0,0,0,0,0,0,0,0,0.298705,0,0,0.182051,0,0,0,0,0,0,0,0,0,0,Naive
104,1.017,0,0,-0.316796,0,0,0,0,0,0,0,0,0,0,1.04213,0,0,-0.349417,0,0,0,0,0,0,0,0,0,0,1.05184,0,0,-0.308041,0,0,0,0,0,0,0,0,0,0,0.403216,0,0,0.149783,0,0,0,0,0,0,0,0,0,0,Naive
105,0.667762,0,0,-0.120783,0,0,0,0,0,0,0,0,0,0,0.701915,0,0,-0.0920216,0,0,0,0,0,0,0,0,0,0,0.65893,0,0,-0.111323,0,0,0,0,0,0,0,0,0,0,0.348699,0,0,0.192079,0,0,0,0,0,0,0,0,0,0,Naive
106,1.28284,0,0,-0.225777,0,0,0,0,0,0,0,0,0,0,1.26132,0,0,-0.238793,0,0,0,0,0,0,0,0,0,0,1.26292,0,0,-0.211603,0,0,0,0,0,0,0,0,0,0,0.334694,0,0,0.146961,0,0,0,0,0,0,0,0,0,0,Naive
201,0.249745,0,0,-0.0874159,0,0,0,0,0,0,0,0,0,0,0.26963,0,0,-0.0723258,0,0,0,0,0,0,0,0,0,0,0.288363,0,0,-0.0613644,0,0,0,0,0,0,0,0,0,0,0.324669,0,0,0.195636,0,0,0,0,0,0,0,0,0,0,Convalescent
202,-0.39899,0,0,0.100711,0,0,0,0,0,0,0,0,0,0,-0.424244,0,0,0.0867568,0,0,0,0,0,0,0,0,0,0,-0.404789,0,0,0.0891093,0,0,0,0,0,0,0,0,0,0,0.346037,0,0,0.230682,0,0,0,0,0,0,0,0,0,0,Convalescent
203,-0.139382,0,0,0.0591755,0,0,0,0,0,0,0,0,0,0,-0.222505,0,0,0.0101286,0,0,0,0,0,0,0,0,0,0,-0.157015,0,0,0.0468008,0,0,0,0,0,0,0,0,0,0,0.373141,0,0,0.211515,0,0,0,0,0,0,0,0,0,0,Convalescent
204,-0.247321,0,0,-0.0070438,0,0,0,0,0,0,0,0,0,0,-0.293075,0,0,-0.0163787,0,0,0,0,0,0,0,0,0,0,-0.248288,0,0,-0.01029,0,0,0,0,0,0,0,0,0,0,0.360507,0,0,0.183939,0,0,0,0,0,0,0,0,0,0,Convalescent
205,-0.313646,0,0,-0.0748803,0,0,0,0,0,0,0,0,0,0,-0.351479,0,0,-0.0915378,0,0,0,0,0,0,0,0,0,0,-0.334513,0,0,-0.0798697,0,0,0,0,0,0,0,0,0,0,0.336235,0,0,0.185411,0,0,0,0,0,0,0,0,0,0,Convalescent
206,-0.546017,0,0,0.204971,0,0,0,0,0,0,0,0,0,0,-0.535262,0,0,0.191274,0,0,0,0,0,0,0,0,0,0,-0.506586,0,0,0.197404,0,0,0,0,0,0,0,0,0,0,0.402356,0,0,0.24385,0,0,0,0,0,0,0,0,0,0,Convalescent
301,-0.89987,0,0,0.109118,0,0,0,0,0,0,0,0,0,0,-0.933794,0,0,0.093956,0,0,0,0,0,0,0,0,0,0,-0.91166,0,0,0.114165,0,0,0,0,0,0,0,0,0,0,0.41349,0,0,0.223781,0,0,0,0,0,0,0,0,0,0,Conv-CD40
302,-1.49213,0,0,0.154777,0,0,0,0,0,0,0,0,0,0,-1.50426,0,0,0.117971,0,0,0,0,0,0,0,0,0,0,-1.44729,0,0,0.139769,0,0,0,0,0,0,0,0,0,0,0.425146,0,0,0.256497,0,0,0,0,0,0,0,0,0,0,Conv-CD40
303,-1.08139,0,0,0.0940074,0,0,0,0,0,0,0,0,0,0,-1.07213,0,0,0.0897172,0,0,0,0,0,0,0,0,0,0,-1.04104,0,0,0.106816,0,0,0,0,0,0,0,0,0,0,0.411246,0,0,0.230722,0,0,0,0,0,0,0,0,0,0,Conv-CD40
304,-0.721742,0,0,-0.0584343,0,0,0,0,0,0,0,0,0,0,-0.778038,0,0,-0.0675734,0,0,0,0,0,0,0,0,0,0,-0.736828,0,0,-0.0752718,0,0,0,0,0,0,0,0,0,0,0.354588,0,0,0.217337,0,0,0,0,0,0,0,0,0,0,Conv-CD40
305,-1.04618,0,0,0.143458,0,0,0,0,0,0,0,0,0,0,-1.06999,0,0,0.116937,0,0,0,0,0,0,0,0,0,0,-1.05448,0,0,0.139241,0,0,0,0,0,0,0,0,0,0,0.447972,0,0,0.245495,0,0,0,0,0,0,0,0,0,0,Conv-CD40
306,-1.24589,0,0,0.0166863,0,0,0,0,0,0,0,0,0,0,-1.21021,0,0,0.0614034,0,0,0,0,0,0,0,0,0,0,-1.21826,0,0,0.0192049,0,0,0,0,0,0,0,0,0,0,0.446542,0,0,0.24077,0,0,0,0,0,0,0,0,0,0,Conv-CD40
