rep,id,eta_beta_N_pow,eta_fact_beta_T,eta_fact_delta_T,eta_delta_N,eta_c,eta_cI,eta_k,eta_g,eta_mu,eta_P_N,eta_fact_P_T,eta_alpha_VLSG,eta_thresh_Weight,eta_beta_immuno,Group
1,101,2.06886847711702,0,0,0.207633984635141,0,0,0,0,0,0,0,0,0,0,Naive
2,101,2.27855025366056,0,0,0.166743670060689,0,0,0,0,0,0,0,0,0,0,Naive
3,101,2.52284526362529,0,0,0.210239498350655,0,0,0,0,0,0,0,0,0,0,Naive
4,101,2.15957071022082,0,0,0.323512664140175,0,0,0,0,0,0,0,0,0,0,Naive
5,101,2.28834517662015,0,0,0.233963748895534,0,0,0,0,0,0,0,0,0,0,Naive
6,101,2.10903093804014,0,0,0.167219784570126,0,0,0,0,0,0,0,0,0,0,Naive
7,101,2.09232655986238,0,0,0.11205803819531,0,0,0,0,0,0,0,0,0,0,Naive
8,101,2.479263105951,0,0,0.141701563603652,0,0,0,0,0,0,0,0,0,0,Naive
9,101,2.40431716434696,0,0,0.275334053644388,0,0,0,0,0,0,0,0,0,0,Naive
10,101,1.89424261502492,0,0,0.0811896247543309,0,0,0,0,0,0,0,0,0,0,Naive
1,102,2.11005333619342,0,0,-0.171343586999547,0,0,0,0,0,0,0,0,0,0,Naive
2,102,1.8065832571355,0,0,-0.496432328096727,0,0,0,0,0,0,0,0,0,0,Naive
3,102,1.89819224034474,0,0,-0.366754823753364,0,0,0,0,0,0,0,0,0,0,Naive
4,102,2.15450621485786,0,0,-0.514074524019301,0,0,0,0,0,0,0,0,0,0,Naive
5,102,1.71077783592051,0,0,-0.463202383450536,0,0,0,0,0,0,0,0,0,0,Naive
6,102,1.68463052089908,0,0,-0.351006898407699,0,0,0,0,0,0,0,0,0,0,Naive
7,102,1.41322138755273,0,0,-0.307187195818174,0,0,0,0,0,0,0,0,0,0,Naive
8,102,2.20422291403577,0,0,-0.200630170509347,0,0,0,0,0,0,0,0,0,0,Naive
9,102,1.49063616645296,0,0,-0.516157212645909,0,0,0,0,0,0,0,0,0,0,Naive
10,102,1.8818677878284,0,0,-0.323703727004668,0,0,0,0,0,0,0,0,0,0,Naive
1,103,0.391815736624282,0,0,-0.0973052096594614,0,0,0,0,0,0,0,0,0,0,Naive
2,103,1.3582553905361,0,0,0.0625933784929555,0,0,0,0,0,0,0,0,0,0,Naive
3,103,0.649247719952534,0,0,-0.0602314771469558,0,0,0,0,0,0,0,0,0,0,Naive
4,103,1.24301237977056,0,0,0.272083857491217,0,0,0,0,0,0,0,0,0,0,Naive
5,103,0.595412281095006,0,0,-0.16786320898674,0,0,0,0,0,0,0,0,0,0,Naive
6,103,1.51488941350834,0,0,0.238613348407694,0,0,0,0,0,0,0,0,0,0,Naive
7,103,0.718094525827369,0,0,-0.115636208621233,0,0,0,0,0,0,0,0,0,0,Naive
8,103,1.5157219523431,0,0,0.375179478820079,0,0,0,0,0,0,0,0,0,0,Naive
9,103,0.991060388999881,0,0,0.273499308851739,0,0,0,0,0,0,0,0,0,0,Naive
10,103,0.595715358593278,0,0,-0.0981355597113886,0,0,0,0,0,0,0,0,0,0,Naive
1,104,1.081488543197,0,0,-0.220519564654886,0,0,0,0,0,0,0,0,0,0,Naive
2,104,1.31073050432659,0,0,-0.250976921542978,0,0,0,0,0,0,0,0,0,0,Naive
3,104,0.707340158125382,0,0,-0.349155574505952,0,0,0,0,0,0,0,0,0,0,Naive
4,104,0.362936837070483,0,0,-0.497172342419562,0,0,0,0,0,0,0,0,0,0,Naive
5,104,1.06269895236176,0,0,-0.377356856358443,0,0,0,0,0,0,0,0,0,0,Naive
6,104,0.837952596779799,0,0,-0.342723454328277,0,0,0,0,0,0,0,0,0,0,Naive
7,104,1.3198146386697,0,0,-0.210142159463689,0,0,0,0,0,0,0,0,0,0,Naive
8,104,0.945011146678767,0,0,-0.459803819078758,0,0,0,0,0,0,0,0,0,0,Naive
9,104,0.824774752708106,0,0,-0.253075495421806,0,0,0,0,0,0,0,0,0,0,Naive
10,104,0.983253794384673,0,0,-0.4124948119644,0,0,0,0,0,0,0,0,0,0,Naive
1,105,0.300483327238774,0,0,-0.274844257384463,0,0,0,0,0,0,0,0,0,0,Naive
2,105,1.09196024446838,0,0,0.0758359081818047,0,0,0,0,0,0,0,0,0,0,Naive
3,105,0.53459500848413,0,0,0.108415921513423,0,0,0,0,0,0,0,0,0,0,Naive
4,105,0.557347912075897,0,0,-0.147345604761136,0,0,0,0,0,0,0,0,0,0,Naive
5,105,-0.0759620019552786,0,0,-0.333140213987075,0,0,0,0,0,0,0,0,0,0,Naive
6,105,0.56503401712017,0,0,-0.0832831917013864,0,0,0,0,0,0,0,0,0,0,Naive
7,105,0.538875902039711,0,0,-0.147918266519362,0,0,0,0,0,0,0,0,0,0,Naive
8,105,0.940241517788995,0,0,0.0422749615601129,0,0,0,0,0,0,0,0,0,0,Naive
9,105,1.20257501128888,0,0,0.10554196240661,0,0,0,0,0,0,0,0,0,0,Naive
10,105,0.693546638445474,0,0,-0.263205529300553,0,0,0,0,0,0,0,0,0,0,Naive
1,106,1.51350084747368,0,0,-0.166530794993949,0,0,0,0,0,0,0,0,0,0,Naive
2,106,1.49125507618332,0,0,0.0317116084354951,0,0,0,0,0,0,0,0,0,0,Naive
3,106,1.13618069346469,0,0,-0.172543230763935,0,0,0,0,0,0,0,0,0,0,Naive
4,106,1.76030475142835,0,0,-0.0588405760483275,0,0,0,0,0,0,0,0,0,0,Naive
5,106,1.33418985075564,0,0,-0.00670222528348863,0,0,0,0,0,0,0,0,0,0,Naive
6,106,1.30161404767084,0,0,-0.30698719424661,0,0,0,0,0,0,0,0,0,0,Naive
7,106,1.23091185990823,0,0,-0.310302009155338,0,0,0,0,0,0,0,0,0,0,Naive
8,106,1.30863020582399,0,0,-0.401177184528653,0,0,0,0,0,0,0,0,0,0,Naive
9,106,1.33657818270408,0,0,-0.184361789948243,0,0,0,0,0,0,0,0,0,0,Naive
10,106,0.928842393981087,0,0,-0.448964702232487,0,0,0,0,0,0,0,0,0,0,Naive
1,201,0.285964551720548,0,0,-0.128553769833245,0,0,0,0,0,0,0,0,0,0,Convalescent
2,201,1.09809598972308,0,0,0.392996111275971,0,0,0,0,0,0,0,0,0,0,Convalescent
3,201,0.204734801498722,0,0,-0.0960978231232366,0,0,0,0,0,0,0,0,0,0,Convalescent
4,201,0.441033778160393,0,0,-0.184237987481718,0,0,0,0,0,0,0,0,0,0,Convalescent
5,201,0.443295499653139,0,0,-0.201180858870505,0,0,0,0,0,0,0,0,0,0,Convalescent
6,201,0.339264402059319,0,0,-0.282282995551132,0,0,0,0,0,0,0,0,0,0,Convalescent
7,201,0.133473687071296,0,0,-0.135210117552929,0,0,0,0,0,0,0,0,0,0,Convalescent
8,201,0.337793739389472,0,0,-0.240931232853939,0,0,0,0,0,0,0,0,0,0,Convalescent
9,201,0.279867600656598,0,0,-0.0287934421423873,0,0,0,0,0,0,0,0,0,0,Convalescent
10,201,0.780882353762701,0,0,0.258876804500653,0,0,0,0,0,0,0,0,0,0,Convalescent
1,202,-0.738813173665206,0,0,-0.0974060575566163,0,0,0,0,0,0,0,0,0,0,Convalescent
2,202,-0.460623170199026,0,0,0.369903939545195,0,0,0,0,0,0,0,0,0,0,Convalescent
3,202,-0.243060053751495,0,0,0.445803676275047,0,0,0,0,0,0,0,0,0,0,Convalescent
4,202,-0.568779908688319,0,0,-0.092222058236065,0,0,0,0,0,0,0,0,0,0,Convalescent
5,202,-0.508205209342924,0,0,-0.260728905155889,0,0,0,0,0,0,0,0,0,0,Convalescent
6,202,-0.260586875701407,0,0,0.195504321009033,0,0,0,0,0,0,0,0,0,0,Convalescent
7,202,-1.15697253485441,0,0,-0.0209196398495793,0,0,0,0,0,0,0,0,0,0,Convalescent
8,202,-0.431905062880934,0,0,-0.362488472932275,0,0,0,0,0,0,0,0,0,0,Convalescent
9,202,-0.403841137092777,0,0,0.0275955805458153,0,0,0,0,0,0,0,0,0,0,Convalescent
10,202,-0.0959897252243746,0,0,-0.088653044930746,0,0,0,0,0,0,0,0,0,0,Convalescent
1,203,-0.650082906380366,0,0,-0.437006927079219,0,0,0,0,0,0,0,0,0,0,Convalescent
2,203,-0.00605984727272851,0,0,0.0847343247336807,0,0,0,0,0,0,0,0,0,0,Convalescent
3,203,-0.349003717756402,0,0,0.0893404634450172,0,0,0,0,0,0,0,0,0,0,Convalescent
4,203,-0.696235351227215,0,0,-0.177776040622668,0,0,0,0,0,0,0,0,0,0,Convalescent
5,203,0.176187507753682,0,0,0.622713316851353,0,0,0,0,0,0,0,0,0,0,Convalescent
6,203,-0.0543804285865913,0,0,0.116745471318134,0,0,0,0,0,0,0,0,0,0,Convalescent
7,203,0.0993707322429155,0,0,-0.0117683113736334,0,0,0,0,0,0,0,0,0,0,Convalescent
8,203,-0.552440570403962,0,0,-0.0700092651421564,0,0,0,0,0,0,0,0,0,0,Convalescent
9,203,-0.744571837056189,0,0,0.0391235144270033,0,0,0,0,0,0,0,0,0,0,Convalescent
10,203,-0.626593542455856,0,0,-0.375650944328988,0,0,0,0,0,0,0,0,0,0,Convalescent
1,204,-1.08520665495838,0,0,-0.263367196529514,0,0,0,0,0,0,0,0,0,0,Convalescent
2,204,-0.553949914744252,0,0,-0.188374816468682,0,0,0,0,0,0,0,0,0,0,Convalescent
3,204,-0.206259258153896,0,0,0.117572625611198,0,0,0,0,0,0,0,0,0,0,Convalescent
4,204,-0.545697379957162,0,0,-0.263777376356861,0,0,0,0,0,0,0,0,0,0,Convalescent
5,204,-0.510602066569599,0,0,-0.0943977569583227,0,0,0,0,0,0,0,0,0,0,Convalescent
6,204,0.16797183566933,0,0,0.0932773691053829,0,0,0,0,0,0,0,0,0,0,Convalescent
7,204,0.0953370691218962,0,0,0.272099164542251,0,0,0,0,0,0,0,0,0,0,Convalescent
8,204,0.631083135428461,0,0,-0.134911540890957,0,0,0,0,0,0,0,0,0,0,Convalescent
9,204,-0.429890942085022,0,0,-0.384353928878858,0,0,0,0,0,0,0,0,0,0,Convalescent
10,204,-0.171326870932708,0,0,-0.0463168012187168,0,0,0,0,0,0,0,0,0,0,Convalescent
1,205,0.168047203094295,0,0,0.0396311036485869,0,0,0,0,0,0,0,0,0,0,Convalescent
2,205,0.136383513604759,0,0,0.0983570710063673,0,0,0,0,0,0,0,0,0,0,Convalescent
3,205,0.109336939536719,0,0,-0.0113008344375174,0,0,0,0,0,0,0,0,0,0,Convalescent
4,205,-0.44015211710364,0,0,0.117384764109512,0,0,0,0,0,0,0,0,0,0,Convalescent
5,205,-0.805252895829845,0,0,0.0201511263207113,0,0,0,0,0,0,0,0,0,0,Convalescent
6,205,-0.660301818259742,0,0,-0.0779390062996705,0,0,0,0,0,0,0,0,0,0,Convalescent
7,205,-0.501834381447882,0,0,1.54875806789856e-5,0,0,0,0,0,0,0,0,0,0,Convalescent
8,205,-0.276580369272624,0,0,-0.205817484702982,0,0,0,0,0,0,0,0,0,0,Convalescent
9,205,-0.733588413700887,0,0,-0.358966370312599,0,0,0,0,0,0,0,0,0,0,Convalescent
10,205,-0.963146409108209,0,0,-0.224261598083052,0,0,0,0,0,0,0,0,0,0,Convalescent
1,206,-1.37206449888812,0,0,0.0280814838771304,0,0,0,0,0,0,0,0,0,0,Convalescent
2,206,-0.405817924168401,0,0,0.377555666149837,0,0,0,0,0,0,0,0,0,0,Convalescent
3,206,-1.03326805963639,0,0,-0.225866476848939,0,0,0,0,0,0,0,0,0,0,Convalescent
4,206,-0.484652167776661,0,0,0.288800717860337,0,0,0,0,0,0,0,0,0,0,Convalescent
5,206,-0.295360823121218,0,0,0.787148180270032,0,0,0,0,0,0,0,0,0,0,Convalescent
6,206,-0.455613872595339,0,0,0.218913767633105,0,0,0,0,0,0,0,0,0,0,Convalescent
7,206,-0.52376689296851,0,0,-0.25360454344591,0,0,0,0,0,0,0,0,0,0,Convalescent
8,206,-1.11345694625362,0,0,0.112217354839963,0,0,0,0,0,0,0,0,0,0,Convalescent
9,206,-1.58396415073189,0,0,-0.174836170176567,0,0,0,0,0,0,0,0,0,0,Convalescent
10,206,-0.935906738773408,0,0,-0.034093400036501,0,0,0,0,0,0,0,0,0,0,Convalescent
1,301,-1.04612880480332,0,0,-0.11290668956884,0,0,0,0,0,0,0,0,0,0,Conv-CD40
2,301,-0.72414886013376,0,0,0.469140659767313,0,0,0,0,0,0,0,0,0,0,Conv-CD40
3,301,-1.08706718712507,0,0,-0.0390238274735901,0,0,0,0,0,0,0,0,0,0,Conv-CD40
4,301,-1.25303191886146,0,0,-0.357144071874717,0,0,0,0,0,0,0,0,0,0,Conv-CD40
5,301,-0.646268980819216,0,0,0.318471010500674,0,0,0,0,0,0,0,0,0,0,Conv-CD40
6,301,-0.367076285735099,0,0,0.473975835330856,0,0,0,0,0,0,0,0,0,0,Conv-CD40
7,301,-1.244544669105,0,0,-0.376766333883266,0,0,0,0,0,0,0,0,0,0,Conv-CD40
8,301,-1.07112490104925,0,0,0.20569485927303,0,0,0,0,0,0,0,0,0,0,Conv-CD40
9,301,-1.04714171960509,0,0,0.293818309848478,0,0,0,0,0,0,0,0,0,0,Conv-CD40
10,301,-1.62000440192688,0,0,-0.291064063074335,0,0,0,0,0,0,0,0,0,0,Conv-CD40
1,302,-1.33004777061707,0,0,0.123096133925441,0,0,0,0,0,0,0,0,0,0,Conv-CD40
2,302,-1.56534724021561,0,0,0.0113615899816072,0,0,0,0,0,0,0,0,0,0,Conv-CD40
3,302,-1.60534489862269,0,0,-0.125256252733856,0,0,0,0,0,0,0,0,0,0,Conv-CD40
4,302,-1.41702299987637,0,0,0.419698506180253,0,0,0,0,0,0,0,0,0,0,Conv-CD40
5,302,-1.85395040250434,0,0,0.0635065253489173,0,0,0,0,0,0,0,0,0,0,Conv-CD40
6,302,-1.9086915992315,0,0,0.0748449783635621,0,0,0,0,0,0,0,0,0,0,Conv-CD40
7,302,-0.842909759067995,0,0,0.0433028259988463,0,0,0,0,0,0,0,0,0,0,Conv-CD40
8,302,-1.896119671977,0,0,-0.00282146211079443,0,0,0,0,0,0,0,0,0,0,Conv-CD40
9,302,-1.14128203217682,0,0,-0.157946348109799,0,0,0,0,0,0,0,0,0,0,Conv-CD40
10,302,-0.64472812602037,0,0,0.050827700232153,0,0,0,0,0,0,0,0,0,0,Conv-CD40
1,303,-0.840626900496942,0,0,0.229652364911386,0,0,0,0,0,0,0,0,0,0,Conv-CD40
2,303,-1.23988146841936,0,0,0.611352036495056,0,0,0,0,0,0,0,0,0,0,Conv-CD40
3,303,-0.91018227439057,0,0,0.21290286025042,0,0,0,0,0,0,0,0,0,0,Conv-CD40
4,303,-0.960968621084934,0,0,0.441744307820874,0,0,0,0,0,0,0,0,0,0,Conv-CD40
5,303,-1.91731981395902,0,0,-0.301246907424083,0,0,0,0,0,0,0,0,0,0,Conv-CD40
6,303,-0.377471005343057,0,0,0.100757010818043,0,0,0,0,0,0,0,0,0,0,Conv-CD40
7,303,-1.45961644004352,0,0,0.113825930961007,0,0,0,0,0,0,0,0,0,0,Conv-CD40
8,303,-1.22619185747957,0,0,-0.23451457941718,0,0,0,0,0,0,0,0,0,0,Conv-CD40
9,303,-1.35962865333614,0,0,0.459656542828772,0,0,0,0,0,0,0,0,0,0,Conv-CD40
10,303,-1.1680320202777,0,0,0.277760163675627,0,0,0,0,0,0,0,0,0,0,Conv-CD40
1,304,-0.892014909806777,0,0,-0.178317473896629,0,0,0,0,0,0,0,0,0,0,Conv-CD40
2,304,-0.599112537911501,0,0,0.0502543691890049,0,0,0,0,0,0,0,0,0,0,Conv-CD40
3,304,-1.01373295740699,0,0,-0.228671216962106,0,0,0,0,0,0,0,0,0,0,Conv-CD40
4,304,-0.796112172861892,0,0,-0.16834020271702,0,0,0,0,0,0,0,0,0,0,Conv-CD40
5,304,-0.746634125958449,0,0,-0.250611393965198,0,0,0,0,0,0,0,0,0,0,Conv-CD40
6,304,-0.489917249354482,0,0,0.505206033785224,0,0,0,0,0,0,0,0,0,0,Conv-CD40
7,304,-0.783939562694334,0,0,-0.104736093571243,0,0,0,0,0,0,0,0,0,0,Conv-CD40
8,304,-0.320981597499973,0,0,-0.0707733948385169,0,0,0,0,0,0,0,0,0,0,Conv-CD40
9,304,-0.749326641065453,0,0,0.0809208975526707,0,0,0,0,0,0,0,0,0,0,Conv-CD40
10,304,-1.37912672959143,0,0,-0.34332592264596,0,0,0,0,0,0,0,0,0,0,Conv-CD40
1,305,-0.959485174698402,0,0,0.151819110729814,0,0,0,0,0,0,0,0,0,0,Conv-CD40
2,305,-0.644974033092039,0,0,0.312816692350793,0,0,0,0,0,0,0,0,0,0,Conv-CD40
3,305,-1.18477410595595,0,0,0.295485014758862,0,0,0,0,0,0,0,0,0,0,Conv-CD40
4,305,-0.51579225570043,0,0,0.147781194097473,0,0,0,0,0,0,0,0,0,0,Conv-CD40
5,305,-0.758469047103045,0,0,0.184052856307423,0,0,0,0,0,0,0,0,0,0,Conv-CD40
6,305,-1.48835274498975,0,0,-0.0300267504705507,0,0,0,0,0,0,0,0,0,0,Conv-CD40
7,305,-1.02586943621422,0,0,-0.0850592647913045,0,0,0,0,0,0,0,0,0,0,Conv-CD40
8,305,-1.16608413743219,0,0,-0.160500427982576,0,0,0,0,0,0,0,0,0,0,Conv-CD40
9,305,-0.944453287065711,0,0,0.294570786786904,0,0,0,0,0,0,0,0,0,0,Conv-CD40
10,305,-0.924278737217855,0,0,0.00878798709078855,0,0,0,0,0,0,0,0,0,0,Conv-CD40
1,306,-1.69627598995079,0,0,-0.319429322295281,0,0,0,0,0,0,0,0,0,0,Conv-CD40
2,306,-0.207297810106243,0,0,0.134737784525925,0,0,0,0,0,0,0,0,0,0,Conv-CD40
3,306,-0.366087024229889,0,0,0.252100124627243,0,0,0,0,0,0,0,0,0,0,Conv-CD40
4,306,-0.102897939623393,0,0,-0.268343830938921,0,0,0,0,0,0,0,0,0,0,Conv-CD40
5,306,-0.967285225402452,0,0,0.167891416287142,0,0,0,0,0,0,0,0,0,0,Conv-CD40
6,306,-0.700257518368634,0,0,0.181637608135974,0,0,0,0,0,0,0,0,0,0,Conv-CD40
7,306,-1.25880260556473,0,0,0.0478242127181426,0,0,0,0,0,0,0,0,0,0,Conv-CD40
8,306,-1.20835481169803,0,0,0.418257270739039,0,0,0,0,0,0,0,0,0,0,Conv-CD40
9,306,-0.576607442687881,0,0,0.16690290333175,0,0,0,0,0,0,0,0,0,0,Conv-CD40
10,306,-2.02904816815121,0,0,-0.396750732930115,0,0,0,0,0,0,0,0,0,0,Conv-CD40
