time,id,TT_SAEM,I1T_SAEM,I2T_SAEM,VIT_SAEM,VNIT_SAEM,ViniT_SAEM,TN_SAEM,I1N_SAEM,I2N_SAEM,VIN_SAEM,VNIN_SAEM,ViniN_SAEM,TT_mean,I1T_mean,I2T_mean,VIT_mean,VNIT_mean,ViniT_mean,TN_mean,I1N_mean,I2N_mean,VIN_mean,VNIN_mean,ViniN_mean,TT_mode,I1T_mode,I2T_mode,VIT_mode,VNIT_mode,ViniT_mode,TN_mode,I1N_mode,I2N_mode,VIN_mode,VNIN_mode,ViniN_mode
0,101,7500,0,0,0,0,6.555e+9,22727.3,0,0,0,0,3.97273e+8,7500,0,0,0,0,6.555e+9,22727.3,0,0,0,0,3.97273e+8,7500,0,0,0,0,6.555e+9,22727.3,0,0,0,0,3.97273e+8
1,101,20.9989,384.915,2459.29,593.494,592965,13.5125,14961.2,809.128,2695.04,5537.23,5.94751e+6,0.818706,19.9123,384.826,2431.33,587.461,586936,13.5125,14897.3,817.068,2690.4,5566.35,5.98164e+6,0.818709,33.2635,385.662,2443.82,588.839,588344,13.513,15514.8,738.917,2489.2,5178.05,5.54408e+6,0.818748
2,101,20.8453,19.2024,618.859,227.186,227000,2.67576e-8,13819.8,350.876,1257.04,3173.62,3.50143e+6,1.62078e-9,19.7676,19.1957,602.607,222.343,222160,2.67573e-8,13748.7,352.642,1245.54,3167.57,3.497e+6,1.62076e-9,33.0413,19.2568,610.493,224.335,224171,2.67439e-8,14496,313.589,1136.7,2916.69,3.20878e+6,1.61999e-9
3,101,20.7993,0.966469,130.507,54.9067,54864.4,3.02394e-17,13275.9,161.307,582.108,1501.02,1.6597e+6,1.83131e-18,19.7247,0.965408,124.897,52.9695,52928.2,-5.89328e-15,13205.5,160.992,572.766,1487.89,1.64625e+6,-3.56986e-16,32.9751,0.973745,127.621,53.8342,53798.4,2.34853e-17,14015.3,142.367,517.356,1353.63,1.49359e+6,1.42223e-18
4,101,20.7888,0.0504253,26.5206,11.6836,11674.8,5.33679e-25,13029.2,73.2759,267.139,693.901,766361,3.23693e-26,19.7151,0.0501734,24.9192,11.0857,11077.3,1.87329e-21,12960.8,72.6268,261.003,683.031,754853,1.13453e-22,32.9601,0.0517688,25.6938,11.3596,11352.4,-1.97879e-24,13800,63.8583,233.976,615.872,679005,-1.1978e-25
6,101,20.7862,0.000245444,1.07366,0.482381,482.026,-3.57378e-38,12866.4,15.0926,55.4218,144.715,159647,-2.16756e-39,19.7127,0.00023098,0.971566,0.441316,440.988,2.62702e-33,12800.8,14.752,53.3914,140.455,155052,1.59078e-34,32.9564,0.000297272,1.0205,0.460407,460.126,-4.56463e-36,13660.2,12.8274,47.2764,124.973,137663,-2.76278e-37
9,101,20.7861,1.05975e-6,0.00870059,0.00391654,3.91367,-7.52236e-54,12828.2,1.41034,5.18777,13.5631,14958.4,-4.56365e-55,19.7126,8.91072e-7,0.00743814,0.00338579,3.38328,3.11813e-48,12763.7,1.34996,4.89388,12.8901,14225.8,1.88842e-49,32.9562,1.441e-6,0.00803465,0.0036322,3.62999,-2.59209e-51,13628.3,1.15473,4.26155,11.2765,12418.8,-1.56915e-52
14,101,20.7861,3.41729e-10,2.84362e-6,1.2801e-6,0.00127916,-7.71059e-82,12824.3,0.0271365,0.0998358,0.261047,287.895,-4.67615e-83,19.7126,2.60672e-10,2.21111e-6,1.00654e-6,0.00100579,-3.21982e-76,12760.1,0.025084,0.0909492,0.239583,264.402,-1.94933e-77,32.9562,4.44472e-10,2.50264e-6,1.13141e-6,0.00113073,-3.52539e-79,13625.2,0.0208789,0.0770638,0.203937,224.591,-2.13334e-80
20,101,20.7861,2.2426e-14,1.86615e-10,8.40078e-11,8.39462e-8,9.21051e-115,12824.2,0.000236932,0.00087168,0.00227924,2.51366,5.59076e-116,19.7126,1.52662e-14,1.29495e-10,5.89484e-11,5.89047e-8,1.23212e-107,12760,0.000210028,0.00076152,0.00200604,2.21385,7.45792e-109,32.9562,2.75324e-14,1.55025e-10,7.00849e-11,7.00424e-8,2.17731e-111,13625.1,0.000169189,0.000624476,0.00165258,1.81995,1.31801e-112
0,102,11250,0,0,0,0,9.8325e+9,31250,0,0,0,0,5.4625e+8,11250,0,0,0,0,9.8325e+9,31250,0,0,0,0,5.4625e+8,11250,0,0,0,0,9.8325e+9,31250,0,0,0,0,5.4625e+8
1,102,11.1488,574.864,4656.01,1045.49,1.04449e+6,20.2677,19682.1,1283.13,4917.46,9460,1.01586e+7,1.12565,15.8615,575.688,4698.6,1048.98,1.048e+6,20.2668,20201.9,1216.87,4734.37,9161.59,9.81806e+6,1.12561,18.1681,576.016,4637.72,1039.43,1.03846e+6,20.2668,20417.1,1184.62,4590.23,8925.4,9.55918e+6,1.12562
2,102,11.0252,28.6536,1598.03,506.189,505718,4.28701e-8,17495.5,685.458,2945.7,6803.48,7.45288e+6,2.38036e-9,15.6933,28.7065,1632.75,512.977,512512,4.284e-8,18127.1,651.926,2843.5,6604.21,7.2215e+6,2.37872e-9,17.9822,28.7275,1583.66,501.502,501053,4.28461e-8,18424.9,625.441,2709.95,6334.41,6.92597e+6,2.37907e-9
3,102,10.9775,1.43839,479.134,165.408,165256,1.24231e-16,16231.7,384.147,1710.81,4057.98,4.43626e+6,6.89639e-18,15.6276,1.44545,496.284,169.677,169526,1.24504e-16,16915.6,368.755,1660.61,3954.22,4.31729e+6,6.91166e-18,17.9107,1.44786,472.004,163.032,162889,1.24067e-16,17274,349.794,1559.35,3733.55,4.07792e+6,6.88745e-18
4,102,10.9626,0.075181,140.717,49.6088,49563.5,3.53085e-25,15534.7,212.017,971.325,2334.84,2.54424e+6,1.95966e-26,15.6069,0.0769491,147.828,51.5808,51535.1,3.55799e-25,16240.8,205.489,950.058,2290.03,2.49296e+6,1.97476e-26,17.8885,0.0773937,137.766,48.6089,48566.6,3.53311e-25,16640,192.836,880.527,2132.38,2.32282e+6,1.96096e-26
6,102,10.9569,0.000546836,12.0467,4.27163,4267.73,-5.33607e-42,14940.1,64.1549,301.664,733.999,797355,-2.96064e-43,15.5988,0.00070786,13.0217,4.56874,4564.7,-3.34488e-40,15657.7,63.4047,300.414,732.316,794925,-1.85622e-41,17.8801,0.000722526,11.647,4.13387,4130.28,-2.14219e-40,16099.7,58.2778,272.019,665.596,723150,-1.18872e-41
9,102,10.9564,9.31493e-6,0.301377,0.106893,106.795,6.89885e-58,14725.5,10.6462,50.5501,123.557,134069,3.82687e-59,15.5981,1.39266e-5,0.340037,0.119332,119.227,4.28893e-57,15442.5,10.8341,51.8149,126.852,137548,2.37894e-58,17.8793,1.34549e-5,0.285936,0.101515,101.427,4.68522e-56,15904.8,9.65716,45.4458,111.628,121164,2.59935e-57
14,102,10.9564,1.98862e-8,0.000644891,0.000228731,0.228522,-1.06756e-83,14684.9,0.533004,2.53552,6.20281,6729.08,-5.92107e-85,15.598,3.19582e-8,0.000781509,0.000274263,0.27402,5.82902e-84,15400.4,0.569458,2.72852,6.68555,7247.75,3.23358e-85,17.8793,2.78562e-8,0.000592933,0.000210507,0.210324,-2.29777e-82,15868.1,0.482369,2.27352,5.58853,6064.82,-1.27546e-83
20,102,10.9564,1.24478e-11,4.03672e-7,1.43175e-7,0.000143044,-2.02282e-119,14682.9,0.0146597,0.0697434,0.170626,185.1,-1.12177e-120,15.598,2.17946e-11,5.32968e-7,1.8704e-7,0.000186875,-1.21145e-117,15398.2,0.0166039,0.0795643,0.194961,211.353,-6.71749e-119,17.8793,1.67918e-11,3.57422e-7,1.26894e-7,0.000126784,1.34235e-118,15866.2,0.0132303,0.0623627,0.153299,166.363,7.46776e-120
0,103,7500,0,0,0,0,6.555e+9,22727.3,0,0,0,0,3.97273e+8,7500,0,0,0,0,6.555e+9,22727.3,0,0,0,0,3.97273e+8,7500,0,0,0,0,6.555e+9,22727.3,0,0,0,0,3.97273e+8
1,103,2492.32,282.141,1504.96,368.349,368869,13.5112,21208.9,107.974,466.296,1102.46,1.12362e+6,0.818807,2789.28,266.46,1463.97,353.371,353868,13.5126,21363.1,95.7642,431.89,1020,1.03752e+6,0.818897,2605.92,276.176,1516.8,366.572,367087,13.5112,21269.4,103.366,460.844,1086.46,1.10638e+6,0.818812
2,103,2490.26,14.5547,326.99,128.676,129099,2.65256e-8,21154.2,19.2564,127.359,437.313,451851,1.6074e-9,2787.27,13.7659,332.193,127.505,127919,2.64727e-8,21316.8,16.5504,120.406,413.072,425352,1.60423e-9,2603.84,14.2666,343.202,131.927,132355,2.65191e-8,21217,18.5282,129.674,441.943,455915,1.60702e-9
3,103,2489.7,0.846675,57.6956,26.9838,27106.2,1.22746e-13,21136.6,5.08534,32.8211,120.277,125025,7.43825e-15,2786.71,0.809839,61.5847,27.8272,27950.7,8.52619e-14,21301.7,4.38543,31.402,115.285,119359,5.16681e-15,2603.26,0.838675,63.4386,28.7199,28847.3,8.08282e-14,21199.7,5.00257,34.3129,124.727,129396,4.89809e-15
4,103,2489.6,0.0651468,9.6908,4.84855,4874.11,-1.99407e-19,21131.9,1.3459,8.55642,31.5527,32855.1,-1.20837e-20,2786.59,0.0648187,10.9048,5.2377,5264.47,1.29303e-18,21297.6,1.17284,8.26777,30.5774,31709,7.83565e-20,2603.14,0.0669569,11.1985,5.39076,5418.32,1.22826e-18,21194.9,1.35725,9.17233,33.5572,34869.4,7.44305e-20
6,103,2489.57,0.00102711,0.265123,0.137409,138.212,2.47162e-28,21130.3,0.0923556,0.585727,2.15931,2249.38,1.49776e-29,2786.57,0.00116937,0.332752,0.164693,165.615,-6.464e-28,21296.2,0.0821269,0.577232,2.13464,2214.53,-3.917e-29,2603.11,0.00119813,0.339549,0.168477,169.421,-5.14869e-28,21193.3,0.0978926,0.659896,2.4138,2509.16,-3.11993e-29
9,103,2489.57,4.32846e-6,0.00118836,0.000618931,0.622626,-4.35769e-48,21130.2,0.00165501,0.0104966,0.0386951,40.3098,-2.64067e-49,2786.57,5.87141e-6,0.00175981,0.000874247,0.879229,3.57589e-46,21296.1,0.0015161,0.0106563,0.0394065,40.8817,2.1667e-47,2603.11,5.95485e-6,0.0017786,0.000885838,0.890891,-1.67269e-45,21193.2,0.00189012,0.0127417,0.0466062,48.4478,-1.01355e-46
14,103,2489.57,5.26442e-10,1.44699e-7,7.53769e-8,7.58274e-5,6.8592e-77,21130.2,2.03108e-6,1.28818e-5,4.74881e-5,0.0494696,4.15638e-78,2786.57,9.41252e-10,2.82354e-7,1.40286e-7,0.000141086,2.11762e-76,21296.1,1.95506e-6,1.37416e-5,5.08157e-5,0.052718,1.28229e-77,2603.11,9.39468e-10,2.8084e-7,1.39891e-7,0.000140689,-5.18811e-74,21193.2,2.62673e-6,1.77074e-5,6.47694e-5,0.0673288,-3.14345e-75
20,103,2489.57,1.05813e-14,2.90839e-12,1.51504e-12,1.5241e-9,3.18942e-114,21130.2,6.5254e-10,4.13862e-9,1.52568e-8,1.58935e-5,1.93304e-115,2786.57,2.63429e-14,7.90225e-12,3.92618e-12,3.94857e-9,1.55213e-109,21296.1,6.66605e-10,4.68539e-9,1.73264e-8,1.7975e-5,9.39775e-111,2603.11,2.57995e-14,7.71239e-12,3.84166e-12,3.86359e-9,1.04223e-107,21193.2,9.79786e-10,6.60497e-9,2.41594e-8,2.51141e-5,6.31453e-109
0,104,11250,0,0,0,0,9.8325e+9,31250,0,0,0,0,5.4625e+8,11250,0,0,0,0,9.8325e+9,31250,0,0,0,0,5.4625e+8,11250,0,0,0,0,9.8325e+9,31250,0,0,0,0,5.4625e+8
1,104,2212.97,500.62,3616.64,810.42,811239,20.2669,28412.7,219.792,1152.1,2465.81,2.52571e+6,1.12584,2360.59,493.457,3600.07,801.405,802250,20.2682,28524.2,209.931,1118.87,2402.49,2.45855e+6,1.12592,2074.59,507.256,3671.29,820.911,821699,20.269,28299.4,230.737,1198.46,2572.71,2.6375e+6,1.12595
2,104,2208.53,26.0951,1164.48,378.417,379289,4.32496e-8,28229.5,60.9767,474.009,1344.89,1.39663e+6,2.40234e-9,2356.07,25.7634,1177.7,378.938,379836,4.33353e-8,28351.4,57.7126,463.768,1320.36,1.36917e+6,2.40712e-9,2070.2,26.4103,1182.27,383.231,384082,4.3345e-8,28101,65.7057,497.48,1411.12,1.46722e+6,2.40763e-9
3,104,2206.88,1.69353,322.539,115.624,115965,8.21805e-17,28146.3,24.4636,187.132,549.041,572541,4.5644e-18,2354.37,1.6912,332.02,117.592,117946,5.38721e-17,28272.4,23.2474,184.101,542.267,564574,2.99208e-18,2068.59,1.70415,327.589,117.127,117460,5.23367e-17,28010.3,26.6861,198.629,581.864,607537,2.90673e-18
4,104,2206.41,0.196375,87.1966,32.0686,32171.2,1.72632e-25,28113,9.76088,74.2475,218.315,227828,9.58768e-27,2353.87,0.202244,91.4234,33.1861,33294.3,-3.02624e-26,28240.5,9.32559,73.4282,216.776,225857,-1.68086e-27,2068.11,0.195493,88.5978,32.4974,32597.8,-2.67684e-25,27973.6,10.7647,79.709,233.97,244469,-1.48665e-26
6,104,2206.24,0.0102438,6.31359,2.33983,2347.57,2.9427e-36,28094.5,1.53914,11.7068,34.426,35929.1,1.63426e-37,2353.69,0.0111297,6.87028,2.51191,2520.36,-4.39675e-37,28222.8,1.48613,11.6999,34.5444,35994.5,-2.44202e-38,2067.95,0.0101259,6.4203,2.37303,2380.62,-4.58899e-36,27952.9,1.73587,12.8543,37.7361,39432.4,-2.54853e-37
9,104,2206.23,0.000196789,0.122812,0.0455322,45.6832,-1.99616e-52,28091.2,0.0963327,0.732789,2.15498,2249.07,-1.10863e-53,2353.68,0.000226359,0.141318,0.0516872,51.8616,4.02528e-53,28219.6,0.094495,0.744011,2.1968,2289.01,2.23583e-54,2067.94,0.00019469,0.125041,0.0462351,46.3833,2.8236e-52,27949.2,0.112371,0.832222,2.44324,2553.06,1.56816e-53
14,104,2206.23,2.76829e-7,0.000172773,6.40556e-5,0.0642681,8.43143e-79,28091,0.000950546,0.00723072,0.0212641,22.1925,4.68264e-80,2353.68,3.49498e-7,0.000218207,7.98095e-5,0.0800788,-3.4503e-80,28219.4,0.000957275,0.00753721,0.0222547,23.1888,-1.91597e-81,2067.94,2.74435e-7,0.00017627,6.51777e-5,0.0653867,-1.01763e-78,27949,0.00117291,0.00868664,0.0255024,26.6486,-5.65167e-80
20,104,2206.23,1.04764e-10,6.53848e-8,2.42413e-8,2.43218e-5,4.95442e-112,28091,3.72426e-6,2.83301e-5,8.33132e-5,0.0869505,2.75145e-113,2353.68,1.47896e-10,9.2338e-8,3.37727e-8,3.38867e-5,5.49324e-115,28219.4,3.87093e-6,3.04782e-5,8.99916e-5,0.0937686,3.05056e-116,2067.94,1.04114e-10,6.68727e-8,2.47269e-8,2.48062e-5,-1.33712e-112,27948.9,4.91613e-6,3.64091e-5,0.00010689,0.111695,-7.42462e-114
0,105,11250,0,0,0,0,9.8325e+9,31250,0,0,0,0,5.4625e+8,11250,0,0,0,0,9.8325e+9,31250,0,0,0,0,5.4625e+8,11250,0,0,0,0,9.8325e+9,31250,0,0,0,0,5.4625e+8
1,105,3296.91,446.209,2545.41,610.942,611765,20.2669,29116.1,153.147,697.289,1615.28,1.64656e+6,1.12587,3498.97,435.751,2484.73,594.373,595186,20.2676,29219.1,144.735,664.114,1548.3,1.57686e+6,1.12591,3212.01,450.573,2577.68,616.813,617636,20.2673,29070.4,157.151,713.883,1659.25,1.69203e+6,1.12589
2,105,3293.47,23.0751,602.514,226.972,227675,4.34344e-8,29032.3,29.2109,206.58,682.67,705190,2.41271e-9,3495.59,22.5403,589.035,221.15,221843,4.34995e-8,29142.4,26.932,195.422,652.138,672691,2.41635e-9,3208.56,23.2972,611.941,229.606,230312,4.34449e-8,28982.4,30.4978,213.103,704.714,728375,2.41329e-9
3,105,3292.48,1.37064,117.39,51.5504,51766.7,-4.8338e-15,29003.4,8.3398,57.7791,202.483,210314,-2.68519e-16,3494.62,1.34066,114.932,50.2933,50506.7,-5.58758e-15,29116.1,7.5935,54.1091,191.889,199000,-3.10391e-16,3207.56,1.38351,119.641,52.2946,52512.2,-3.44953e-15,28951.9,8.80089,60.1749,210.718,218996,-1.91624e-16
4,105,3292.27,0.113859,21.9204,10.17,10218.8,6.82629e-22,28995.1,2.38609,16.3141,57.4819,59793.3,3.792e-23,3494.41,0.111738,21.4942,9.93585,9983.99,-6.52366e-23,29108.6,2.15114,15.1189,53.9361,56017,-3.6237e-24,3207.34,0.115014,22.4235,10.3509,10400.1,-4.06073e-23,28943.1,2.54146,17.1554,60.3811,62844.5,-2.25575e-24
6,105,3292.22,0.00233977,0.746344,0.355166,357.013,9.41547e-31,28992.1,0.191717,1.30814,4.60839,4795.27,5.23026e-32,3494.36,0.00231145,0.734125,0.348036,349.864,-9.38805e-32,29105.9,0.169342,1.18749,4.23576,4400.66,-5.21476e-33,3207.3,0.00237914,0.769307,0.364137,366.012,-5.28467e-32,28939.8,0.208114,1.40217,4.93422,5137.16,-2.93564e-33
9,105,3292.22,1.39714e-5,0.00465879,0.00222325,2.23496,-3.55021e-50,28991.8,0.00435492,0.0297158,0.104683,108.928,-1.9729e-51,3494.36,1.38758e-5,0.00460423,0.00218888,2.20054,1.30451e-50,29105.7,0.00372939,0.0261525,0.0932841,96.9165,7.24771e-52,3207.29,1.4373e-5,0.00485766,0.00230564,2.31767,5.06322e-51,28939.5,0.00486476,0.0327775,0.115342,120.087,2.81284e-52
14,105,3292.22,2.95335e-9,9.85418e-7,4.70292e-7,0.000472772,1.45248e-76,28991.8,7.9346e-6,5.41417e-5,0.00019073,0.198466,8.07151e-78,3494.36,2.95641e-9,9.81586e-7,4.66688e-7,0.000469175,-5.78373e-77,29105.7,6.45315e-6,4.5253e-5,0.000161414,0.1677,-3.21334e-78,3207.29,3.09703e-9,1.04735e-6,4.97152e-7,0.000499749,-2.63198e-76,28939.5,9.29699e-6,6.26407e-5,0.000220429,0.229496,-1.46219e-77
20,105,3292.22,1.15106e-13,3.84064e-11,1.83295e-11,1.84262e-8,-8.49712e-116,28991.8,4.09526e-9,2.7944e-8,9.8441e-8,0.000102434,-4.72185e-117,3494.36,1.16301e-13,3.86142e-11,1.83589e-11,1.84567e-8,1.71583e-112,29105.7,3.13053e-9,2.1953e-8,7.83047e-8,8.13538e-5,9.53199e-114,3207.29,1.23554e-13,4.17834e-11,1.98335e-11,1.99371e-8,1.09116e-114,28939.5,5.08187e-9,3.42403e-8,1.2049e-7,0.000125446,6.061e-116
0,106,11250,0,0,0,0,9.8325e+9,31250,0,0,0,0,5.4625e+8,11250,0,0,0,0,9.8325e+9,31250,0,0,0,0,5.4625e+8,11250,0,0,0,0,9.8325e+9,31250,0,0,0,0,5.4625e+8
1,106,1045.65,553.209,3901.49,890.118,890480,20.2667,27114,346.922,1617.36,3435.53,3.55402e+6,1.12578,1064.31,552.446,3882.25,884.282,884654,20.2667,27143.5,344.159,1601,3421.65,3.53895e+6,1.12579,1067.17,552.33,3889.68,885.352,885727,20.2671,27148,343.805,1602.51,3422.98,3.54016e+6,1.12581
2,106,1042.35,28.4021,1185.72,396.248,396773,4.30867e-8,26759.1,114.272,686.675,1891.9,1.99298e+6,2.39311e-9,1061,28.3655,1174.76,392.379,392909,4.30899e-8,26792.8,112.932,676.954,1878.02,1.97786e+6,2.39329e-9,1063.86,28.3633,1180.51,393.748,394281,4.31086e-8,26797.1,112.984,679.132,1882.47,1.98236e+6,2.39433e-9
3,106,1041.19,1.68883,308.332,114.552,114758,2.31382e-16,26594.6,48.4688,285.325,805.83,852888,1.2851e-17,1059.84,1.68645,303.971,112.951,113158,-4.01342e-15,26630.7,47.7204,280.161,796.824,843147,-2.22907e-16,1062.69,1.68817,306.485,113.674,113882,4.04089e-16,26634.7,47.8401,281.666,800.398,846838,2.24432e-17
4,106,1040.87,0.157674,78.0611,29.8656,29925.2,-1.18499e-24,26525.6,20.2902,119.176,337.035,356940,-6.58125e-26,1059.53,0.157056,76.5593,29.3056,29365.3,1.24871e-23,26563.1,19.9003,116.561,331.962,351483,6.93498e-25,1062.37,0.157874,77.463,29.59,29650.2,-2.48431e-24,26566.7,19.992,117.435,334.156,353766,-1.37976e-25
6,106,1040.77,0.00607849,4.94801,1.91122,1915.21,4.04056e-37,26484.8,3.53586,20.7886,58.8163,62289.8,2.2442e-38,1059.43,0.00598568,4.80207,1.85608,1860.03,4.32699e-36,26523.2,3.44115,20.175,57.4812,60861.4,2.40329e-37,1062.27,0.00607965,4.89339,1.88724,1891.25,8.51281e-37,26526.6,3.47154,20.4118,58.1051,61515,4.72816e-38
9,106,1040.77,9.44488e-5,0.0787962,0.0304531,30.517,-5.3008e-51,26476.8,0.257318,1.51322,4.28176,4534.54,-2.94408e-52,1059.42,9.15193e-5,0.0752725,0.0291111,29.1734,-6.65499e-50,26515.5,0.247528,1.45154,4.1361,4379.24,-3.69619e-51,1062.26,9.39913e-5,0.0775279,0.0299174,29.9813,-1.18681e-50,26518.8,0.251291,1.47787,4.20741,4454.24,-6.59155e-52
14,106,1040.77,9.51766e-8,7.94165e-5,3.06931e-5,0.0307575,1.63382e-76,26476.2,0.00326459,0.0191985,0.054324,57.531,9.07434e-78,1059.42,8.98255e-8,7.3892e-5,2.85773e-5,0.0286385,6.07386e-76,26514.9,0.00308003,0.0180621,0.0514674,54.4929,3.37447e-77,1062.26,9.39097e-8,7.74734e-5,2.98966e-5,0.0299605,2.86931e-76,26518.2,0.00315985,0.0185837,0.0529073,56.011,1.59369e-77
20,106,1040.77,2.4142e-11,2.01444e-8,7.78544e-9,7.80177e-6,-3.89506e-110,26476.2,1.72935e-5,0.0001017,0.000287771,0.30476,-2.17093e-111,1059.42,2.20756e-11,1.81598e-8,7.02319e-9,7.03822e-6,1.11291e-108,26514.9,1.59403e-5,9.34785e-5,0.000266364,0.282022,6.18181e-110,1062.26,2.35777e-11,1.94511e-8,7.50607e-9,7.52211e-6,2.81788e-109,26518.2,1.65607e-5,9.73969e-5,0.000277287,0.293553,1.56406e-110
0,201,11250,0,0,0,0,9.8325e+9,31250,0,0,0,0,5.4625e+8,11250,0,0,0,0,9.8325e+9,31250,0,0,0,0,5.4625e+8,11250,0,0,0,0,9.8325e+9,31250,0,0,0,0,5.4625e+8
1,201,10136.4,65.0006,392.453,90.9561,90919.4,20.2676,31069,10.839,63.9056,149.803,149927,1.12597,10099.7,67.1339,402.636,93.2815,93245.7,20.2678,31062.7,11.2251,65.6877,155.052,155190,1.12599,10056.3,69.6541,419.937,97.1329,97097.7,20.2679,31055.2,11.6842,68.6599,161.78,161935,1.12599
2,201,10136.3,3.27181,104.289,37.1944,37195.4,4.47058e-8,31068.2,0.720735,17.3449,62.0052,62137.7,2.48363e-9,10099.6,3.37991,106.003,37.8804,37882.9,4.47261e-8,31061.9,0.751984,17.6798,63.7642,63907.9,2.48476e-9,10056.2,3.50844,111.343,39.65,39653.9,4.47243e-8,31054.4,0.79195,18.6256,66.9097,67068.6,2.48466e-9
3,201,10136.2,0.173038,23.0377,9.4041,9406.75,-5.84415e-17,31068,0.0885875,3.9802,16.1003,16146.5,-3.24666e-18,10099.5,0.17887,23.1683,9.4928,9495.91,-3.09787e-17,31061.7,0.0932447,4.02138,16.4298,16479.4,-1.72097e-18,10056.1,0.186204,24.5346,10.0037,10007.4,-5.3124e-16,31054.1,0.100597,4.27662,17.3744,17429.3,-2.9513e-17
4,201,10136.2,0.0109577,4.90567,2.09218,2093.03,-4.00695e-22,31068,0.0170012,0.889161,3.72723,3739.18,-2.22602e-23,10099.5,0.0113283,4.87828,2.09036,2091.32,-2.13493e-22,31061.6,0.0178662,0.890435,3.77173,3784.46,-1.18603e-23,10056.1,0.011927,5.21081,2.22024,2221.35,-3.48007e-21,31054,0.0196288,0.95655,4.02539,4039.57,-1.93335e-22
6,201,10136.2,0.000160094,0.218362,0.0947844,94.8297,1.76067e-33,31067.9,0.000820869,0.0439841,0.18654,187.17,9.7813e-35,10099.5,0.000162865,0.2122,0.0926056,92.6552,8.60935e-34,31061.6,0.00084944,0.0432788,0.185509,186.169,4.78286e-35,10056.1,0.00017961,0.230714,0.100065,100.124,7.45455e-33,31054,0.000954956,0.0474612,0.202012,202.76,4.14144e-34
9,201,10136.2,1.32434e-6,0.00204151,0.000887531,0.887964,3.9412e-49,31067.9,9.03098e-6,0.000483556,0.00205208,2.05905,2.18952e-50,10099.5,1.29918e-6,0.00191618,0.000837608,0.838066,2.27161e-49,31061.6,9.10378e-6,0.000463449,0.00198777,1.99488,1.26198e-50,10056.1,1.48334e-6,0.00213981,0.000929535,0.930084,7.41536e-48,31054,1.05576e-5,0.000524266,0.00223277,2.24108,4.11967e-49
14,201,10136.2,5.48472e-10,8.46852e-7,3.68174e-7,0.000368354,5.27445e-77,31067.9,4.90967e-9,2.62876e-7,1.11558e-6,0.00111937,2.93018e-78,10099.5,5.0775e-10,7.50156e-7,3.27922e-7,0.000328102,3.103e-78,31061.6,4.73707e-9,2.41144e-7,1.03429e-6,0.00103799,1.72384e-79,10056.1,6.062e-10,8.75821e-7,3.80469e-7,0.000380694,7.16198e-75,31054,5.78497e-9,2.8726e-7,1.2234e-6,0.00122795,3.97888e-76
20,201,10136.2,4.5833e-14,7.07671e-11,3.07664e-11,3.07814e-8,-1.47243e-100,31067.9,5.70557e-13,3.05491e-11,1.29642e-10,1.30083e-7,-8.17997e-102,10099.5,3.97204e-14,5.86835e-11,2.56528e-11,2.56668e-8,1.10634e-102,31061.6,5.23994e-13,2.66743e-11,1.14409e-10,1.14818e-7,6.14611e-104,10056.1,4.99247e-14,7.21299e-11,3.13342e-11,3.13528e-8,9.34364e-102,31054,6.79813e-13,3.3757e-11,1.43766e-10,1.44301e-7,5.19085e-103
0,202,11250,0,0,0,0,9.8325e+9,31250,0,0,0,0,5.4625e+8,11250,0,0,0,0,9.8325e+9,31250,0,0,0,0,5.4625e+8,11250,0,0,0,0,9.8325e+9,31250,0,0,0,0,5.4625e+8
1,202,10788.1,27.0177,136.878,33.5357,33511,20.267,31177.2,4.29866,21.5906,53.6312,53618.4,1.12594,10794.2,26.6617,134.065,32.8427,32818.4,20.2667,31178.2,4.24035,21.1411,52.903,52889.8,1.12592,10775.1,27.7752,141.688,34.5499,34524.7,20.2689,31175.1,4.42341,22.3635,55.6997,55687.5,1.12605
2,202,10788.1,1.35018,28.6872,11.5414,11535.3,4.47768e-8,31177.1,0.237407,4.56903,18.5518,18558.7,2.48759e-9,10794.2,1.33227,27.8168,11.2219,11215.9,4.47308e-8,31178.1,0.233774,4.42902,18.1681,18174.5,2.48504e-9,10775.1,1.38821,29.9707,11.9692,11963.1,4.42477e-8,31175,0.245321,4.77779,19.3982,19406,2.4582e-9
3,202,10788.1,0.068401,4.81549,2.33713,2336.24,5.60891e-13,31177.1,0.0173376,0.782071,3.80255,3805.52,3.11605e-14,10794.2,0.0674557,4.61526,2.25175,2250.88,5.3244e-13,31178.1,0.0169408,0.749339,3.68984,3692.67,2.95799e-14,10775.1,0.0703781,5.0851,2.44424,2443.35,6.2017e-13,31175,0.0181796,0.827004,4.01107,4014.37,3.44538e-14
4,202,10788.1,0.00361871,0.76444,0.400966,400.85,-2.34414e-18,31177.1,0.00187737,0.127574,0.665558,666.243,-1.3023e-19,10794.1,0.00355992,0.723479,0.382177,382.065,-2.41698e-18,31178.1,0.00180817,0.120722,0.638905,639.555,-1.34276e-19,10775.1,0.00373441,0.816635,0.423524,423.408,3.0668e-19,31175,0.00201234,0.136548,0.70942,710.181,1.70377e-20
6,202,10788.1,1.62806e-5,0.0185354,0.010166,10.1638,-1.91269e-27,31177.1,4.10643e-5,0.00330353,0.0178703,17.8921,-1.0626e-28,10794.1,1.55901e-5,0.0170855,0.00945382,9.45179,-2.04285e-27,31178.1,3.84055e-5,0.00304677,0.0167428,16.7632,-1.13491e-28,10775.1,1.73118e-5,0.0202859,0.0109838,10.9816,2.37193e-28,31175,4.55545e-5,0.0036262,0.0195063,19.531,1.31774e-29
9,202,10788.1,3.18595e-8,6.90084e-5,3.81322e-5,0.0381249,6.92357e-45,31177.1,1.68724e-7,1.36751e-5,7.432e-5,0.074414,3.84641e-46,10794.1,2.85328e-8,6.11001e-5,3.4079e-5,0.0340724,-2.17796e-45,31178.1,1.51735e-7,1.21316e-5,6.69982e-5,0.0670827,-1.20997e-46,10775.1,3.61795e-8,7.83645e-5,4.27295e-5,0.0427218,-9.15754e-46,31175,1.94642e-7,1.55957e-5,8.42581e-5,0.0843681,-5.08749e-47
14,202,10788.1,2.75789e-12,6.15593e-9,3.40291e-9,3.40226e-6,-2.01401e-71,31177.1,1.79965e-11,1.4582e-9,7.92595e-9,7.93601e-6,-1.11889e-72,10794.1,2.30287e-12,5.09767e-9,2.84448e-9,2.84393e-6,-6.15669e-71,31178.1,1.51743e-11,1.21285e-9,6.6991e-9,6.70756e-6,-3.42035e-72,10775.1,3.34544e-12,7.44563e-9,4.06125e-9,4.06053e-6,-1.53068e-73,31175,2.21563e-11,1.7748e-9,9.58975e-9,9.60229e-6,-8.50372e-75
20,202,10788.1,5.97923e-17,1.33476e-13,7.37838e-14,7.37697e-11,-9.48266e-87,31177.1,4.91934e-16,3.98598e-14,2.16656e-13,2.1693e-10,-5.26813e-88,10794.1,3.91282e-17,8.66244e-14,4.83361e-14,4.83269e-11,1.08904e-85,31178.1,3.37497e-16,2.69753e-14,1.48997e-13,1.49185e-10,6.05018e-87,10775.1,6.25101e-17,1.39134e-13,7.58914e-14,7.58779e-11,-7.31122e-86,31175,5.20923e-16,4.17278e-14,2.25467e-13,2.25762e-10,-4.06175e-87
0,203,11250,0,0,0,0,9.8325e+9,31250,0,0,0,0,5.4625e+8,11250,0,0,0,0,9.8325e+9,31250,0,0,0,0,5.4625e+8,11250,0,0,0,0,9.8325e+9,31250,0,0,0,0,5.4625e+8
1,203,10646.8,35.2638,187.033,45.1583,45128.5,20.269,31154.3,5.66606,29.703,72.6724,72671.7,1.12605,10618.6,36.9112,198.168,47.5404,47509.7,20.2669,31149.7,5.94309,31.5145,77.1771,77179.8,1.12594,10624.9,36.5412,195.184,46.9011,46870.6,20.2671,31150.7,5.88076,31.0306,76.1178,76119.7,1.12595
2,203,10646.8,1.76474,41.6843,16.242,16235.6,4.42483e-8,31154.1,0.324921,6.7019,26.312,26332.1,2.45823e-9,10618.6,1.84774,44.8975,17.3029,17296.5,4.47239e-8,31149.5,0.343917,7.23234,28.2861,28309.7,2.48465e-9,10624.9,1.82906,43.9175,16.9852,16978.8,4.47509e-8,31150.6,0.339518,7.07173,27.7571,27779.9,2.48615e-9
3,203,10646.8,0.0900888,7.51476,3.47989,3479.12,6.56996e-14,31154.1,0.0268285,1.23765,5.72526,5732.49,3.64996e-15,10618.6,0.094497,8.24955,3.76401,3763.29,1.4161e-13,31149.5,0.0292386,1.36246,6.25351,6261.95,7.86719e-15,10624.9,0.0934876,8.00532,3.67135,3670.63,1.39645e-13,31150.5,0.0286245,1.32149,6.09676,6104.89,7.75802e-15
4,203,10646.8,0.00491367,1.28835,0.638063,637.988,-2.73592e-19,31154.1,0.00342797,0.219219,1.07619,1077.85,-1.51995e-20,10618.5,0.00519433,1.44354,0.702604,702.542,-6.01888e-19,31149.4,0.00387786,0.246544,1.19782,1199.78,-3.34381e-20,10624.9,0.00512526,1.38885,0.680185,680.122,-5.90477e-19,31150.5,0.00375161,0.237083,1.15894,1160.81,-3.28041e-20
6,203,10646.8,2.88817e-5,0.0366759,0.0188142,18.8134,-2.04863e-30,31154.1,9.48249e-5,0.00673696,0.0339846,34.0436,-1.13812e-31,10618.5,3.2643e-5,0.0428764,0.0215692,21.569,4.76107e-28,31149.4,0.000113276,0.00791868,0.0394569,39.5288,2.64503e-29,10624.9,3.14376e-5,0.0405251,0.0205313,20.531,5.034e-28,31150.5,0.000107414,0.00748164,0.0375351,37.6031,2.79666e-29
9,203,10646.8,8.93714e-8,0.000174334,8.98753e-5,0.0898734,8.66732e-46,31154.1,5.07729e-7,3.61494e-5,0.000182864,0.183188,4.81514e-47,10618.5,1.11943e-7,0.000217382,0.000109842,0.109843,2.09866e-42,31149.4,6.48704e-7,4.54188e-5,0.000226867,0.227288,1.16591e-43,10624.9,1.03565e-7,0.000199986,0.000101792,0.101792,-2.73721e-43,31150.5,5.9893e-7,4.17855e-5,0.000210175,0.210563,-1.52066e-44
14,203,10646.8,1.1832e-11,2.3398e-8,1.20649e-8,1.20646e-5,1.52426e-75,31154.1,8.35078e-11,5.94453e-9,3.00725e-8,3.01258e-5,8.46808e-77,10618.5,1.65405e-11,3.24881e-8,1.64188e-8,1.6419e-5,2.98291e-70,31149.4,1.19223e-10,8.34606e-9,4.16904e-8,4.17678e-5,1.65716e-71,10624.9,1.46166e-11,2.85713e-8,1.45452e-8,1.45453e-5,-1.10095e-70,31150.5,1.05303e-10,7.34544e-9,3.69483e-8,3.70166e-5,-6.11633e-72
20,203,10646.8,1.82405e-16,3.6072e-13,1.86e-13,1.85996e-10,5.82637e-93,31154.1,1.72941e-15,1.23109e-13,6.22789e-13,6.23893e-10,3.23685e-94,10618.5,3.37492e-16,6.62899e-13,3.35017e-13,3.35019e-10,5.40974e-88,31149.4,3.20166e-15,2.24128e-13,1.11957e-12,1.12164e-9,3.0054e-89,10624.9,2.69752e-16,5.27302e-13,2.68442e-13,2.68443e-10,-3.56968e-89,31150.5,2.57817e-15,1.79841e-13,9.04618e-13,9.06289e-10,-1.98314e-90
0,204,11250,0,0,0,0,9.8325e+9,31250,0,0,0,0,5.4625e+8,11250,0,0,0,0,9.8325e+9,31250,0,0,0,0,5.4625e+8,11250,0,0,0,0,9.8325e+9,31250,0,0,0,0,5.4625e+8
1,204,10682.7,33.1717,178.521,42.9,42870.7,20.2669,31160.2,5.31733,28.3013,68.9272,68922.2,1.12594,10682.8,33.1665,178.81,42.8362,42807,20.2669,31160.2,5.31684,28.3473,69.3409,69335.9,1.12594,10672,33.7945,184.453,44.0141,43984.3,20.2675,31158.4,5.42191,29.2567,71.2814,71277.4,1.12597
2,204,10682.7,1.65971,40.5846,15.6541,15647.3,4.4733e-8,31160,0.303219,6.50802,25.3082,25324.5,2.48516e-9,10682.7,1.65944,40.7486,15.6582,15651.4,4.47346e-8,31160,0.303463,6.53461,25.5055,25521.9,2.48524e-9,10672,1.69116,42.7426,16.2852,16278.2,4.4805e-8,31158.3,0.310865,6.8587,26.5421,26559.8,2.48915e-9
3,204,10682.6,0.084677,7.48609,3.41611,3415.18,6.48551e-14,31160,0.0248198,1.22742,5.60298,5609.17,3.60305e-15,10682.7,0.0846668,7.53732,3.42467,3423.73,6.45362e-14,31160,0.0249197,1.23594,5.65963,5665.86,3.58533e-15,10672,0.0863874,8.06037,3.61758,3616.62,6.23748e-14,31158.2,0.0259844,1.32264,5.98289,5989.6,3.46525e-15
4,204,10682.6,0.00461717,1.31536,0.639997,639.881,-2.74654e-19,31159.9,0.00318157,0.22221,1.07412,1075.57,-1.52585e-20,10682.7,0.00461824,1.32833,0.643286,643.169,-2.7389e-19,31160,0.00320908,0.224435,1.0879,1089.37,-1.52161e-20,10672,0.00473919,1.45022,0.692014,691.891,-2.66361e-19,31158.2,0.00343839,0.245177,1.17131,1172.92,-1.47978e-20
6,204,10682.6,2.77579e-5,0.0394029,0.0198072,19.805,-5.89945e-30,31159.9,9.1221e-5,0.00713714,0.035398,35.4521,-3.27746e-31,10682.7,2.7908e-5,0.0400385,0.0200266,20.0243,-6.29229e-30,31160,9.26942e-5,0.00725378,0.0360678,36.1227,-3.4957e-31,10672,3.02991e-5,0.0456288,0.0224426,22.4401,2.77933e-27,31158.2,0.000104179,0.00826604,0.0404431,40.5051,1.54407e-28
9,204,10682.6,9.3605e-8,0.000202364,0.000102169,0.102159,3.27103e-45,31159.9,5.21432e-7,4.09182e-5,0.000203464,0.203781,1.81723e-46,10682.7,9.52536e-8,0.00020757,0.00010427,0.104259,3.54959e-45,31160,5.34908e-7,4.19808e-5,0.000209268,0.209592,1.97198e-46,10672,1.13778e-7,0.000252453,0.000124647,0.124635,2.23493e-43,31158.2,6.40862e-7,5.09826e-5,0.000250007,0.250397,1.24163e-44
14,204,10682.6,1.41188e-11,3.09029e-8,1.56047e-8,1.56032e-5,3.99203e-73,31159.9,9.57588e-11,7.51337e-9,3.73616e-8,3.74199e-5,2.21778e-74,10682.7,1.45974e-11,3.21984e-8,1.61769e-8,1.61753e-5,1.031e-72,31160,9.97876e-11,7.83044e-9,3.90354e-8,3.90961e-5,5.72773e-74,10672,1.94759e-11,4.36637e-8,2.15616e-8,2.15595e-5,4.66228e-72,31158.2,1.32966e-10,1.05766e-8,5.18671e-8,5.19481e-5,2.59015e-73
20,204,10682.6,2.87231e-16,6.287e-13,3.17468e-13,3.17437e-10,9.69806e-92,31159.9,2.49901e-15,1.96075e-13,9.75022e-13,9.76543e-10,5.38775e-93,10682.7,3.0775e-16,6.78838e-13,3.41057e-13,3.41024e-10,2.01505e-90,31160,2.69274e-15,2.11302e-13,1.05336e-12,1.055e-9,1.11947e-91,10672,4.901e-16,1.09879e-12,5.42595e-13,5.42542e-10,-4.82109e-88,31158.2,4.23775e-15,3.37085e-13,1.65306e-12,1.65564e-9,-2.67837e-89
0,205,11250,0,0,0,0,9.8325e+9,31250,0,0,0,0,5.4625e+8,11250,0,0,0,0,9.8325e+9,31250,0,0,0,0,5.4625e+8,11250,0,0,0,0,9.8325e+9,31250,0,0,0,0,5.4625e+8
1,205,10703.1,31.9791,180.045,42.6438,42614.1,20.2668,31163.5,5.12031,28.5131,68.4519,68444.1,1.12593,10716.1,31.2189,176.634,41.6636,41634.3,20.2674,31165.6,4.99457,27.9555,67.3413,67332.1,1.12596,10697.4,32.3149,183.659,43.2591,43229.1,20.2668,31162.5,5.17673,29.0935,69.9783,69970.9,1.12593
2,205,10703.1,1.60022,43.5282,16.2752,16267.6,4.47228e-8,31163.3,0.292785,6.96747,26.2802,26294.8,2.48459e-9,10716.1,1.56203,42.9937,15.9805,15972.8,4.48015e-8,31165.4,0.285116,6.87596,25.9798,25993.1,2.48896e-9,10697.3,1.61719,44.9776,16.6666,16658.9,4.47245e-8,31162.4,0.29709,7.20218,27.1233,27138.6,2.48468e-9
3,205,10703.1,0.0817941,8.61993,3.76167,3760.47,6.58947e-13,31163.3,0.0246408,1.40796,6.15658,6162.52,3.6608e-14,10716.1,0.0798136,8.58071,3.71716,3715.9,3.70116e-13,31165.4,0.0239378,1.39962,6.12325,6128.82,2.05619e-14,10697.3,0.0827285,9.04027,3.89914,3897.9,6.35869e-13,31162.3,0.0253681,1.47728,6.43244,6438.68,3.53259e-14
4,205,10703.1,0.00451625,1.63406,0.753714,753.531,-2.78405e-18,31163.3,0.00336878,0.274094,1.25981,1261.29,-1.54669e-19,10716.1,0.00440413,1.64019,0.750339,750.142,-1.55925e-18,31165.4,0.00327907,0.274544,1.26166,1263.07,-8.66248e-20,10697.3,0.00458769,1.7411,0.792384,792.193,-2.66528e-18,31162.3,0.00354463,0.29217,1.33514,1336.71,-1.4807e-19
6,205,10703.1,3.1757e-5,0.0572707,0.0271044,27.0993,-9.64113e-27,31163.3,0.000112318,0.0102082,0.0479016,47.9643,-5.35617e-28,10716.1,3.11417e-5,0.0584776,0.0274306,27.4247,-8.12452e-27,31165.4,0.000110781,0.010383,0.048693,48.7535,-4.51361e-28,10697.3,3.36922e-5,0.0630467,0.0294034,29.3978,-1.81107e-26,31162.3,0.000122618,0.0112387,0.0523786,52.4472,-1.00615e-27
9,205,10703.1,1.4646e-7,0.000373112,0.000177097,0.177066,3.64945e-44,31163.3,8.0204e-7,7.31245e-5,0.000343757,0.344214,2.02747e-45,10716.1,1.47563e-7,0.000390964,0.000183905,0.183868,3.24897e-44,31165.4,8.0936e-7,7.61097e-5,0.000357559,0.358009,1.80497e-45,10697.3,1.66377e-7,0.00043153,0.000201795,0.201759,3.36339e-44,31162.3,9.19485e-7,8.45205e-5,0.00039457,0.395094,1.86854e-45
14,205,10703.1,3.30151e-11,8.47549e-8,4.02323e-8,4.0225e-5,8.56879e-75,31163.3,2.13534e-10,1.9467e-8,9.1517e-8,9.16388e-5,4.76041e-76,10716.1,3.47313e-11,9.27081e-8,4.36124e-8,4.36034e-5,2.22891e-73,31165.4,2.23868e-10,2.10504e-8,9.88964e-8,9.90211e-5,1.23828e-74,10697.3,4.0751e-11,1.06419e-7,4.97682e-8,4.97591e-5,4.6583e-75,31162.3,2.65437e-10,2.43977e-8,1.139e-7,0.000114051,2.58792e-76
20,205,10703.1,1.09435e-15,2.8094e-12,1.33359e-12,1.33335e-9,7.32682e-97,31163.3,8.72912e-15,7.958e-13,3.74115e-12,3.74613e-9,4.07041e-98,10716.1,9.99166e-16,2.66709e-12,1.25467e-12,1.25441e-9,3.04198e-95,31165.4,8.01298e-15,7.53464e-13,3.53983e-12,3.54429e-9,1.68999e-96,10697.3,1.37344e-15,3.58669e-12,1.67736e-12,1.67706e-9,-6.4276e-96,31162.3,1.10832e-14,1.01872e-12,4.75585e-12,4.76216e-9,-3.57085e-97
0,206,7500,0,0,0,0,6.555e+9,22727.3,0,0,0,0,3.97273e+8,7500,0,0,0,0,6.555e+9,22727.3,0,0,0,0,3.97273e+8,7500,0,0,0,0,6.555e+9,22727.3,0,0,0,0,3.97273e+8
1,206,7301.36,11.6242,55.6915,13.8914,13880,13.5119,22690.3,2.17771,10.3732,26.2467,26234.5,0.818901,7289.94,12.2922,58.2335,14.5419,14530,13.5124,22688.1,2.30551,10.8557,27.7026,27690.7,0.818935,7295.44,11.9702,57.5811,14.3078,14296,13.5118,22689.2,2.24398,10.7297,27.2467,27234.5,0.818897
2,206,7301.36,0.580049,10.8373,4.53539,4532.29,2.74964e-8,22690.3,0.116157,2.03281,8.59992,8599.75,1.66644e-9,7289.93,0.613437,11.1641,4.69769,4694.56,2.7495e-8,22688.1,0.123369,2.09691,8.98333,8983.71,1.66636e-9,7295.44,0.59736,11.2649,4.68897,4685.8,2.74966e-8,22689.1,0.120014,2.1144,8.96241,8962.48,1.66645e-9
3,206,7301.36,0.0291684,1.66881,0.85894,858.441,9.30432e-14,22690.3,0.00749791,0.317673,1.64304,1643.53,5.63897e-15,7289.93,0.0308556,1.68965,0.877923,877.438,9.39546e-14,22688.1,0.00802355,0.322442,1.69466,1695.31,5.69421e-15,7295.44,0.0300498,1.74543,0.892266,891.758,9.16293e-14,22689.1,0.00782161,0.332624,1.72097,1721.55,5.55328e-15
4,206,7301.36,0.00150083,0.241244,0.13615,136.081,-3.25875e-21,22690.3,0.000664815,0.0469123,0.264355,264.488,-1.97497e-22,7289.93,0.00158825,0.239707,0.136993,136.928,2.53896e-20,22688.1,0.000714953,0.0468139,0.268717,268.88,1.53876e-21,7295.44,0.00154827,0.254028,0.142232,142.161,-3.08122e-19,22689.1,0.00070509,0.0494808,0.278587,278.738,-1.8674e-20
6,206,7301.36,5.14997e-6,0.00480418,0.00287699,2.87571,3.143e-31,22690.3,1.05281e-5,0.000985773,0.00584331,5.84733,1.90482e-32,7289.93,5.4214e-6,0.00458765,0.00279151,2.79038,-2.354e-30,22688.1,1.11216e-5,0.000950082,0.00574949,5.75415,-1.42666e-31,7295.44,5.38848e-6,0.00513129,0.00304498,3.04366,4.36239e-29,22689.1,1.14792e-5,0.00105599,0.00624635,6.25089,2.64387e-30
9,206,7301.36,5.05603e-9,1.32316e-5,8.0215e-6,0.00801809,3.05956e-47,22690.3,3.09726e-8,2.96839e-6,1.77457e-5,0.0177589,1.85426e-48,7289.93,5.01036e-9,1.18872e-5,7.33153e-6,0.00732874,1.8982e-47,22688.1,3.11293e-8,2.71504e-6,1.65802e-5,0.0165946,1.15042e-48,7295.44,5.55657e-9,1.44454e-5,8.67414e-6,0.00867057,6.50928e-45,22689.1,3.4655e-8,3.25634e-6,1.94187e-5,0.0194339,3.94502e-46
14,206,7301.36,2.50146e-13,7.12909e-10,4.32564e-10,4.32382e-7,-2.32434e-73,22690.3,1.94189e-12,1.86053e-10,1.1127e-9,1.11353e-6,-1.40868e-74,7289.93,2.23304e-13,5.80157e-10,3.58181e-10,3.58046e-7,1.94828e-71,22688.1,1.79447e-12,1.56437e-10,9.55731e-10,9.56568e-7,1.18078e-72,7295.44,2.87149e-13,8.0839e-10,4.85814e-10,4.85615e-7,1.80119e-74,22689.1,2.26353e-12,2.12622e-10,1.2684e-9,1.26939e-6,1.09163e-75
20,206,7301.36,1.01116e-17,2.88315e-14,1.74939e-14,1.74865e-11,1.49587e-85,22690.3,9.27279e-17,8.88418e-15,5.31325e-14,5.3172e-11,9.06581e-87,7289.93,8.60001e-18,2.2356e-14,1.38024e-14,1.37972e-11,2.56408e-82,22688.1,8.31261e-17,7.2466e-15,4.42723e-14,4.4311e-11,1.55399e-83,7295.44,6.50403e-18,1.83185e-14,1.10088e-14,1.10043e-11,-3.15387e-84,22689.1,6.63433e-17,6.23183e-15,3.7176e-14,3.72051e-11,-1.91144e-85
0,301,7500,0,0,0,0,6.555e+9,22727.3,0,0,0,0,3.97273e+8,7500,0,0,0,0,6.555e+9,22727.3,0,0,0,0,3.97273e+8,7500,0,0,0,0,6.555e+9,22727.3,0,0,0,0,3.97273e+8
1,301,7455.13,2.62772,11.6432,2.97835,2975.49,13.5121,22719,0.484722,2.14512,5.57158,5566.69,0.818916,7456.28,2.56005,11.3323,2.89239,2889.61,13.5112,22719.2,0.472189,2.08767,5.45096,5446.16,0.818858,7454.63,2.65667,11.8424,3.01572,3012.83,13.5115,22718.9,0.490092,2.1819,5.684,5679.01,0.818877
2,301,7455.13,0.130888,2.04554,0.905167,904.33,2.74952e-8,22719,0.024484,0.377492,1.69467,1693.36,1.66638e-9,7456.28,0.127516,1.98841,0.878269,877.455,2.74977e-8,22719.2,0.0238434,0.366906,1.65649,1655.2,1.66653e-9,7454.63,0.132331,2.09687,0.921551,920.699,2.74969e-8,22718.9,0.0247636,0.386986,1.73836,1737.02,1.66648e-9
3,301,7455.13,0.00652911,0.279688,0.15668,156.539,-4.13228e-14,22719,0.00129048,0.0518042,0.29394,293.736,-2.50441e-15,7456.28,0.00636051,0.271477,0.151858,151.721,-4.25315e-14,22719.2,0.00125512,0.0502741,0.286992,286.791,-2.57767e-15,7454.63,0.00660137,0.289315,0.160601,160.456,-3.78566e-14,22718.9,0.00130735,0.0535921,0.303577,303.368,-2.29434e-15
4,301,7455.13,0.000326971,0.0355036,0.0223276,22.308,1.84811e-19,22719,7.51572e-5,0.00661312,0.0420405,42.0138,1.12006e-20,7456.28,0.00031847,0.0344059,0.0216124,21.5933,1.62536e-19,22719.2,7.28559e-5,0.00640677,0.0409908,40.9644,9.85067e-21,7454.63,0.000330647,0.0370922,0.02307,23.0498,1.71286e-19,22718.9,7.65319e-5,0.0069098,0.0437691,43.7415,1.0381e-20
6,301,7455.13,8.56021e-7,0.000536072,0.000367798,0.367483,-2.39233e-28,22719,4.49765e-7,0.000101391,0.000700799,0.7004,-1.44989e-29,7456.28,8.32272e-7,0.000517705,0.000354933,0.354627,-2.1741e-28,22719.2,4.30329e-7,9.78613e-5,0.000681067,0.680672,-1.31764e-29,7454.63,8.67737e-7,0.000572096,0.000387246,0.386914,-2.17499e-28,22718.9,4.70394e-7,0.000108216,0.000743519,0.743096,-1.31817e-29
9,301,7455.13,2.01633e-10,9.62203e-7,6.76371e-7,0.000675797,-7.62302e-46,22719,6.22809e-10,1.87004e-7,1.32134e-6,0.00132062,-4.62001e-47,7456.28,1.92638e-10,9.24241e-7,6.49338e-7,0.000648784,-7.83037e-46,22719.2,5.88099e-10,1.79442e-7,1.27693e-6,0.00127623,-4.74567e-47,7454.63,2.11569e-10,1.06143e-6,7.35217e-7,0.000734593,-9.50964e-46,22718.9,6.80285e-10,2.06279e-7,1.44725e-6,0.00144647,-5.76342e-47
14,301,7455.13,2.49988e-15,2.29557e-11,1.61803e-11,1.61666e-8,5.67056e-71,22719,1.53268e-14,4.68457e-12,3.31732e-11,3.31553e-8,3.43669e-72,7456.28,2.29472e-15,2.15927e-11,1.5212e-11,1.51991e-8,1.19156e-69,22719.2,1.4153e-14,4.39925e-12,3.13758e-11,3.13586e-8,7.22158e-71,7454.63,2.93363e-15,2.73974e-11,1.90245e-11,1.90084e-8,-1.13816e-71,22718.9,1.81234e-14,5.58647e-12,3.92736e-11,3.92524e-8,-6.89797e-73
20,301,7455.13,4.56751e-19,4.23012e-15,2.98172e-15,2.97919e-12,8.10799e-79,22719,2.93586e-18,8.97372e-16,6.35478e-15,6.35136e-12,4.91392e-80,7456.28,3.86471e-19,3.66821e-15,2.58436e-15,2.58216e-12,5.65941e-77,22719.2,2.50415e-18,7.78412e-16,5.55183e-15,5.54878e-12,3.42995e-78,7454.63,5.30741e-19,4.9964e-15,3.46959e-15,3.46665e-12,-1.77118e-79,22718.9,3.43369e-18,1.05847e-15,7.44135e-15,7.43734e-12,-1.07344e-80
0,302,11250,0,0,0,0,9.8325e+9,31250,0,0,0,0,5.4625e+8,11250,0,0,0,0,9.8325e+9,31250,0,0,0,0,5.4625e+8,11250,0,0,0,0,9.8325e+9,31250,0,0,0,0,5.4625e+8
1,302,11187.9,3.63511,15.1461,3.953,3949.19,20.2671,31240.4,0.563183,2.34421,6.21245,6206.88,1.12595,11185.7,3.76481,15.6042,4.06925,4065.33,20.2669,31240.1,0.583362,2.41536,6.44373,6437.98,1.12594,11186.8,3.69832,15.4294,4.01503,4011.16,20.2671,31240.2,0.57302,2.38817,6.35756,6351.88,1.12595
2,302,11187.9,0.181054,2.4582,1.13698,1135.92,4.48742e-8,31240.4,0.0283591,0.381019,1.7881,1786.66,2.49301e-9,11185.7,0.187516,2.5156,1.16499,1163.91,4.48585e-8,31240,0.0293865,0.389982,1.84613,1844.66,2.49214e-9,11186.8,0.184204,2.50829,1.15613,1155.06,4.48731e-8,31240.2,0.0288622,0.388815,1.83198,1830.51,2.49295e-9
3,302,11187.9,0.00902809,0.306686,0.183924,183.758,5.70455e-13,31240.4,0.00147319,0.0476948,0.289768,289.557,3.16919e-14,11185.7,0.00935062,0.311429,0.187394,187.226,5.53623e-13,31240,0.00152838,0.0484483,0.297509,297.296,3.07568e-14,11186.8,0.00918539,0.31353,0.187282,187.113,5.71334e-13,31240.2,0.00150089,0.0487665,0.297301,297.086,3.17408e-14
4,302,11187.9,0.000451453,0.0352026,0.0242031,24.1817,-5.9149e-19,31240.4,8.20283e-5,0.00550378,0.038255,38.2294,-3.28606e-20,11185.7,0.000467612,0.0354438,0.0244969,24.4754,-6.75069e-19,31240,8.52932e-5,0.00554484,0.0390236,38.998,-3.75038e-20,11186.8,0.000459357,0.0360633,0.024685,24.6632,-5.71152e-19,31240.2,8.37972e-5,0.00563982,0.0393162,39.29,-3.17306e-20
6,302,11187.9,1.15953e-6,0.000427823,0.000330229,0.329946,7.1895e-28,31240.4,3.83251e-7,6.79214e-5,0.000527803,0.527487,3.99417e-29,11185.7,1.20113e-6,0.000422872,0.000329027,0.328748,7.59768e-28,31240,3.99743e-7,6.72337e-5,0.000530308,0.529999,4.22093e-29,11186.8,1.18075e-6,0.000440274,0.000338107,0.337819,6.70877e-28,31240.2,3.96328e-7,6.99365e-5,0.000544666,0.544343,3.72709e-29
9,302,11187.9,2.06799e-10,5.46369e-7,4.39187e-7,0.000438817,-1.56065e-45,31240.4,3.36474e-10,8.92895e-8,7.19996e-7,0.000719591,-8.6703e-47,11185.7,2.12758e-10,5.24501e-7,4.2575e-7,0.000425395,-1.39747e-45,31240,3.45045e-10,8.59955e-8,7.04862e-7,0.00070448,-7.76371e-47,11186.8,2.12366e-10,5.6631e-7,4.52702e-7,0.000452322,1.4821e-45,31240.2,3.54007e-10,9.26453e-8,7.48368e-7,0.000747952,8.23387e-47
14,302,11187.9,9.06464e-16,6.73887e-12,5.4526e-12,5.44803e-9,-5.21294e-67,31240.4,4.21854e-15,1.1638e-12,9.43452e-12,9.4293e-9,-2.89608e-68,11185.7,8.60931e-16,6.03794e-12,4.93599e-12,4.9319e-9,-5.24347e-66,31240,4.05738e-15,1.05037e-12,8.65834e-12,8.65373e-9,-2.91304e-67,11186.8,1.02015e-15,7.50175e-12,6.03551e-12,6.03046e-9,-1.09292e-66,31240.2,4.77449e-15,1.29672e-12,1.05292e-11,1.05234e-8,-6.07179e-68
20,302,11187.9,1.68735e-19,1.30482e-15,1.05601e-15,1.05513e-12,4.90483e-74,31240.4,8.68119e-19,2.39537e-16,1.94212e-15,1.94105e-12,2.7249e-75,11185.7,1.30128e-19,9.56738e-16,7.82366e-16,7.81717e-13,5.58459e-73,31240,6.95534e-19,1.80082e-16,1.4847e-15,1.48391e-12,3.10255e-74,11186.8,1.84612e-19,1.42066e-15,1.14329e-15,1.14233e-12,1.12658e-73,31240.2,9.64103e-19,2.61904e-16,2.12697e-15,2.1258e-12,6.25876e-75
0,303,11250,0,0,0,0,9.8325e+9,31250,0,0,0,0,5.4625e+8,11250,0,0,0,0,9.8325e+9,31250,0,0,0,0,5.4625e+8,11250,0,0,0,0,9.8325e+9,31250,0,0,0,0,5.4625e+8
1,303,11161.9,5.15721,22.681,5.81609,5810.57,20.2685,31236.4,0.800355,3.51468,9.15068,9142.87,1.12603,11159,5.32815,23.2154,5.95615,5950.52,20.2668,31235.9,0.82704,3.59801,9.44254,9434.53,1.12593,11159.2,5.3164,23.5655,6.01219,6006.5,20.2668,31235.9,0.825216,3.65222,9.53129,9523.19,1.12593
2,303,11161.9,0.256919,3.94608,1.75556,1753.97,4.42458e-8,31236.4,0.0405367,0.612717,2.76481,2762.8,2.4581e-9,11159,0.265438,3.99056,1.78274,1781.14,4.48247e-8,31235.9,0.0419072,0.619766,2.82915,2827.12,2.49026e-9,11159.2,0.264855,4.14202,1.82772,1826.08,4.48218e-8,31235.9,0.0418287,0.643262,2.90049,2898.41,2.4901e-9
3,303,11161.9,0.0128229,0.533512,0.30133,301.069,-8.36769e-15,31236.4,0.00215757,0.0832072,0.475733,475.434,-4.64872e-16,11159,0.0132484,0.532035,0.302829,302.568,-1.0725e-14,31235.9,0.0022329,0.0830146,0.481816,481.521,-5.95834e-16,11159.2,0.0132205,0.56666,0.316496,316.223,-2.48456e-15,31235.9,0.00223404,0.0884041,0.503541,503.23,-1.38031e-16
4,303,11161.9,0.000643176,0.0668948,0.0425176,42.4819,5.17093e-20,31236.4,0.0001285,0.0105044,0.0674209,67.3834,2.87274e-21,11159,0.000664507,0.0656943,0.0422084,42.1732,6.79748e-20,31235.9,0.000133079,0.0103245,0.067465,67.4287,3.77638e-21,11159.2,0.000663396,0.0719781,0.0451245,45.0867,1.43233e-20,31235.9,0.000134371,0.0113077,0.0721173,72.0778,7.95739e-22
6,303,11161.9,1.70602e-6,0.000983749,0.000684265,0.683709,-5.46568e-32,31236.4,8.19075e-7,0.000157383,0.00110077,1.10025,-3.03649e-33,11159,1.75966e-6,0.000934787,0.000659929,0.659399,-1.42303e-31,31235.9,8.38268e-7,0.000149857,0.00107096,1.07047,-7.90574e-33,11159.2,1.76856e-6,0.00108834,0.000744237,0.743635,-5.16312e-33,31235.9,8.93865e-7,0.000174239,0.00120704,1.20648,-2.8684e-34
9,303,11161.9,4.37739e-10,1.6947e-6,1.20961e-6,0.00120864,-1.38442e-48,31236.4,1.14573e-9,2.80308e-7,2.00611e-6,0.00200522,-7.69121e-50,11159,4.35964e-10,1.52968e-6,1.11049e-6,0.00110961,-6.55111e-47,31235.9,1.11975e-9,2.54155e-7,1.86171e-6,0.00186094,-3.63951e-48,11159.2,4.80467e-10,1.95793e-6,1.37161e-6,0.00137052,2.19652e-49,31235.9,1.32641e-9,3.24147e-7,2.2942e-6,0.0022932,1.22029e-50
14,303,11161.9,5.87102e-15,3.99599e-11,2.86076e-11,2.85848e-8,7.05486e-72,31236.4,2.82546e-14,7.00958e-12,5.0283e-11,5.02609e-8,3.91936e-73,11159,5.14288e-15,3.26063e-11,2.37524e-11,2.37337e-8,3.16798e-71,31235.9,2.50807e-14,5.77319e-12,4.24001e-11,4.23827e-8,1.75999e-72,11159.2,7.22172e-15,4.94917e-11,3.47642e-11,3.47366e-8,6.71918e-71,31235.9,3.51366e-14,8.69241e-12,6.16494e-11,6.16228e-8,3.73287e-72
20,303,11161.9,9.70216e-19,6.66054e-15,4.7686e-15,4.7648e-12,8.02098e-80,31236.4,4.92519e-18,1.22189e-15,8.76549e-15,8.76164e-12,4.4561e-81,11159,7.91949e-19,5.07083e-15,3.69414e-15,3.69124e-12,4.71577e-79,31235.9,4.10415e-18,9.44717e-16,6.93854e-15,6.9357e-12,2.61987e-80,11159.2,1.0125e-18,6.98768e-15,4.90853e-15,4.90464e-12,3.21565e-79,31235.9,5.21041e-18,1.28901e-15,9.14228e-15,9.13835e-12,1.78647e-80
0,304,11250,0,0,0,0,9.8325e+9,31250,0,0,0,0,5.4625e+8,11250,0,0,0,0,9.8325e+9,31250,0,0,0,0,5.4625e+8,11250,0,0,0,0,9.8325e+9,31250,0,0,0,0,5.4625e+8
1,304,11110.2,8.18327,42.2868,10.2915,10282,20.2668,31228.3,1.27447,6.56855,16.228,16215.4,1.12593,11108.2,8.30313,42.8121,10.4003,10390.7,20.2668,31228,1.29333,6.6508,16.5241,16511.3,1.12593,11107.2,8.36267,43.5456,10.545,10535.3,20.2668,31227.8,1.30271,6.76506,16.7547,16741.8,1.12593
2,304,11110.2,0.407903,9.10781,3.61364,3610.55,4.48019e-8,31228.3,0.0655886,1.4188,5.7068,5703.41,2.48899e-9,11108.2,0.413882,9.19363,3.64405,3640.94,4.48067e-8,31228,0.0665956,1.4324,5.79869,5795.28,2.48926e-9,11107.2,0.416859,9.47612,3.73025,3727.06,4.48057e-8,31227.8,0.067123,1.47648,5.93615,5932.67,2.4892e-9
3,304,11110.2,0.0204234,1.57737,0.750196,749.586,1.55768e-13,31228.3,0.00377759,0.247133,1.18901,1188.44,8.65378e-15,11108.2,0.0207235,1.58678,0.754456,753.846,1.55882e-13,31228,0.0038428,0.248679,1.20497,1204.41,8.66011e-15,11107.2,0.0208763,1.66089,0.781765,781.133,1.5438e-13,31227.8,0.00388943,0.260297,1.24865,1248.07,8.57669e-15
4,304,11110.2,0.00103821,0.25894,0.132495,132.391,-1.24359e-18,31228.3,0.000283663,0.040894,0.21124,211.156,-6.90882e-20,11108.2,0.00105354,0.259521,0.132822,132.719,-1.24621e-18,31228,0.000289443,0.0410057,0.213421,213.337,-6.92339e-20,11107.2,0.00106229,0.276183,0.139617,139.508,-1.18435e-18,31227.8,0.000296927,0.0436349,0.224346,224.258,-6.5797e-20
6,304,11110.2,3.34837e-6,0.00673216,0.003587,3.58426,-6.0017e-28,31228.3,4.21586e-6,0.00108391,0.00581623,5.81424,-3.33427e-29,11108.2,3.39577e-6,0.00669537,0.00356984,3.56713,-5.83128e-28,31228,4.30211e-6,0.00107904,0.00583614,5.8342,-3.2396e-29,11107.2,3.48184e-6,0.00737582,0.00387655,3.8736,-9.55101e-28,31227.8,4.61521e-6,0.00118821,0.0063365,6.33437,-5.30611e-29
9,304,11110.2,3.90967e-9,2.78712e-5,1.49444e-5,0.014933,3.7449e-43,31228.3,1.68193e-8,4.62947e-6,2.49789e-5,0.0249707,2.0805e-44,11108.2,3.91903e-9,2.73948e-5,1.47009e-5,0.0146898,1.18778e-43,31228,1.69929e-8,4.55849e-6,2.47938e-5,0.0247859,6.59874e-45,11107.2,4.40898e-9,3.181e-5,1.68176e-5,0.0168049,-6.3078e-42,31227.8,1.92779e-8,5.28745e-6,2.83423e-5,0.0283332,-3.50433e-43
14,304,11110.2,3.84796e-13,2.97212e-9,1.5941e-9,1.59289e-6,1.04748e-70,31228.3,1.88765e-12,5.20262e-10,2.80776e-9,2.80684e-6,5.81932e-72,11108.2,3.77855e-13,2.86461e-9,1.5377e-9,1.53654e-6,1.27758e-71,31228,1.87273e-12,5.03034e-10,2.73664e-9,2.73578e-6,7.0976e-73,11107.2,4.68211e-13,3.63163e-9,1.92051e-9,1.91905e-6,-5.96881e-71,31227.8,2.31719e-12,6.36292e-10,3.41138e-9,3.41029e-6,-3.316e-72
20,304,11110.2,1.5549e-17,1.20127e-13,6.44306e-14,6.43817e-11,-6.78578e-84,31228.3,8.11184e-17,2.23574e-14,1.20659e-13,1.20619e-10,-3.76987e-85,11108.2,1.5323e-17,1.16195e-13,6.23726e-14,6.23255e-11,-1.31048e-84,31228,8.0859e-17,2.17195e-14,1.1816e-13,1.18123e-10,-7.28038e-86,11107.2,1.66496e-17,1.29166e-13,6.83067e-14,6.82551e-11,-1.5989e-85,31227.8,8.80745e-17,2.41849e-14,1.29664e-13,1.29622e-10,-8.88276e-87
0,305,11250,0,0,0,0,9.8325e+9,31250,0,0,0,0,5.4625e+8,11250,0,0,0,0,9.8325e+9,31250,0,0,0,0,5.4625e+8,11250,0,0,0,0,9.8325e+9,31250,0,0,0,0,5.4625e+8
1,305,11162.9,5.1011,21.9757,5.67333,5667.95,20.269,31236.5,0.791586,3.40524,8.92572,8918.09,1.12606,11164.8,4.98856,21.183,5.4806,5475.4,20.267,31236.8,0.774025,3.28212,8.68646,8679.01,1.12594,11162.2,5.13887,22.2716,5.72394,5718.51,20.269,31236.4,0.79749,3.4512,9.07314,9065.39,1.12606
2,305,11162.9,0.254118,3.72257,1.68088,1679.36,4.42459e-8,31236.5,0.0400683,0.57799,2.64707,2645.15,2.4581e-9,11164.8,0.248506,3.52227,1.60297,1601.52,4.48568e-8,31236.8,0.0391572,0.546834,2.54307,2541.21,2.49204e-9,11162.2,0.256001,3.80202,1.70504,1703.5,4.42459e-8,31236.4,0.0403803,0.590355,2.70536,2703.4,2.45811e-9
3,305,11162.9,0.0126813,0.487971,0.281966,281.722,5.42578e-14,31236.5,0.00212508,0.0761066,0.445138,444.859,3.01432e-15,11164.8,0.0123996,0.451911,0.264674,264.444,5.81909e-13,31236.8,0.00207071,0.0704755,0.420921,420.656,3.23282e-14,11162.2,0.0127758,0.50287,0.287921,287.672,5.28577e-14,31236.4,0.00214499,0.078436,0.457978,457.691,2.93654e-15
4,305,11162.9,0.000635705,0.0591429,0.0387239,38.6913,-3.81064e-19,31236.5,0.000125012,0.00928913,0.0614039,61.3699,-2.11702e-20,11164.8,0.000621284,0.0534954,0.0356784,35.6484,-4.52856e-18,31236.8,0.00012067,0.00840186,0.0569909,56.9592,-2.51586e-19,11162.2,0.000640555,0.0615512,0.0398516,39.8182,-3.56237e-19,31236.4,0.000126794,0.00966817,0.0636724,63.6372,-1.97909e-20
6,305,11162.9,1.67244e-6,0.00080853,0.000584663,0.58419,1.09361e-30,31236.5,7.43031e-7,0.000129493,0.000940871,0.940431,6.07561e-32,11164.8,1.62463e-6,0.000695017,0.000515446,0.515029,-8.5625e-31,31236.8,6.81506e-7,0.000111361,0.00083568,0.835289,-4.75694e-32,11162.2,1.68918e-6,0.000859471,0.000612898,0.612403,8.93184e-31,31236.4,7.72094e-7,0.000137652,0.000993835,0.993369,4.96213e-32
9,305,11162.9,3.84525e-10,1.24269e-6,9.26648e-7,0.000925913,5.27154e-47,31236.5,9.11498e-10,2.06232e-7,1.53981e-6,0.00153915,2.92863e-48,11164.8,3.46327e-10,9.86181e-7,7.57167e-7,0.000756568,3.94049e-49,31236.8,7.60377e-10,1.63954e-7,1.26867e-6,0.00126813,2.18917e-50,11162.2,4.00711e-10,1.36555e-6,1.00266e-6,0.00100186,2.63121e-46,31236.4,9.86816e-10,2.26542e-7,1.67853e-6,0.0016778,1.46178e-47
14,305,11162.9,3.62332e-15,2.27355e-11,1.70222e-11,1.70088e-8,-2.14272e-73,31236.5,1.74914e-14,4.02464e-12,3.01429e-11,3.01302e-8,-1.1904e-74,11164.8,2.69426e-15,1.61539e-11,1.24644e-11,1.24546e-8,5.17294e-70,31236.8,1.30621e-14,2.87167e-12,2.23052e-11,2.2296e-8,2.87387e-71,11162.2,4.21167e-15,2.70233e-11,1.99157e-11,1.98999e-8,-1.18588e-70,31236.4,2.04798e-14,4.77577e-12,3.54861e-11,3.54711e-8,-6.5882e-72
20,305,11162.9,5.18156e-19,3.28926e-15,2.46289e-15,2.46094e-12,-8.67619e-81,31236.5,2.67391e-18,6.15249e-16,4.60816e-15,4.60622e-12,-4.8201e-82,11164.8,1.5931e-20,1.797e-16,1.3914e-16,1.39031e-13,-1.43404e-76,31236.8,3.88643e-19,8.54344e-17,6.64081e-16,6.63807e-13,-7.9669e-78,11162.2,6.41742e-19,4.16257e-15,3.06796e-15,3.06553e-12,-1.76335e-78,31236.4,3.32166e-18,7.74598e-16,5.75584e-15,5.7534e-12,-9.79636e-80
0,306,7500,0,0,0,0,6.555e+9,22727.3,0,0,0,0,3.97273e+8,7500,0,0,0,0,6.555e+9,22727.3,0,0,0,0,3.97273e+8,7500,0,0,0,0,6.555e+9,22727.3,0,0,0,0,3.97273e+8
1,306,7465.18,2.03898,9.26747,2.35102,2348.74,13.5113,22720.9,0.375754,1.7062,4.3952,4391.22,0.818865,7461.09,2.2788,10.0745,2.5724,2569.92,13.5119,22720.1,0.420115,1.85532,4.84642,4842.09,0.818902,7463.67,2.12764,9.77663,2.46513,2462.75,13.5121,22720.6,0.392156,1.80013,4.64355,4639.36,0.818912
2,306,7465.18,0.101553,1.68319,0.731369,730.679,2.74973e-8,22720.9,0.0189256,0.310279,1.36814,1367.01,1.6665e-9,7461.09,0.113501,1.7648,0.780217,779.487,2.74957e-8,22720.1,0.0211807,0.325477,1.47097,1469.79,1.66641e-9,7463.67,0.105971,1.80128,0.774623,773.894,2.74952e-8,22720.6,0.019766,0.332099,1.46011,1458.91,1.66638e-9
3,306,7465.18,0.00506407,0.239179,0.130312,130.192,-5.64141e-14,22720.9,0.000987762,0.0442118,0.244153,243.966,-3.41904e-15,7461.09,0.00566027,0.240487,0.134712,134.589,-4.34832e-14,22720.1,0.00110823,0.0444947,0.254432,254.246,-2.63534e-15,7463.67,0.00528493,0.260245,0.139763,139.634,-4.99337e-14,22720.6,0.00103516,0.048118,0.263875,263.675,-3.02629e-15
4,306,7465.18,0.000253381,0.0316686,0.0192148,19.1974,-2.4952e-19,22720.9,5.63398e-5,0.00587829,0.0361002,36.0741,-1.51224e-20,7461.09,0.000283229,0.0304142,0.0191399,19.1228,-2.64138e-21,22720.1,6.33449e-5,0.00565499,0.0362649,36.2402,-1.60083e-22,7463.67,0.000264538,0.0350892,0.0209162,20.8973,-1.35886e-19,22720.6,5.96851e-5,0.00651562,0.0396034,39.5751,-8.23551e-21
6,306,7465.18,6.60075e-7,0.000523248,0.000342927,0.34262,3.18636e-28,22720.9,3.23965e-7,9.82073e-5,0.000649983,0.649542,1.93112e-29,7461.09,7.35759e-7,0.000455574,0.000313077,0.312803,4.2722e-30,22720.1,3.52978e-7,8.5851e-5,0.000599398,0.599023,2.5892e-31,7463.67,6.92901e-7,0.000602638,0.000386477,0.386132,1.37954e-28,22720.6,3.6376e-7,0.000113172,0.000738425,0.73793,8.36082e-30
9,306,7465.18,1.57849e-10,1.08025e-6,7.2193e-7,0.000721289,-9.60112e-46,22720.9,4.86458e-10,2.06709e-7,1.3932e-6,0.00139228,-5.81886e-47,7461.09,1.61118e-10,8.07626e-7,5.68909e-7,0.000568415,1.08679e-46,22720.1,4.59847e-10,1.55882e-7,1.11337e-6,0.0011127,6.58656e-48,7463.67,1.79116e-10,1.32096e-6,8.6233e-7,0.000861567,2.35965e-45,22720.6,5.96582e-10,2.5296e-7,1.678e-6,0.00167691,1.43009e-46
14,306,7465.18,2.56159e-15,3.36156e-11,2.25076e-11,2.24876e-8,3.45834e-71,22720.9,1.53445e-14,6.65546e-12,4.49298e-11,4.49002e-8,2.09596e-72,7461.09,1.75954e-15,1.84825e-11,1.30561e-11,1.30448e-8,1.57057e-68,22720.1,1.07462e-14,3.72556e-12,2.66715e-11,2.66556e-8,9.51856e-70,7463.67,3.71901e-15,4.89377e-11,3.1998e-11,3.19697e-8,-1.14556e-65,22720.6,2.24622e-14,9.69013e-12,6.43675e-11,6.43256e-8,-6.94278e-67
20,306,7465.18,5.14868e-19,6.80517e-15,4.55657e-15,4.55252e-12,5.38878e-79,22720.9,3.18931e-18,1.38343e-15,9.33943e-15,9.33328e-12,3.26592e-80,7461.09,2.66434e-19,2.83128e-15,2.00012e-15,1.99839e-12,1.90597e-75,22720.1,1.72376e-18,5.97651e-16,4.27876e-15,4.2762e-12,1.15513e-76,7463.67,4.74415e-19,6.28583e-15,4.11009e-15,4.10645e-12,1.97343e-73,22720.6,2.97221e-18,1.28231e-15,8.51797e-15,8.51242e-12,1.19602e-74
