time,id,TT_SAEM,I1T_SAEM,I2T_SAEM,VIT_SAEM,VNIT_SAEM,ViniT_SAEM,TN_SAEM,I1N_SAEM,I2N_SAEM,VIN_SAEM,VNIN_SAEM,ViniN_SAEM,Marker_SAEM,TT_mean,I1T_mean,I2T_mean,VIT_mean,VNIT_mean,ViniT_mean,TN_mean,I1N_mean,I2N_mean,VIN_mean,VNIN_mean,ViniN_mean,Marker_mean,TT_mode,I1T_mode,I2T_mode,VIT_mode,VNIT_mode,ViniT_mode,TN_mode,I1N_mode,I2N_mode,VIN_mode,VNIN_mode,ViniN_mode,Marker_mode
0,101,7500,0,0,0,0,6.555e+9,22727.3,0,0,0,0,3.97273e+8,149553,7500,0,0,0,0,6.555e+9,22727.3,0,0,0,0,3.97273e+8,149553,7500,0,0,0,0,6.555e+9,22727.3,0,0,0,0,3.97273e+8,149553
1,101,18.1205,384.692,1930.14,697.845,697218,13.5112,14272,1043.27,2415.97,8414.6,9.04801e+6,0.818627,212260,10.9467,383.856,1940.48,678.13,677498,13.5113,13668,1123.77,2602.03,8764.56,9.45122e+6,0.818619,212260,21.7297,384.991,1864.79,659.487,658906,13.5113,14568.2,980.169,2260.58,7767.46,8.34834e+6,0.818635,212260
2,101,17.9726,19.188,354.727,212.635,212461,2.68159e-8,12600.7,504.215,1168.12,4850.39,5.32931e+6,1.62433e-9,274968,10.8526,19.1335,359.049,207.492,207309,2.68162e-8,11872.8,540.549,1263.52,5086.52,5.60017e+6,1.62431e-9,274968,21.5692,19.2057,328.189,194.943,194790,2.68107e-8,13063.5,452.76,1037.59,4270.01,4.6986e+6,1.62402e-9,274968
3,101,17.9375,0.962776,52.1027,38.5037,38474.5,-8.10117e-15,11801.7,237.627,560.917,2386.88,2.62089e+6,-4.90721e-16,337675,10.8303,0.957369,53.1703,37.8024,37770.6,-8.14462e-15,11023.5,252.264,603.779,2501.1,2.74955e+6,-4.93344e-16,337675,21.5324,0.963963,45.8457,33.9814,33957.2,1.08319e-13,12369.1,205.692,477.602,2008.02,2.21053e+6,6.5615e-15,337675
4,101,17.9316,0.0491437,7.18152,5.8454,5841.23,2.64581e-20,11430,110.713,264.055,1136.07,1.24548e+6,1.60269e-21,400383,10.8264,0.0484413,7.39432,5.78131,5776.6,2.68341e-20,10632.9,116.177,281.663,1182.36,1.29718e+6,1.62543e-21,400383,21.5264,0.0491986,5.98267,4.93231,4929.07,-3.50357e-19,12057.3,92.5341,216.535,918.574,1.01005e+6,-2.12233e-20,400383
6,101,17.9306,0.000154815,0.129634,0.112679,112.603,1.34792e-28,11178.3,23.6376,56.9832,247.464,270830,8.15905e-30,384102,10.8258,0.000141562,0.136013,0.113368,113.279,-9.18207e-28,10372.4,24.2279,59.4366,252.17,276121,-5.56265e-29,384102,21.5255,0.000152097,0.0961439,0.0856256,85.5742,-3.83786e-27,11855.1,18.4937,43.6229,186.411,204700,-2.32559e-28,384102
9,101,17.9305,1.07693e-7,0.000307295,0.00027115,0.270972,1.51288e-36,11117.1,2.29983,5.56695,24.265,26538.3,9.15813e-38,359681,10.8258,7.67058e-8,0.000331883,0.000280636,0.280417,-9.9946e-36,10310.8,2.27703,5.60901,23.8866,26137.5,-6.05539e-37,359681,21.5254,8.77269e-8,0.000190453,0.00017304,0.172941,-1.84317e-35,11809.4,1.63488,3.86812,16.5767,18193.4,-1.11679e-36,359681
14,101,17.9305,3.98556e-12,1.29074e-8,1.14032e-8,1.13957e-5,-7.97631e-53,11110.7,0.0483265,0.116272,0.504938,552.712,-4.82723e-54,455787,10.8258,2.78787e-12,1.46241e-8,1.23802e-8,1.23706e-5,4.93683e-47,10304.5,0.0450108,0.110303,0.468285,512.782,2.99136e-48,455787,21.5254,2.32356e-12,5.92097e-9,5.39029e-9,5.38722e-6,5.92152e-49,11805,0.0292061,0.0687465,0.293645,322.528,3.5882e-50,455787
20,101,17.9305,2.27076e-17,7.23427e-14,6.39115e-14,6.38703e-11,2.63829e-61,11110.5,0.000494617,0.00118088,0.00510018,5.58921,1.59663e-62,571113,10.8258,1.67828e-17,8.68555e-14,7.35281e-14,7.34713e-11,2.12376e-56,10304.4,0.000424651,0.00103373,0.00436811,4.78797,1.28751e-57,571113,21.5254,9.37934e-18,2.35912e-14,2.14769e-14,2.14648e-11,-3.97918e-57,11804.9,0.000244188,0.000571061,0.00242758,2.66909,-2.41104e-58,571113
0,102,11250,0,0,0,0,9.8325e+9,31250,0,0,0,0,5.4625e+8,1.55455e+6,11250,0,0,0,0,9.8325e+9,31250,0,0,0,0,5.4625e+8,1.55455e+6,11250,0,0,0,0,9.8325e+9,31250,0,0,0,0,5.4625e+8,1.55455e+6
1,102,54.1928,578.714,4497.6,1410.15,1.40896e+6,20.2679,21476.2,1241.71,4035.2,12883.7,1.36487e+7,1.12572,1.26423e+6,44.5597,578.252,4586.46,1383.54,1.38235e+6,20.2675,21158.6,1286.42,4233.7,13063.9,1.38591e+7,1.12569,1.26423e+6,69.138,579.241,4370.62,1336.79,1.33571e+6,20.2681,21969.1,1145.1,3742.53,11766.5,1.24541e+7,1.12574,1.26423e+6
2,102,53.6125,28.9638,1477.35,661.106,660607,4.28237e-8,19033.1,763.671,2685.65,10143.1,1.08728e+7,2.37804e-9,973912,44.0663,28.9189,1545.6,661.427,660905,4.28078e-8,18596.7,802.415,2868.07,10453.3,1.12207e+7,2.37712e-9,973912,68.4696,29.0121,1383.05,609.181,608758,4.28415e-8,19797.7,677.683,2375.18,8862.54,9.50854e+6,2.37904e-9,973912
3,102,53.4054,1.49167,421.246,206.767,206617,1.23917e-16,17550.5,452.909,1700.86,6654.54,7.0992e+6,6.8801e-18,683590,43.8854,1.48351,453.618,212.17,212008,1.24421e-16,17019.2,482.98,1846.46,6972.77,7.44711e+6,6.90796e-18,683590,68.2368,1.49981,378.063,183.647,183528,1.23262e-16,18508.5,392.85,1450.92,5584.52,5.97029e+6,6.84373e-18,683590
4,102,53.3464,0.0880803,117.423,59.016,58973.6,1.8052e-25,16704.4,257.784,1024.45,4108.33,4.36169e+6,1.00209e-26,393269,43.8321,0.0864355,130.294,62.3057,62258.4,3.34153e-25,16104.5,279.349,1130.64,4375.87,4.6505e+6,1.85496e-26,393269,68.1726,0.0895757,100.861,50.2869,50254.7,-8.67015e-24,17785.7,219.801,850.278,3342.26,3.55845e+6,-4.81412e-25,393269
6,102,53.3258,0.00145124,9.04501,4.57765,4574.34,1.93423e-37,15956,82.5079,342.745,1405.09,1.48611e+6,1.07366e-38,267484,43.8128,0.00140476,10.6638,5.13144,5127.54,3.58955e-38,15278.5,92.0847,390.648,1546.27,1.63671e+6,1.99269e-39,267484,68.1512,0.00145573,7.10879,3.57291,3570.62,5.74373e-37,17160,68.1548,273.058,1093.32,1.16031e+6,3.19222e-38,267484
9,102,53.3242,2.64897e-5,0.193067,0.0977459,97.6745,-2.04426e-48,15671.7,14.406,61.608,255.558,269694,-1.13441e-49,78807,43.8111,2.80685e-5,0.249338,0.120018,119.926,-2.46641e-49,14953.9,16.8385,73.5483,294.561,311088,-1.36865e-50,78807,68.1497,2.33696e-5,0.132775,0.0667639,66.7205,-1.76172e-43,16930.1,11.4092,46.7821,189.171,200380,-9.79173e-45,78807
14,102,53.3241,4.32192e-8,0.000317103,0.000160544,0.160427,4.08847e-58,15615.3,0.777315,3.33619,13.8702,14632.9,2.2689e-59,76650.3,43.8111,5.33581e-8,0.000476703,0.000229461,0.229285,-6.50152e-59,14886.1,0.98185,4.30618,17.2865,18250.1,-3.60753e-60,76650.3,68.1496,3.05378e-8,0.000174557,8.77739e-5,0.0877166,-9.12413e-54,16886.6,0.574369,2.36136,9.56612,10130.3,-5.07226e-55,76650.3
20,102,53.3241,1.96861e-11,1.44496e-7,7.31558e-8,7.31023e-5,2.15064e-67,15612.2,0.0233858,0.100407,0.417506,440.451,1.19352e-68,74062.2,43.8111,2.91626e-11,2.60628e-7,1.25453e-7,0.000125357,-4.94071e-69,14882.1,0.0324148,0.142219,0.571007,602.819,-2.74158e-70,74062.2,68.1496,1.06502e-11,6.08982e-8,3.0622e-8,3.0602e-5,-4.60863e-63,16884.4,0.0159005,0.0653894,0.26493,280.55,-2.56206e-64,74062.2
0,103,7500,0,0,0,0,6.555e+9,22727.3,0,0,0,0,3.97273e+8,444039,7500,0,0,0,0,6.555e+9,22727.3,0,0,0,0,3.97273e+8,444039,7500,0,0,0,0,6.555e+9,22727.3,0,0,0,0,3.97273e+8,444039
1,103,4924.7,148.799,755.87,257.384,257604,13.5125,22142.1,39.2811,173.7,702.918,708026,0.818924,637116,4741.76,159.133,792.725,262.984,263233,13.5113,22089.5,43.0368,185.614,734.05,739917,0.818847,637116,4853.97,152.796,802.084,261.536,261765,13.5114,22122,40.7216,185.457,722.25,727646,0.818852,637116
2,103,4923.58,7.68524,157.719,87.8382,88050.9,2.63478e-8,22127.9,5.52901,42.7457,262.234,265831,1.59676e-9,830194,4740.58,8.2141,160.945,87.9699,88198.5,2.64416e-8,22073.6,6.13333,44.8998,269.752,273798,1.60244e-9,830194,4852.8,7.89787,174.766,92.0718,92294.5,2.64329e-8,22106.8,5.87054,47.5036,277.82,281686,1.60192e-9,830194
3,103,4923.28,0.44894,26.4734,17.7329,17796.3,-4.03007e-15,22123.6,1.27564,9.67977,64.896,66022.6,-2.44269e-16,1.02327e+6,4740.26,0.476903,26.1808,17.3249,17391.2,7.79524e-13,22068.8,1.40269,10.0328,65.8527,67097.9,4.72414e-14,1.02327e+6,4852.48,0.464996,30.8372,19.3385,19406.6,-5.68596e-17,22102.1,1.40027,11.1886,71.2579,72499.8,-3.44591e-18,1.02327e+6
4,103,4923.22,0.034676,4.21377,3.04228,3055.59,2.00637e-21,22122.5,0.306107,2.22898,15.0743,15360.9,1.21608e-22,1.21635e+6,4740.21,0.0359833,4.02897,2.88741,2900.91,4.57354e-19,22067.6,0.33146,2.28158,15.1046,15416.2,2.77174e-20,1.21635e+6,4852.41,0.03703,5.1783,3.47548,3490.23,1.10377e-22,22100.8,0.347255,2.67266,17.1724,17497.9,6.68929e-24,1.21635e+6
6,103,4923.21,0.000496576,0.103126,0.0776406,78.0137,-8.58479e-28,22122.2,0.0160397,0.11953,0.810403,825.606,-5.20331e-29,784895,4740.19,0.000476735,0.0919162,0.0689932,69.352,3.79747e-26,22067.3,0.0170112,0.11936,0.791883,808.074,2.30157e-27,784895,4852.4,0.000599644,0.141615,0.0984949,98.9489,8.42731e-29,22100.5,0.0196238,0.154049,0.992056,1010.66,5.10726e-30,784895
9,103,4923.21,1.6083e-6,0.000389426,0.000295503,0.296809,2.39726e-35,22122.2,0.000175787,0.00139713,0.00964026,9.80623,1.45301e-36,137716,4740.19,1.39843e-6,0.000312011,0.000236311,0.237465,-2.62732e-33,22067.3,0.000182712,0.00135303,0.00911986,9.29327,-1.59236e-34,137716,4852.4,2.34543e-6,0.000633257,0.000443095,0.444989,4.11394e-36,22100.5,0.000244015,0.00202709,0.013244,13.4745,2.4932e-37,137716
14,103,4923.21,1.41575e-10,3.5459e-8,2.69362e-8,2.70507e-5,-2.06957e-47,22122.2,9.67864e-8,7.77747e-7,5.40144e-6,0.00549273,-1.25458e-48,95219.7,4740.19,1.03487e-10,2.37904e-8,1.80392e-8,1.81246e-5,7.41858e-46,22067.3,9.66249e-8,7.21929e-7,4.89437e-6,0.004986,4.49595e-47,95219.7,4852.4,2.75611e-10,7.65272e-8,5.35881e-8,5.38098e-5,4.8947e-48,22100.5,1.65935e-7,1.39198e-6,9.14267e-6,0.0092993,2.96636e-49,95219.7
20,103,4923.21,2.00749e-15,5.06626e-13,3.84905e-13,3.86525e-10,3.42893e-56,22122.2,1.18736e-11,9.59009e-11,6.6695e-10,6.78145e-7,2.07861e-57,44224.6,4740.19,1.19404e-15,2.76281e-13,2.09518e-13,2.10501e-10,3.35336e-54,22067.3,1.13012e-11,8.47966e-11,5.75602e-10,5.86316e-7,2.03224e-55,44224.6,4852.4,5.53129e-15,1.54581e-12,1.08256e-12,1.087e-9,2.89012e-58,22100.5,2.62828e-11,2.21467e-10,1.45627e-9,1.48107e-6,1.75151e-59,44224.6
0,104,11250,0,0,0,0,9.8325e+9,31250,0,0,0,0,5.4625e+8,119287,11250,0,0,0,0,9.8325e+9,31250,0,0,0,0,5.4625e+8,119287,11250,0,0,0,0,9.8325e+9,31250,0,0,0,0,5.4625e+8,119287
1,104,5974.39,302.695,2216.07,673.955,674686,20.2667,30131.7,80.7473,472.01,1697.05,1.71299e+6,1.12589,146880,5608.79,322.932,2435.63,710.777,711589,20.2672,30018.9,90.1887,533.817,1847.01,1.86607e+6,1.12592,146880,5521.17,327.751,2417.88,710.656,711484,20.2672,29991,92.4017,534.112,1859.36,1.87908e+6,1.12591,146880
2,104,5970.39,16.1384,757.418,331.646,332451,4.34284e-8,30078.9,18.4766,191.176,930.279,944669,2.41254e-9,174473,5604.38,17.2619,865.384,360.262,361161,4.34213e-8,29955.1,22.1053,226.33,1048.91,1.0665e+6,2.41213e-9,174473,5516.78,17.4907,832.45,351.464,352361,4.341e-8,29926,22.4603,220.796,1033.55,1.05143e+6,2.4115e-9,174473
3,104,5968.82,1.18486,223.601,107.288,107618,7.03709e-17,30055,7.05055,72.8609,370.279,376796,3.90912e-18,202066,5602.61,1.297,266.91,121.122,121500,1.22786e-16,29925,8.88923,90.6747,437.192,445463,6.82074e-18,202066,5515.05,1.2921,247.862,114.54,114908,6.71748e-17,29896,8.83698,86.3168,420.709,428941,3.73151e-18,202066
4,104,5968.34,0.174654,64.5714,31.684,31789.6,1.39874e-26,30045.6,2.72913,27.8784,142.183,144759,7.76872e-28,229659,5602.03,0.202832,80.6549,37.3492,37474.8,-6.25303e-25,29912.7,3.61163,36.4669,176.352,179775,-3.47352e-26,229659,5514.52,0.193054,72.2172,34.1121,34230.6,5.28811e-26,29884.1,3.50647,33.8917,165.685,169013,2.93735e-27,229659
6,104,5968.16,0.0117826,5.34297,2.63794,2646.98,-1.91493e-35,30040.6,0.400868,4.09513,20.8864,21266,-1.0635e-36,204780,5601.8,0.0152519,7.31403,3.40494,3416.67,-1.81517e-32,29905.7,0.585689,5.91511,28.6063,29162.8,-1.00825e-33,204780,5514.31,0.0133196,6.08405,2.89108,2901.39,-7.17638e-34,29877.5,0.542141,5.24104,25.622,26138,-3.98619e-35,204780
9,104,5968.14,0.00027687,0.127011,0.0627279,62.9418,-3.26521e-42,30039.8,0.0224064,0.229902,1.1734,1194.61,-1.81341e-43,167463,5601.78,0.000411997,0.199515,0.0929047,93.2233,1.80543e-39,29904.5,0.038021,0.385446,1.86522,1901.34,1.00283e-40,167463,5514.29,0.000321906,0.148594,0.0706315,70.8824,-5.71098e-40,29876.4,0.0327606,0.317891,1.55508,1586.25,-3.17228e-41,167463
14,104,5968.14,5.43564e-7,0.000249586,0.000123267,0.123686,-2.40072e-50,30039.8,0.000183675,0.00188526,0.00962381,9.79768,-1.33329e-51,168538,5601.78,1.01754e-6,0.000493138,0.000229633,0.23042,-2.41762e-48,29904.4,0.000399774,0.00405398,0.0196203,20.0001,-1.34277e-49,168538,5514.29,6.6115e-7,0.000305434,0.000145184,0.145699,-3.81715e-55,29876.3,0.00030563,0.00296651,0.0145138,14.8046,-2.1203e-56,168538
20,104,5968.14,3.07172e-10,1.41015e-7,6.96452e-8,6.98824e-5,7.25485e-60,30039.8,5.76495e-7,5.91631e-6,3.02007e-5,0.0307464,4.02906e-61,169828,5601.78,7.57181e-10,3.66897e-7,1.70848e-7,0.000171434,-1.3468e-59,29904.4,1.6914e-6,1.71497e-5,8.29988e-5,0.0846055,-7.47914e-61,169828,5514.29,3.9438e-10,1.82163e-7,8.65887e-8,8.68961e-5,1.52563e-64,29876.3,1.12021e-6,1.08716e-5,5.31889e-5,0.0542548,8.47422e-66,169828
0,105,11250,0,0,0,0,9.8325e+9,31250,0,0,0,0,5.4625e+8,117060,11250,0,0,0,0,9.8325e+9,31250,0,0,0,0,5.4625e+8,117060,11250,0,0,0,0,9.8325e+9,31250,0,0,0,0,5.4625e+8,117060
1,105,8477.92,160.913,983.49,315.082,315193,20.269,30755.3,31.8301,176.329,678.809,681443,1.12604,109473,8188.11,177.512,1067.95,332.856,333014,20.2666,30694.4,36.0065,194.868,732.316,735601,1.12591,109473,8437.02,163.253,1015.34,313.013,313128,20.2689,30747,32.3614,182.387,679.136,681818,1.12604,109473
2,105,8476.83,8.29209,264.735,129.785,129956,4.42114e-8,30746.6,3.8456,51.9471,294.739,296868,2.45612e-9,101885,8186.86,9.1559,280.96,134.735,134943,4.38742e-8,30683.9,4.50398,56.6117,314.013,316607,2.43738e-9,101885,8435.91,8.41337,279.876,131.234,131410,4.42038e-8,30738,3.93693,54.9169,299.912,302103,2.4557e-9,101885
3,105,8476.48,0.493636,59.4683,33.2414,33303.9,-9.65646e-15,30743.6,0.903071,13.6168,84.5168,85263.9,-5.36458e-16,94297.8,8186.47,0.545638,61.4963,33.764,33837,-1.02488e-14,30680.3,1.06809,14.6852,89.0546,89953.4,-5.69361e-16,94297.8,8435.54,0.502779,64.5989,34.3873,34452,-2.92591e-14,30734.9,0.9421,14.7255,87.769,88550.6,-1.62545e-15,94297.8
4,105,8476.39,0.0434758,12.899,7.51672,7532.85,-4.95678e-20,30742.8,0.237046,3.54941,22.4146,22625.4,-2.75371e-21,86710.4,8186.38,0.0476793,12.9794,7.44618,7464.54,-4.97797e-20,30679.3,0.278744,3.79428,23.3957,23646.9,-2.76548e-21,86710.4,8435.46,0.045154,14.4181,7.98247,7999.52,-1.02706e-19,30734,0.252669,3.9257,23.7906,24015.7,-5.7057e-21,86710.4
6,105,8476.37,0.00121587,0.596672,0.353381,354.193,-1.26916e-26,30742.5,0.0162807,0.242055,1.53274,1547.46,-7.0508e-28,92320.3,8186.35,0.00126423,0.567819,0.331548,332.425,-2.84695e-26,30679,0.0188257,0.254441,1.57268,1589.9,-1.58161e-27,92320.3,8435.43,0.00135308,0.706995,0.397251,398.155,4.25287e-26,30733.7,0.0181367,0.279919,1.70079,1717.19,2.36262e-27,92320.3
9,105,8476.37,1.16687e-5,0.00591359,0.00350697,3.51511,-1.72949e-33,30742.5,0.00029085,0.00431869,0.0273426,27.6058,-9.60806e-35,100735,8186.35,1.1136e-5,0.00517394,0.00302564,3.03374,-2.21161e-33,30679,0.00032789,0.00442685,0.0273577,27.6579,-1.22863e-34,100735,8435.43,1.42138e-5,0.00765046,0.00430356,4.31345,1.47421e-33,30733.7,0.000346284,0.00533843,0.0324322,32.7457,8.1897e-35,100735
14,105,8476.37,5.33797e-9,2.70357e-6,1.60334e-6,0.00160707,1.58498e-49,30742.5,3.54901e-7,5.26602e-6,3.33366e-5,0.0336578,8.80519e-51,105848,8186.35,4.4278e-9,2.0563e-6,1.20252e-6,0.00120574,1.17485e-43,30679,3.83604e-7,5.17597e-6,3.19839e-5,0.0323351,6.52822e-45,105848,8435.43,7.52738e-9,4.04942e-6,2.27792e-6,0.00228316,6.92562e-49,30733.7,4.72073e-7,7.27317e-6,4.41822e-5,0.0446096,3.8474e-50,105848
20,105,8476.37,5.24984e-13,2.65648e-10,1.5754e-10,1.57907e-7,2.21375e-60,30742.5,1.13307e-10,1.68e-9,1.06342e-8,1.07368e-5,1.22979e-61,111984,8186.35,3.68274e-13,1.70894e-10,9.99378e-11,1.00206e-7,-5.0047e-53,30679,1.16468e-10,1.57053e-9,9.70387e-9,9.81051e-6,-2.78105e-54,111984,8435.43,8.82472e-13,4.74357e-10,2.66839e-10,2.67454e-7,5.65537e-60,30733.7,1.72137e-10,2.65038e-9,1.60989e-8,1.62547e-5,3.14179e-61,111984
0,106,11250,0,0,0,0,9.8325e+9,31250,0,0,0,0,5.4625e+8,202328,11250,0,0,0,0,9.8325e+9,31250,0,0,0,0,5.4625e+8,202328,11250,0,0,0,0,9.8325e+9,31250,0,0,0,0,5.4625e+8,202328
1,106,3449.79,438.951,3034.77,947.92,949129,20.2687,29139,172.191,831.695,2988.97,3.04222e+6,1.12597,175361,3507.53,435.905,3055.98,919.316,920489,20.2668,29172,168.013,829.808,2892.16,2.9429e+6,1.12587,175361,3492.49,436.675,3021.05,912.671,913839,20.2671,29164.8,168.436,822.187,2876.42,2.92719e+6,1.12588,175361
2,106,3444.01,23.368,937.62,429.918,431108,4.32373e-8,28974.2,53.6267,346.641,1640.82,1.68698e+6,2.40178e-9,148394,3501.86,23.1901,962.834,423.279,424447,4.31563e-8,29013.8,51.6737,348.243,1599.46,1.64379e+6,2.39728e-9,148394,3486.9,23.2035,934.416,414.32,415471,4.31727e-8,29007.8,51.2406,339.823,1570.38,1.61429e+6,2.39819e-9,148394
3,106,3441.95,1.65314,247.631,126.09,126533,8.97599e-17,28898.5,22.2591,140.753,685.841,707105,4.98576e-18,121426,3499.81,1.64452,259.941,126.534,126976,7.15882e-17,28940.6,21.5183,141.98,671.729,692271,3.97638e-18,121426,3484.91,1.62913,247.066,121.639,122069,9.53138e-17,28936.2,21.0418,136.521,650.145,670231,5.29427e-18,121426
4,106,3441.37,0.214874,63.7147,33.3792,33506.6,1.58708e-25,28867.4,9.10306,57.4571,280.513,289312,8.81519e-27,94459.3,3499.23,0.21735,68.4289,34.2255,34355,2.42086e-26,28910.5,8.84043,58.1896,275.844,284386,1.3446e-27,94459.3,3484.35,0.209611,63.643,32.2365,32360.1,1.38331e-25,28907.1,8.5218,55.1488,263.147,271383,7.68337e-27,94459.3
6,106,3441.19,0.0111597,4.17438,2.20647,2215.28,1.92412e-33,28849.6,1.52955,9.59609,46.8082,48289.3,1.06871e-34,171862,3499.03,0.0118477,4.69567,2.36812,2377.45,4.55597e-34,28893.1,1.49597,9.79515,46.3997,47847.8,2.53047e-35,171862,3484.17,0.0108318,4.17936,2.13584,2144.39,1.4209e-33,28890.6,1.40107,9.01943,43.0048,44361.5,7.892e-35,171862
9,106,3441.17,0.000188412,0.0698944,0.0369566,37.1078,-6.34328e-46,28846.2,0.107089,0.664009,3.22883,3332.58,-3.52334e-47,287967,3499.02,0.000214008,0.0842836,0.0425188,42.6901,1.44908e-46,28889.8,0.105572,0.684235,3.2328,3335.04,8.04824e-48,287967,3484.16,0.000182999,0.0702177,0.0358972,36.0441,-4.49961e-46,28887.5,0.0946961,0.60346,2.86971,2961.44,-2.49928e-47,287967
14,106,3441.17,2.04824e-7,7.66171e-5,4.05137e-5,0.0406778,3.5013e-54,28845.9,0.00124754,0.00779491,0.0379575,39.1659,1.94477e-55,198985,3499.02,2.61513e-7,0.000103737,5.23354e-5,0.0525443,1.6782e-55,28889.5,0.00124943,0.00815174,0.03856,39.7696,9.31942e-57,198985,3484.16,2.00304e-7,7.74086e-5,3.95755e-5,0.039736,1.81192e-54,28887.3,0.00104309,0.00669121,0.0318576,32.8678,1.00643e-55,198985
20,106,3441.17,5.65022e-11,2.14764e-8,1.13581e-8,1.14032e-5,-2.47287e-63,28845.9,5.78742e-6,3.65565e-5,0.00017853,0.184133,-1.37344e-64,92207.2,3499.02,8.30837e-11,3.34138e-8,1.68595e-8,1.69256e-5,-2.54182e-64,28889.5,5.93627e-6,3.90985e-5,0.000185396,0.191141,-1.41146e-65,92207.2,3484.16,5.57555e-11,2.18452e-8,1.11699e-8,1.12145e-5,1.72393e-63,28887.3,4.54598e-6,2.94366e-5,0.000140496,0.144897,9.57553e-65,92207.2
0,201,11250,0,0,0,0,9.8325e+9,31250,0,0,0,0,5.4625e+8,571129,11250,0,0,0,0,9.8325e+9,31250,0,0,0,0,5.4625e+8,571129,11250,0,0,0,0,9.8325e+9,31250,0,0,0,0,5.4625e+8,571129
1,201,10020.7,71.7395,426.61,137.61,137563,20.2685,31048.5,12.2762,70.0667,273.968,274247,1.12602,519866,9932.89,76.8423,452.062,141.585,141542,20.267,31033.2,13.2314,74.5844,284.494,284829,1.12594,519866,9878.51,80.001,474.177,148.167,148126,20.2667,31023.6,13.8432,78.4592,298.5,298878,1.12592,519866
2,201,10020.5,3.62954,111.05,55.4053,55412.1,4.46374e-8,31047.1,0.972456,18.9552,112.765,113041,2.47983e-9,468604,9932.64,3.88888,115.913,56.366,56377.7,4.44455e-8,31031.6,1.06032,19.9175,115.912,116228,2.46917e-9,468604,9878.24,4.05194,122.824,59.4266,59441.4,4.43928e-8,31021.9,1.1313,21.1984,122.644,122997,2.46624e-9,468604
3,201,10020.4,0.196777,23.9645,13.7371,13742.5,-1.41567e-15,31046.7,0.152724,4.38366,29.3565,29450.6,-7.86474e-17,417341,9932.57,0.210955,24.5865,13.7763,13783.3,-1.40654e-15,31031.1,0.167599,4.5463,29.8248,29931.2,-7.81401e-17,417341,9878.16,0.220828,26.3594,14.6655,14673.6,-1.19804e-15,31021.3,0.184016,4.90724,31.9247,32044,-6.65571e-17,417341
4,201,10020.4,0.0133995,4.97915,2.98836,2989.93,-4.70404e-21,31046.6,0.0325088,0.992505,6.86225,6886.42,-2.61333e-22,366078,9932.55,0.0143329,5.01601,2.94767,2949.58,-4.59797e-21,31031,0.035458,1.0163,6.88641,6913.39,-2.55439e-22,366078,9878.14,0.0152571,5.44501,3.17342,3175.64,-4.27721e-21,31021.2,0.0397102,1.1135,7.473,7503.57,-2.3762e-22,366078
6,201,10020.4,0.000227257,0.21078,0.128936,129.012,1.6605e-27,31046.5,0.00164463,0.0506123,0.35333,354.616,9.22487e-29,311715,9932.55,0.000235575,0.204551,0.122652,122.741,1.54484e-27,31031,0.00175478,0.0505523,0.345878,347.281,8.58232e-29,311715,9878.14,0.000265374,0.227786,0.135351,135.456,1.52263e-27,31021.1,0.00202711,0.057093,0.386669,388.303,8.45895e-29,311715
9,201,10020.4,1.77679e-6,0.00182695,0.00111956,1.12021,1.38087e-34,31046.5,1.87164e-5,0.000581661,0.00406506,4.07969,7.67137e-36,230171,9932.55,1.73939e-6,0.00167576,0.00100678,1.00751,1.81296e-35,31031,1.92801e-5,0.000559951,0.00383505,3.85048,1.00716e-36,230171,9878.13,2.0519e-6,0.00193942,0.00115452,1.15542,2.60721e-34,31021.1,2.33065e-5,0.000661813,0.00448661,4.50541,1.44843e-35,230171
14,201,10020.4,6.43489e-10,6.67824e-7,4.09274e-7,0.000409508,-9.61163e-45,31046.5,1.08327e-8,3.38924e-7,2.36999e-6,0.00237844,-5.33974e-46,190559,9932.55,5.74089e-10,5.57676e-7,3.35071e-7,0.00033531,4.6885e-44,31031,1.05102e-8,3.06993e-7,2.10367e-6,0.00211207,2.60462e-45,190559,9878.13,7.22206e-10,6.88153e-7,4.09682e-7,0.000409993,-2.26035e-44,31021.1,1.3703e-8,3.91329e-7,2.65433e-6,0.00266537,-1.25573e-45,190559
20,201,10020.4,4.88615e-14,5.10709e-11,3.12995e-11,3.1317e-8,1.17166e-52,31046.5,1.4268e-12,4.49245e-11,3.14279e-10,3.1539e-7,6.50912e-54,143025,9932.55,3.86414e-14,3.77681e-11,2.2693e-11,2.27089e-8,5.38739e-53,31031,1.28048e-12,3.76049e-11,2.57791e-10,2.58812e-7,2.99289e-54,143025,9878.13,5.27079e-14,5.05301e-11,3.00831e-11,3.01057e-8,7.71318e-55,31021.1,1.83276e-12,5.26224e-11,3.57074e-10,3.58548e-7,4.28503e-56,143025
0,202,11250,0,0,0,0,9.8325e+9,31250,0,0,0,0,5.4625e+8,829974,11250,0,0,0,0,9.8325e+9,31250,0,0,0,0,5.4625e+8,829974,11250,0,0,0,0,9.8325e+9,31250,0,0,0,0,5.4625e+8,829974
1,202,10950.4,17.5322,86.0602,29.5012,29476.7,20.2674,31203.1,2.76948,13.4787,56.2654,56236.3,1.12597,663094,10960.8,16.9202,84.2994,27.8246,27801.4,20.2673,31204.8,2.67018,13.1953,53.312,53283.5,1.12596,663094,10947.8,17.6844,90.3601,29.5831,29558.5,20.2683,31202.7,2.79395,14.1529,56.7139,56684.7,1.12602,663094
2,202,10950.3,0.875613,17.2951,9.85436,9847.49,4.48224e-8,31203,0.152793,2.73656,18.8954,18892.8,2.49013e-9,496213,10960.8,0.844936,17.2813,9.42735,9420.68,4.48077e-8,31204.7,0.146764,2.73096,18.1539,18150.7,2.48931e-9,496213,10947.8,0.883302,19.1616,10.2691,10261.9,4.42475e-8,31202.6,0.154717,3.03082,19.7902,19787.4,2.45819e-9,496213
3,202,10950.3,0.0441972,2.76491,1.92108,1919.91,1.31663e-13,31203,0.0109264,0.446665,3.7311,3731.49,7.31458e-15,329333,10960.8,0.042635,2.82706,1.8711,1869.94,1.30685e-13,31204.7,0.0104434,0.455454,3.64658,3646.82,7.26028e-15,329333,10947.7,0.0446355,3.26021,2.10191,2100.62,6.09428e-13,31202.6,0.0113454,0.525831,4.10107,4101.46,3.3857e-14,329333
4,202,10950.3,0.00230242,0.416314,0.315111,314.935,-8.1127e-19,31203,0.0011151,0.069226,0.625016,625.167,-4.50705e-20,162452,10960.8,0.002221,0.436419,0.313474,313.294,-7.51673e-19,31204.7,0.00107166,0.0722109,0.623026,623.147,-4.17595e-20,162452,10947.7,0.00234016,0.525112,0.36516,364.953,4.73985e-19,31202.6,0.00122787,0.0869779,0.726819,726.978,2.63324e-20,162452
6,202,10950.3,8.88499e-6,0.00903402,0.00720637,7.20268,2.07288e-26,31203,2.14332e-5,0.00161081,0.0151813,15.1867,1.1516e-27,178231,10960.8,8.70166e-6,0.00997923,0.00752557,7.52157,1.68527e-26,31204.7,2.14057e-5,0.00176054,0.0158146,15.8194,9.36257e-28,178231,10947.7,9.91082e-6,0.0131233,0.00952477,9.51974,-7.28812e-26,31202.6,2.72273e-5,0.00231489,0.0200411,20.0474,-4.04895e-27,178231
9,202,10950.3,1.22165e-8,2.83849e-5,2.28675e-5,0.0228562,5.6282e-43,31203,7.49734e-8,5.67097e-6,5.37757e-5,0.0537968,3.12678e-44,201901,10960.8,1.31136e-8,3.3968e-5,2.58395e-5,0.0258262,3.49323e-43,31204.7,8.02036e-8,6.6493e-6,6.00631e-5,0.0600831,1.94068e-44,201901,10947.7,1.87936e-8,5.11596e-5,3.739e-5,0.0373707,6.36264e-41,31202.6,1.16714e-7,9.98364e-6,8.68184e-5,0.0868481,3.53479e-42,201901
14,202,10950.3,7.78915e-13,1.90986e-9,1.53956e-9,1.5388e-6,-4.58154e-55,31203,6.103e-12,4.62341e-10,4.38523e-9,4.38695e-6,-2.5453e-56,177786,10960.8,9.60809e-13,2.61241e-9,1.98824e-9,1.98721e-6,9.29566e-56,31204.7,7.33969e-12,6.09345e-10,5.50534e-9,5.50716e-6,5.16425e-57,177786,10947.7,1.749e-12,4.93404e-9,3.60727e-9,3.60541e-6,-3.47829e-55,31202.6,1.33207e-11,1.14118e-9,9.92528e-9,9.92866e-6,-1.93238e-56,177786
20,202,10950.3,-1.8208e-16,-4.40582e-13,-3.55156e-13,-3.54982e-10,-1.44943e-61,31203,-1.52901e-15,-1.14298e-13,-1.08398e-12,-1.08443e-9,-8.05235e-63,148849,10960.8,-3.26472e-16,-8.8999e-13,-6.77352e-13,-6.77001e-10,-1.10426e-62,31204.7,-2.54682e-15,-2.11948e-13,-1.915e-12,-1.91563e-9,-6.13475e-64,148849,10947.7,-2.45072e-16,-6.9243e-13,-5.06237e-13,-5.05976e-10,-8.29627e-61,31202.6,-1.90964e-15,-1.63805e-13,-1.42476e-12,-1.42524e-9,-4.60903e-62,148849
0,203,11250,0,0,0,0,9.8325e+9,31250,0,0,0,0,5.4625e+8,501676,11250,0,0,0,0,9.8325e+9,31250,0,0,0,0,5.4625e+8,501676,11250,0,0,0,0,9.8325e+9,31250,0,0,0,0,5.4625e+8,501676
1,203,10736.4,30.039,154.147,52.0938,52056.8,20.2668,31168.8,4.82904,24.4027,100.318,100302,1.12593,448599,10811.8,25.632,138.712,44.5833,44549.7,20.2676,31181,4.09555,21.8731,85.993,85967.9,1.12598,448599,10742.1,29.7025,158.471,51.1702,51133.6,20.2669,31169.7,4.77213,25.0767,99.01,98992.7,1.12594,448599
2,203,10736.3,1.50421,32.8711,18.1507,18141.9,4.46673e-8,31168.6,0.289032,5.2954,35.2796,35297.1,2.48151e-9,395523,10811.8,1.2827,31.7878,16.3656,16356.3,4.48036e-8,31180.8,0.240552,5.083,31.8076,31815.5,2.48908e-9,395523,10742.1,1.48742,35.6169,18.5187,18509.5,4.46857e-8,31169.5,0.286233,5.72917,36.1518,36168.3,2.48253e-9,395523
3,203,10736.3,0.0769248,5.63077,3.73433,3733.09,1.5212e-13,31168.5,0.0260168,0.939174,7.42057,7427.39,8.45108e-15,342446,10811.8,0.0655013,5.91757,3.59806,3596.46,2.19636e-13,31180.8,0.021259,0.972201,7.11838,7122.51,1.2202e-14,342446,10742.1,0.0761742,6.48374,3.99881,3997.39,1.36667e-13,31169.5,0.0264022,1.07677,7.97038,7977.17,7.5926e-15,342446
4,203,10736.3,0.00420124,0.913733,0.652851,652.693,-5.51994e-19,31168.5,0.00348196,0.159796,1.3444,1345.95,-3.06662e-20,289369,10811.8,0.00358326,1.05004,0.679959,679.7,-9.10146e-19,31180.8,0.00292665,0.178838,1.38345,1384.5,-5.05635e-20,289369,10742.1,0.00420093,1.12328,0.739957,739.754,-5.64533e-19,31169.5,0.00372236,0.194682,1.52432,1525.94,-3.13629e-20,289369
6,203,10736.3,2.36552e-5,0.0232009,0.0172816,17.2788,-5.56573e-25,31168.5,9.31553e-5,0.00453733,0.0392967,39.349,-3.09206e-26,344312,10811.8,2.22319e-5,0.0321034,0.0214571,21.45,6.49202e-26,31180.8,8.96882e-5,0.00594199,0.0470765,47.1178,3.60666e-27,344312,10742.1,2.66633e-5,0.0326807,0.0222739,22.2692,-5.88459e-26,31169.5,0.000112387,0.00625341,0.0501726,50.2332,-3.26921e-27,344312
9,203,10736.3,6.13465e-8,9.26812e-5,6.94915e-5,0.0694822,-1.92201e-38,31168.5,4.50876e-7,2.16824e-5,0.000188233,0.188495,-1.06778e-39,426726,10811.8,7.95027e-8,0.000170047,0.000114125,0.114089,4.70615e-38,31180.8,5.46835e-7,3.59042e-5,0.000284994,0.285255,2.61452e-39,426726,10742.1,9.02926e-8,0.000160558,0.000109943,0.109922,-2.12893e-38,31169.5,6.52686e-7,3.59438e-5,0.000288914,0.289277,-1.18274e-39,426726
14,203,10736.3,5.98283e-12,9.30914e-9,6.98224e-9,6.98123e-6,-6.7747e-54,31168.5,6.04206e-11,2.94214e-9,2.55526e-8,2.55874e-5,-3.7637e-55,296390,10811.8,1.25018e-11,2.7353e-8,1.83606e-8,1.83547e-5,-1.13226e-49,31180.8,1.08454e-10,7.20114e-9,5.7176e-8,5.72272e-5,-6.29022e-51,296390,10742.1,1.25254e-11,2.2782e-8,1.56031e-8,1.56e-5,-2.76051e-48,31169.5,1.19142e-10,6.63425e-9,5.33429e-8,5.34086e-5,-1.53361e-49,296390
20,203,10736.3,3.57228e-17,5.82675e-14,4.37093e-14,4.37013e-11,-5.70914e-66,31168.5,6.27669e-16,3.17823e-14,2.76729e-13,2.7708e-10,-3.17172e-67,139986,10811.8,-3.90703e-16,-8.71141e-13,-5.84759e-13,-5.84565e-10,1.15281e-57,31180.8,-2.87412e-15,-1.94439e-13,-1.5438e-12,-1.54513e-9,6.40441e-59,139986,10742.1,1.23733e-15,2.29582e-12,1.57243e-12,1.57209e-9,-6.82562e-54,31169.5,1.32281e-14,7.50315e-13,6.03556e-12,6.04274e-9,-3.79199e-55,139986
0,204,11250,0,0,0,0,9.8325e+9,31250,0,0,0,0,5.4625e+8,139035,11250,0,0,0,0,9.8325e+9,31250,0,0,0,0,5.4625e+8,139035,11250,0,0,0,0,9.8325e+9,31250,0,0,0,0,5.4625e+8,139035
1,204,10868.4,22.3305,122.536,40.5206,40488.8,20.2686,31190,3.55379,19.2689,77.5647,77535.1,1.12603,165340,10893.3,20.8754,116.486,37.0692,37039.6,20.2675,31194,3.3147,18.2935,71.2377,71207.5,1.12597,165340,10855.2,23.1005,130.292,41.3217,41289.6,20.2702,31187.9,3.6796,20.5001,79.5455,79516.7,1.12612,165340
2,204,10868.3,1.11711,28.6234,15.0843,15075,4.42483e-8,31189.9,0.20641,4.55777,29.0729,29075.7,2.45823e-9,191646,10893.2,1.04395,27.8391,14.0321,14023.1,4.48124e-8,31193.9,0.190546,4.42143,27.134,27134.4,2.48957e-9,191646,10855.2,1.15584,31.596,15.809,15799.3,4.42489e-8,31187.8,0.215001,5.0332,30.642,30645.7,2.45826e-9,191646
3,204,10868.3,0.0569895,5.44728,3.37595,3374.23,1.24685e-13,31189.9,0.0179337,0.888737,6.61183,6614.45,6.92691e-15,217952,10893.2,0.0531831,5.43943,3.2083,3206.55,5.72385e-14,31193.9,0.0162314,0.882788,6.29387,6295.69,3.17991e-15,217952,10855.2,0.0590617,6.2785,3.66444,3662.59,1.03896e-13,31187.8,0.0192243,1.02406,7.21602,7219.02,5.77199e-15,217952
4,204,10868.3,0.00311519,0.989661,0.6514,651.109,-5.12586e-19,31189.9,0.00247784,0.166795,1.30852,1309.25,-2.84769e-20,244257,10893.2,0.00289817,1.01642,0.634692,634.38,-2.3509e-19,31193.9,0.00223324,0.169757,1.27355,1274.1,-1.30605e-20,244257,10855.2,0.00325946,1.19455,0.736646,736.318,-4.26982e-19,31187.8,0.00278811,0.20099,1.48685,1487.7,-2.37211e-20,244257
6,204,10868.3,1.96155e-5,0.031771,0.0215361,21.5274,1.40602e-25,31189.9,7.7955e-5,0.00577146,0.0463168,46.3473,7.81118e-27,175454,10893.2,1.84406e-5,0.0345818,0.0221839,22.1738,1.5084e-26,31193.9,7.29239e-5,0.00616825,0.0472762,47.3008,8.37998e-28,175454,10855.2,2.28734e-5,0.0421822,0.0266831,26.6722,-2.38301e-26,31187.8,9.66213e-5,0.00761869,0.0574863,57.5243,-1.32389e-27,175454
9,204,10868.3,7.39419e-8,0.000181199,0.00012328,0.12323,9.76558e-38,31189.9,4.91522e-7,3.69791e-5,0.0002975,0.297693,5.42531e-39,72250.1,10893.2,7.60428e-8,0.000215368,0.000138596,0.138532,1.604e-39,31193.9,4.95354e-7,4.25372e-5,0.000326747,0.326915,8.91118e-41,72250.1,10855.2,1.05155e-7,0.000277956,0.000176333,0.176261,5.84879e-35,31187.8,7.00438e-7,5.60124e-5,0.000423476,0.423752,3.2493e-36,72250.1
14,204,10868.3,1.34681e-11,3.29709e-8,2.24344e-8,2.24254e-5,1.72889e-48,31189.9,1.09876e-10,8.16961e-9,6.57153e-8,6.57594e-5,9.60496e-50,194509,10893.2,1.60299e-11,4.53827e-8,2.92077e-8,2.91945e-5,-7.03911e-52,31193.9,1.24991e-10,1.06243e-8,8.16007e-8,8.1644e-5,-3.91067e-53,194509,10855.2,2.44006e-11,6.43422e-8,4.08211e-8,4.08047e-5,-8.7289e-45,31187.8,1.96619e-10,1.55625e-8,1.17643e-7,0.000117722,-4.84935e-46,194509
20,204,10868.3,-3.64977e-17,-9.48339e-14,-6.45335e-14,-6.45054e-11,7.009e-56,31189.9,4.7479e-16,3.2688e-14,2.62314e-13,2.62526e-10,3.89389e-57,341220,10893.2,-6.9482e-18,-2.33116e-14,-1.50117e-14,-1.50036e-11,-1.55594e-59,31193.9,8.14686e-16,6.71821e-14,5.15057e-13,5.15356e-10,-8.64425e-61,341220,10855.2,9.56924e-16,2.4701e-12,1.56708e-12,1.56647e-9,-3.53877e-54,31187.8,9.78187e-15,7.58965e-13,5.73399e-12,5.73803e-9,-1.96597e-55,341220
0,205,11250,0,0,0,0,9.8325e+9,31250,0,0,0,0,5.4625e+8,385180,11250,0,0,0,0,9.8325e+9,31250,0,0,0,0,5.4625e+8,385180,11250,0,0,0,0,9.8325e+9,31250,0,0,0,0,5.4625e+8,385180
1,205,10909.5,19.9257,116.884,37.836,37805.4,20.2686,31196.6,3.16143,18.3411,72.2909,72257.6,1.12603,337068,10927.6,18.8654,112.936,35.1422,35113.3,20.2673,31199.5,2.98817,17.7045,67.4293,67396.2,1.12596,337068,10915,19.605,117.962,36.6472,36617.3,20.2676,31197.5,3.10862,18.5039,70.3566,70323.5,1.12598,337068
2,205,10909.5,0.996614,29.9136,15.0617,15051.6,4.4248e-8,31196.5,0.182456,4.74356,28.949,28947,2.45821e-9,288955,10927.6,0.943335,29.7243,14.2829,14273,4.47939e-8,31199.4,0.171207,4.7045,27.5553,27551.8,2.48855e-9,288955,10914.9,0.980511,31.2652,14.9719,14961.7,4.48349e-8,31197.4,0.179191,4.95314,28.9068,28904.1,2.49082e-9,288955
3,205,10909.5,0.0508714,6.32423,3.67357,3671.39,5.11218e-13,31196.5,0.0160249,1.02261,7.15612,7157.24,2.8401e-14,240843,10927.6,0.0481131,6.48958,3.57776,3575.55,7.49034e-14,31199.4,0.0148895,1.04529,6.98715,6987.72,4.16129e-15,240843,10914.9,0.050071,6.88111,3.7755,3773.22,6.96413e-14,31197.3,0.0158952,1.11005,7.38224,7383.14,3.86895e-15,240843
4,205,10909.4,0.0028085,1.2852,0.783524,783.091,4.1638e-18,31196.5,0.00235288,0.213072,1.55771,1558.12,2.31322e-19,192731,10927.6,0.00265568,1.36451,0.787032,786.573,5.83517e-19,31199.4,0.00220876,0.22474,1.5655,1565.78,3.24176e-20,192731,10914.9,0.00277951,1.45922,0.836989,836.512,5.20791e-19,31197.3,0.00241172,0.240867,1.66789,1668.25,2.89328e-20,192731
6,205,10909.4,2.14352e-5,0.0519693,0.0323447,32.3277,-3.55521e-26,31196.5,9.11543e-5,0.00911167,0.0677459,67.7682,-1.97512e-27,254675,10927.6,2.10753e-5,0.0591687,0.0347663,34.7468,6.33468e-29,31199.4,9.05194e-5,0.0102409,0.0724454,72.4625,3.51929e-30,254675,10914.9,2.30926e-5,0.0643901,0.0376055,37.585,-2.68131e-27,31197.3,0.000101424,0.0111843,0.0786104,78.6321,-1.48962e-28,254675
9,205,10909.4,1.27836e-7,0.000420306,0.000262115,0.26198,2.19626e-33,31196.5,8.1313e-7,8.04273e-5,0.000598595,0.598808,1.22015e-34,347591,10927.6,1.41145e-7,0.000531756,0.000312972,0.312799,-8.47426e-37,31199.4,8.86131e-7,9.94252e-5,0.000704,0.704181,-4.70795e-38,347591,10914.9,1.61725e-7,0.000594128,0.000347541,0.347354,-1.56566e-35,31197.3,1.02186e-6,0.000111711,0.00078585,0.786085,-8.69808e-37,347591
14,205,10909.4,4.08701e-11,1.36908e-7,8.53847e-8,8.53402e-5,3.62886e-45,31196.5,3.02679e-10,3.03297e-8,2.25778e-7,0.000225854,2.01605e-46,221086,10927.6,5.39353e-11,2.06512e-7,1.21551e-7,0.000121483,4.28233e-48,31199.4,3.87208e-10,4.39385e-8,3.11161e-7,0.000311237,2.37908e-49,221086,10914.9,6.46003e-11,2.4109e-7,1.41034e-7,0.000140957,1.51951e-47,31197.3,4.68138e-10,5.17597e-8,3.64166e-7,0.000364269,8.44176e-49,221086
20,205,10909.4,2.79624e-15,9.57837e-12,5.97386e-12,5.97068e-9,4.47522e-52,31196.5,2.43838e-14,2.49655e-12,1.85936e-11,1.85994e-8,2.48625e-53,69280.3,10927.6,4.25017e-15,1.66667e-11,9.81002e-12,9.80445e-9,-1.43658e-54,31199.4,3.57412e-14,4.14756e-12,2.93824e-11,2.93888e-8,-7.98105e-56,69280.3,10914.9,5.64866e-15,2.15049e-11,1.25803e-11,1.25733e-8,-1.43342e-56,31197.3,4.77099e-14,5.37708e-12,3.78457e-11,3.78555e-8,-7.96349e-58,69280.3
0,206,7500,0,0,0,0,6.555e+9,22727.3,0,0,0,0,3.97273e+8,2.10745e+6,7500,0,0,0,0,6.555e+9,22727.3,0,0,0,0,3.97273e+8,2.10745e+6,7500,0,0,0,0,6.555e+9,22727.3,0,0,0,0,3.97273e+8,2.10745e+6
1,206,7384.31,6.76898,29.4786,10.5071,10497.6,13.5114,22705.9,1.25994,5.46063,23.7145,23697.9,0.818875,1.65088e+6,7382.03,6.90252,30.5769,10.4858,10476.3,13.5111,22705.4,1.28504,5.66486,23.7903,23773.8,0.818856,1.65088e+6,7374.05,7.36946,33.516,11.3957,11385.5,13.5111,22703.9,1.37335,6.213,25.8683,25850.9,0.818856,1.65088e+6
2,206,7384.31,0.337502,5.06069,3.14126,3138.67,2.74976e-8,22705.8,0.066164,0.943661,7.1132,7109.87,1.66652e-9,1.19432e+6,7382.03,0.344172,5.3669,3.18383,3181.21,2.74984e-8,22705.4,0.0675826,1.00085,7.24726,7243.98,1.66657e-9,1.19432e+6,7374.05,0.367511,6.08817,3.54426,3541.39,2.74985e-8,22703.9,0.072624,1.1364,8.07364,8070.23,1.66657e-9,1.19432e+6
3,206,7384.3,0.0168957,0.673877,0.533048,532.635,-1.18265e-14,22705.8,0.00393961,0.127429,1.21676,1216.37,-7.16756e-16,737751,7382.03,0.0172342,0.733219,0.550695,550.271,9.74205e-14,22705.4,0.00406008,0.138645,1.2636,1263.23,5.90427e-15,737751,7374.05,0.0184168,0.865519,0.631625,631.146,1.01079e-13,22703.9,0.00445788,0.163886,1.451,1450.62,6.12598e-15,737751
4,206,7384.3,0.00085402,0.0831042,0.0742172,74.1618,5.63402e-20,22705.8,0.000286896,0.0160385,0.171723,171.684,3.41455e-21,281185,7382.03,0.000872218,0.0930027,0.0784206,78.3627,-4.14224e-19,22705.4,0.000302936,0.0179435,0.182394,182.357,-2.51045e-20,281185,7374.05,0.00093462,0.114672,0.0931736,93.1057,-3.51021e-19,22703.9,0.00034814,0.0221616,0.217081,217.043,-2.1274e-20,281185
6,206,7384.3,2.40546e-6,0.00117953,0.00115772,1.15689,-1.75341e-26,22705.8,2.8144e-6,0.000239936,0.00279239,2.79202,-1.06267e-27,375667,7382.03,2.49582e-6,0.00140221,0.00129,1.28909,5.55402e-25,22705.4,3.19732e-6,0.000284856,0.00312677,3.12644,3.36607e-26,375667,7374.05,2.76299e-6,0.0018977,0.00166502,1.66386,-3.89672e-25,22703.9,4.14492e-6,0.000386027,0.00404562,4.04529,-2.36164e-26,375667
9,206,7384.3,8.66398e-10,1.92288e-6,1.94093e-6,0.0019396,2.64645e-36,22705.8,4.82521e-9,4.29394e-7,5.09893e-6,0.0050986,1.60391e-37,517391,7382.03,1.02127e-9,2.5118e-6,2.36748e-6,0.00236587,-5.24403e-34,22705.4,6.0272e-9,5.58473e-7,6.23802e-6,0.00623776,-3.17819e-35,517391,7374.05,1.42449e-9,3.92839e-6,3.51408e-6,0.00351171,-2.16423e-33,22703.9,9.09906e-9,8.72568e-7,9.27201e-6,0.00927178,-1.31165e-34,517391
14,206,7384.3,1.38179e-14,4.32597e-11,4.38167e-11,4.37866e-8,2.599e-46,22705.8,1.25539e-13,1.13596e-11,1.35146e-10,1.35136e-7,1.57515e-47,308179,7382.03,2.03762e-14,6.70863e-11,6.34025e-11,6.33594e-8,1.82922e-43,22705.4,1.85123e-13,1.74073e-11,1.94728e-10,1.94718e-7,1.10861e-44,308179,7374.05,3.83655e-14,1.3195e-10,1.18253e-10,1.18173e-7,1.19108e-43,22703.9,3.4996e-13,3.40748e-11,3.62481e-10,3.62468e-7,7.21867e-45,308179
20,206,7384.3,-7.52829e-17,-2.20672e-13,-2.23524e-13,-2.23376e-10,7.91438e-52,22705.8,-7.27142e-16,-6.11268e-14,-7.26992e-13,-7.26991e-10,4.7966e-53,57124.8,7382.03,-2.11256e-17,-6.63238e-14,-6.26826e-14,-6.2641e-11,-4.11141e-50,22705.4,-2.02907e-16,-1.81375e-14,-2.02858e-13,-2.02858e-10,-2.49175e-51,57124.8,7374.05,3.25201e-16,1.13439e-12,1.01666e-12,1.01597e-9,-3.88043e-47,22703.9,3.10382e-15,3.0587e-13,3.25463e-12,3.25448e-9,-2.35177e-48,57124.8
0,301,7500,0,0,0,0,6.555e+9,22727.3,0,0,0,0,3.97273e+8,506948,7500,0,0,0,0,6.555e+9,22727.3,0,0,0,0,3.97273e+8,506948,7500,0,0,0,0,6.555e+9,22727.3,0,0,0,0,3.97273e+8,506948
1,301,7459.53,2.36993,11.4669,3.9482,3944.4,13.5113,22719.8,0.437372,2.11226,8.86683,8858.91,0.818867,429905,7461.46,2.2566,11.17,3.69373,3690.16,13.5111,22720.2,0.416347,2.05724,8.33648,8329,0.818855,429905,7459.45,2.37425,11.8139,3.90008,3896.31,13.5127,22719.8,0.438161,2.17616,8.80336,8795.5,0.818953,429905
2,301,7459.53,0.118068,2.26171,1.30187,1300.65,2.74973e-8,22719.8,0.0222957,0.41758,2.92718,2924.82,1.6665e-9,352862,7461.46,0.112418,2.27106,1.24459,1243.42,2.74977e-8,22720.2,0.0212019,0.419159,2.81204,2809.74,1.66652e-9,352862,7459.45,0.118284,2.41881,1.32069,1319.45,2.74934e-8,22719.8,0.0223423,0.44654,2.98452,2982.11,1.66627e-9,352862
3,301,7459.53,0.005895,0.353673,0.249543,249.315,7.81724e-14,22719.8,0.00122483,0.0656146,0.562723,562.303,4.73772e-15,275819,7461.46,0.00561253,0.367868,0.245173,244.948,7.52022e-14,22720.2,0.00116272,0.0681919,0.555426,555.003,4.55771e-15,275819,7459.45,0.00590642,0.394989,0.261811,261.571,7.73194e-14,22719.8,0.00123246,0.073252,0.593306,592.861,4.68602e-15,275819
4,301,7459.53,0.000296309,0.051981,0.0401134,40.0772,-1.01579e-20,22719.8,8.03631e-5,0.00971073,0.0909009,90.8365,-6.15634e-22,198775,7461.46,0.000282135,0.0561737,0.0407026,40.6655,7.36627e-19,22720.2,7.65548e-5,0.0104775,0.0926206,92.5533,4.46441e-20,198775,7459.45,0.000297113,0.060847,0.0437898,43.7501,6.48988e-19,22719.8,8.24369e-5,0.0113571,0.0996981,99.6268,3.93326e-20,198775
6,301,7459.53,8.2119e-7,0.00107173,0.000875241,0.874462,-1.32536e-26,22719.8,8.0197e-7,0.00020375,0.0020127,2.01135,-8.03248e-28,417286,7461.46,7.87678e-7,0.00125517,0.000956574,0.955714,2.71363e-24,22720.2,8.05493e-7,0.000237739,0.0022054,2.20388,1.64463e-25,417286,7459.45,8.37596e-7,0.0013849,0.0010469,1.04596,1.37635e-24,22719.8,9.10024e-7,0.000262648,0.00241622,2.41458,8.34149e-26,417286
9,301,7459.53,3.95944e-10,3.11321e-6,2.57136e-6,0.00256909,-6.01621e-34,22719.8,2.20437e-9,6.09996e-7,6.08431e-6,0.00608041,-3.64619e-35,745052,7461.46,4.31114e-10,4.12409e-6,3.17225e-6,0.00316942,-1.06201e-31,22720.2,2.48533e-9,8.01776e-7,7.49792e-6,0.00749289,-6.43645e-33,745052,7459.45,4.95559e-10,4.68015e-6,3.56933e-6,0.00356616,1.26347e-32,22719.8,2.92144e-9,9.1188e-7,8.45314e-6,0.00844759,7.65738e-34,745052
14,301,7459.53,1.79658e-14,1.84989e-10,1.52908e-10,1.52773e-7,-2.48661e-43,22719.8,1.34808e-13,3.81836e-11,3.81075e-10,3.80828e-7,-1.50704e-44,464178,7461.46,2.47714e-14,2.99306e-10,2.30353e-10,2.30147e-7,4.36894e-41,22720.2,1.84726e-13,6.08591e-11,5.69382e-10,5.68997e-7,2.64784e-42,464178,7459.45,3.04597e-14,3.55977e-10,2.71625e-10,2.71384e-7,2.21253e-43,22719.8,2.27987e-13,7.26521e-11,6.73758e-10,6.73312e-7,1.34093e-44,464178
20,301,7459.53,-1.11043e-18,-1.60153e-14,-1.32388e-14,-1.32266e-11,-1.12448e-49,22719.8,-8.09886e-18,-3.2603e-15,-3.25803e-14,-3.25559e-11,-6.81507e-51,127128,7461.46,-1.77099e-17,-2.11681e-13,-1.62915e-13,-1.6277e-10,3.16013e-49,22720.2,-1.34963e-16,-4.3934e-14,-4.11067e-13,-4.10791e-10,1.91523e-50,127128,7459.45,-4.344e-18,-5.47899e-14,-4.18077e-14,-4.17702e-11,3.28893e-51,22719.8,-3.27612e-17,-1.12656e-14,-1.04511e-13,-1.04439e-10,1.99329e-52,127128
0,302,11250,0,0,0,0,9.8325e+9,31250,0,0,0,0,5.4625e+8,104568,11250,0,0,0,0,9.8325e+9,31250,0,0,0,0,5.4625e+8,104568,11250,0,0,0,0,9.8325e+9,31250,0,0,0,0,5.4625e+8,104568
1,302,11228,1.28621,5.92284,2.07212,2070.07,20.2671,31246.6,0.198824,0.915005,3.90364,3899.88,1.12595,140839,11227.8,1.29857,6.20593,2.07549,2073.45,20.2669,31246.6,0.200737,0.958743,3.92995,3926.16,1.12594,140839,11224.7,1.48036,7.16747,2.38697,2384.62,20.2669,31246.1,0.228895,1.10746,4.52035,4516.02,1.12594,140839
2,302,11228,0.064051,1.09444,0.652505,651.868,4.4836e-8,31246.6,0.0099746,0.169214,1.22975,1228.6,2.49089e-9,177110,11227.8,0.064667,1.20434,0.676588,675.928,4.48064e-8,31246.6,0.0100727,0.1862,1.28163,1280.43,2.48924e-9,177110,11224.7,0.0737226,1.41521,0.787736,786.97,4.48142e-8,31246.1,0.0114998,0.218856,1.49245,1491.07,2.48968e-9,177110
3,302,11228,0.00319199,0.158653,0.118032,117.918,-1.32814e-14,31246.6,0.000512715,0.0245729,0.222677,222.474,-7.37855e-16,213381,11227.8,0.00322287,0.184799,0.127819,127.695,2.18616e-14,31246.6,0.000518841,0.0286184,0.242358,242.137,1.21453e-15,213381,11224.7,0.00367484,0.221559,0.151136,150.991,5.13825e-14,31246.1,0.000595794,0.0343266,0.286662,286.404,2.85458e-15,213381
4,302,11228,0.000159412,0.0214694,0.0177173,17.7002,-4.46035e-20,31246.6,2.81158e-5,0.0033341,0.0334844,33.4545,-2.47797e-21,249652,11227.8,0.000161012,0.0266068,0.0201959,20.1764,3.02888e-19,31246.6,2.87549e-5,0.00413038,0.0383578,38.3235,1.68271e-20,249652,11224.7,0.000183714,0.0326036,0.0243205,24.2972,5.22899e-19,31246.1,3.36477e-5,0.00506495,0.0462162,46.1754,2.90499e-20,249652
6,302,11228,4.0835e-7,0.000371595,0.000329669,0.329354,3.83675e-26,31246.6,1.38513e-7,5.81137e-5,0.000626578,0.626029,2.13153e-27,224565,11227.8,4.15453e-7,0.000525201,0.000423417,0.423012,-2.9231e-25,31246.6,1.57026e-7,8.20401e-5,0.000808351,0.807638,-1.62394e-26,224565,11224.7,4.78382e-7,0.000673925,0.000531913,0.531407,-4.46947e-25,31246.1,2.0455e-7,0.000105414,0.0010166,1.01572,-2.48304e-26,224565
9,302,11228,8.3365e-11,8.24333e-7,7.44204e-7,0.000743495,3.0835e-35,31246.6,1.92816e-10,1.30489e-7,1.43062e-6,0.00142937,1.71306e-36,186934,11227.8,1.00363e-10,1.42659e-6,1.16475e-6,0.00116364,2.69254e-39,31246.6,2.82257e-10,2.25192e-7,2.24595e-6,0.00224398,1.49585e-40,186934,11224.7,1.33028e-10,1.96501e-6,1.56853e-6,0.00156703,1.72899e-34,31246.1,4.21923e-10,3.10902e-7,3.03081e-6,0.0030282,9.60551e-36,186934
14,302,11228,1.41824e-15,3.28881e-11,2.97371e-11,2.97087e-8,1.14047e-43,31246.6,7.53451e-15,5.31003e-12,5.83003e-11,5.82495e-8,6.33597e-45,123382,11227.8,2.74935e-15,7.60979e-11,6.21874e-11,6.21279e-8,-9.36854e-48,31246.6,1.48663e-14,1.22256e-11,1.22037e-10,1.2193e-7,-5.20474e-49,123382,11224.7,4.63071e-15,1.17999e-10,9.4261e-11,9.41714e-8,-9.38331e-48,31246.1,2.51973e-14,1.90312e-11,1.85659e-10,1.85498e-7,-5.21295e-49,123382
20,302,11228,-2.4238e-19,-5.41602e-15,-4.89722e-15,-4.89256e-12,-1.62544e-50,31246.6,-1.30577e-18,-8.7042e-16,-9.55592e-15,-9.54767e-12,-9.03023e-52,47119.8,11227.8,-2.97035e-17,-8.37161e-13,-6.84139e-13,-6.83485e-10,-3.83781e-52,31246.6,-1.63109e-16,-1.35302e-13,-1.35064e-12,-1.34945e-9,-2.13212e-53,47119.8,11224.7,-6.38132e-18,-1.61998e-13,-1.2941e-13,-1.29287e-10,1.02223e-53,31246.1,-3.50146e-17,-2.62909e-14,-2.56481e-13,-2.5626e-10,5.67908e-55,47119.8
0,303,11250,0,0,0,0,9.8325e+9,31250,0,0,0,0,5.4625e+8,282951,11250,0,0,0,0,9.8325e+9,31250,0,0,0,0,5.4625e+8,282951,11250,0,0,0,0,9.8325e+9,31250,0,0,0,0,5.4625e+8,282951
1,303,11192,3.39668,16.6645,5.71167,5706.15,20.2677,31241,0.526554,2.579,10.7772,10767.5,1.12598,307039,11188.7,3.58808,17.8027,5.88224,5876.57,20.2685,31240.5,0.556343,2.75556,11.1572,11147.1,1.12603,307039,11184.2,3.85358,19.322,6.3626,6356.48,20.2667,31239.8,0.597726,2.99137,12.0707,12059.9,1.12593,307039
2,303,11192,0.169219,3.34865,1.90853,1906.74,4.42459e-8,31241,0.0267877,0.519294,3.60497,3601.98,2.4581e-9,331126,11188.7,0.178759,3.63147,1.98668,1984.82,4.42462e-8,31240.5,0.0283282,0.563259,3.77232,3769.23,2.45812e-9,331126,11184.2,0.191998,3.99718,2.17061,2168.59,4.47983e-8,31239.8,0.0304952,0.620205,4.12271,4119.39,2.48879e-9,331126
3,303,11192,0.00844955,0.535069,0.372,371.658,1.42395e-13,31241,0.0014637,0.0833314,0.704483,703.939,7.91084e-15,355214,11188.7,0.00892713,0.590458,0.392514,392.155,1.43867e-13,31240.5,0.00155509,0.0919797,0.747281,746.713,7.99262e-15,355214,11184.2,0.00959121,0.660611,0.434351,433.957,1.46828e-13,31239.8,0.00168947,0.102971,0.827309,826.693,8.15712e-15,355214
4,303,11192,0.000424965,0.0805062,0.0609897,60.9345,2.76516e-19,31241,9.55677e-5,0.0126155,0.116008,115.922,1.5362e-20,379302,11188.7,0.000449268,0.0905338,0.0653904,65.3315,1.75387e-19,31240.5,0.00010305,0.0141906,0.125047,124.956,9.74374e-21,379302,11184.2,0.000483298,0.103096,0.073456,73.3903,6.22665e-19,31239.8,0.000114867,0.0161749,0.140573,140.474,3.45925e-20,379302
6,303,11192,1.187e-6,0.00174384,0.00139271,1.39147,-1.35003e-24,31241,9.49704e-7,0.000277514,0.00268395,2.68206,-7.50017e-26,271177,11188.7,1.26874e-6,0.00204047,0.00154913,1.54776,-9.69797e-25,31240.5,1.08688e-6,0.000324788,0.00300161,2.99952,-5.38776e-26,271177,11184.2,1.38891e-6,0.00241128,0.0018012,1.79961,2.27921e-24,31239.8,1.31242e-6,0.00038444,0.00349496,3.49259,1.26623e-25,271177
9,303,11192,5.99056e-10,5.46306e-6,4.40703e-6,0.00440309,-2.59582e-33,31241,2.59479e-9,8.91535e-7,8.70205e-6,0.00869592,-1.44212e-34,108991,11188.7,7.13627e-10,6.79277e-6,5.20417e-6,0.00519955,4.56937e-34,31240.5,3.20091e-9,1.10858e-6,1.03307e-5,0.0103236,2.53855e-35,108991,11184.2,8.95847e-10,8.49495e-6,6.39836e-6,0.00639271,2.04795e-32,31239.8,4.16134e-9,1.39001e-6,1.27323e-5,0.0127237,1.13775e-33,108991
14,303,11192,3.15766e-14,3.66712e-10,2.9601e-10,2.95746e-7,6.3224e-42,31241,1.79832e-13,6.24003e-11,6.09441e-10,6.09012e-7,3.51244e-43,124050,11188.7,4.28474e-14,5.03863e-10,3.86232e-10,3.85888e-7,-4.41249e-43,31240.5,2.45465e-13,8.57236e-11,7.99256e-10,7.98702e-7,-2.45139e-44,124050,11184.2,6.10882e-14,6.92451e-10,5.2179e-10,5.21329e-7,-1.9679e-41,31239.8,3.51548e-13,1.18305e-10,1.08414e-9,1.08341e-6,-1.09328e-42,124050
20,303,11192,-4.79304e-18,-5.53761e-14,-4.46996e-14,-4.46597e-11,1.0612e-49,31241,-2.74582e-17,-9.47246e-15,-9.25122e-14,-9.24471e-11,5.89553e-51,142122,11188.7,-1.48735e-17,-1.74743e-13,-1.33948e-13,-1.33829e-10,-8.12726e-51,31240.5,-8.69013e-17,-3.02961e-14,-2.82468e-13,-2.82273e-10,-4.51516e-52,142122,11184.2,-5.10332e-19,-5.49651e-15,-4.14178e-15,-4.13815e-12,4.7677e-49,31239.8,-2.55634e-18,-8.11219e-16,-7.43231e-15,-7.42744e-12,2.64872e-50,142122
0,304,11250,0,0,0,0,9.8325e+9,31250,0,0,0,0,5.4625e+8,968472,11250,0,0,0,0,9.8325e+9,31250,0,0,0,0,5.4625e+8,968472,11250,0,0,0,0,9.8325e+9,31250,0,0,0,0,5.4625e+8,968472
1,304,11103.5,8.57671,49.378,16.0787,16063.9,20.2669,31227.2,1.33919,7.67453,30.4567,30433.2,1.12594,774536,11118.7,7.68533,44.7004,14.0367,14023.7,20.2669,31229.6,1.19843,6.94221,26.7059,26684.7,1.12594,774536,11105.7,8.44511,50.5932,15.7383,15723.9,20.2676,31227.6,1.31837,7.86228,29.9605,29937.2,1.12597,774536
2,304,11103.5,0.427814,12.3176,6.28227,6276.86,4.48072e-8,31227.2,0.0709648,1.92296,11.9299,11922.6,2.48928e-9,580601,11118.7,0.383268,11.3089,5.5418,5536.95,4.48145e-8,31229.6,0.0630796,1.76313,10.5668,10559.9,2.48969e-9,580601,11105.7,0.421258,13.3314,6.4034,6397.86,4.48936e-8,31227.6,0.0699289,2.08035,12.219,12211.4,2.49409e-9,580601
3,304,11103.5,0.0215107,2.52799,1.49546,1494.21,1.20881e-13,31227.2,0.00466455,0.397917,2.85584,2854.34,6.7156e-15,386665,11118.7,0.019252,2.35888,1.33689,1335.76,1.16552e-13,31229.6,0.00405463,0.370396,2.56162,2560.15,6.47513e-15,386665,11105.7,0.0211943,2.91392,1.60571,1604.37,9.83362e-14,31227.6,0.00467171,0.458159,3.08022,3078.56,5.46312e-15,386665
4,304,11103.5,0.00111523,0.497738,0.310025,309.772,-2.50395e-19,31227.2,0.000471184,0.0791734,0.597112,596.821,-1.39108e-20,192729,11118.7,0.000994857,0.472504,0.281479,281.244,-1.76504e-19,31229.6,0.000398381,0.0748719,0.543351,543.059,-9.80576e-21,192729,11105.7,0.00110448,0.613382,0.35361,353.319,-2.22488e-19,31227.6,0.000499654,0.0973618,0.683673,683.327,-1.23605e-20,192729
6,304,11103.5,4.92594e-6,0.0188579,0.0120185,12.0088,1.87565e-25,31227.2,1.30441e-5,0.00307047,0.0236559,23.6449,1.04203e-26,171182,11118.7,4.2981e-6,0.0185465,0.0112911,11.2817,-6.54133e-26,31229.6,1.10475e-5,0.00299884,0.0222103,22.1988,-3.63407e-27,171182,11105.7,5.44474e-6,0.0266569,0.015655,15.6422,5.00653e-29,31227.6,1.6166e-5,0.00432016,0.0308661,30.851,2.7814e-30,171182
9,304,11103.5,1.729e-8,0.0001382,8.82903e-5,0.088219,5.75095e-39,31227.2,9.65401e-8,2.3329e-5,0.000180112,0.180028,3.19497e-40,138860,11118.7,1.54317e-8,0.000143384,8.7484e-5,0.0874116,-2.67185e-39,31229.6,8.56913e-8,2.39201e-5,0.000177504,0.177412,-1.48436e-40,138860,11105.7,2.6232e-8,0.000240345,0.000141387,0.141272,1.58322e-42,31227.6,1.47258e-7,4.0217e-5,0.000287765,0.287624,8.79565e-44,138860
14,304,11103.5,4.69341e-12,3.81973e-8,2.44042e-8,2.43845e-5,-2.02444e-54,31227.2,2.83463e-11,6.84799e-9,5.28727e-8,5.28481e-5,-1.12469e-55,151372,11118.7,4.57905e-12,4.33276e-8,2.64373e-8,2.64154e-5,1.19245e-54,31229.6,2.72847e-11,7.61487e-9,5.65103e-8,5.6481e-5,6.62471e-56,151372,11105.7,1.01265e-11,9.38563e-8,5.52146e-8,5.51695e-5,1.13076e-52,31227.6,6.06718e-11,1.65645e-8,1.18528e-7,0.00011847,6.28198e-54,151372
20,304,11103.5,5.09989e-16,4.14321e-12,2.64709e-12,2.64495e-9,-5.8833e-60,31227.2,3.20816e-15,7.73669e-13,5.97333e-12,5.97057e-9,-3.26851e-61,166387,11118.7,4.65135e-16,4.40184e-12,2.68588e-12,2.68366e-9,-4.65908e-62,31229.6,2.88709e-15,8.05831e-13,5.98006e-12,5.97696e-9,-2.58838e-63,166387,11105.7,4.67899e-16,4.31834e-12,2.54043e-12,2.53836e-9,-2.64654e-61,31227.6,3.11658e-15,8.47493e-13,6.06411e-12,6.06116e-9,-1.4703e-62,166387
0,305,11250,0,0,0,0,9.8325e+9,31250,0,0,0,0,5.4625e+8,213065,11250,0,0,0,0,9.8325e+9,31250,0,0,0,0,5.4625e+8,213065,11250,0,0,0,0,9.8325e+9,31250,0,0,0,0,5.4625e+8,213065
1,305,11187.8,3.64181,16.9795,5.91686,5911.16,20.267,31240.4,0.564703,2.6283,11.1665,11156.4,1.12594,175911,11189,3.57147,17.1519,5.72755,5722.03,20.2685,31240.6,0.553732,2.65479,10.8636,10853.8,1.12603,175911,11186.8,3.70091,17.9307,5.97056,5964.81,20.2668,31240.2,0.573902,2.77564,11.3257,11315.5,1.12593,175911
2,305,11187.8,0.18143,3.18872,1.88443,1882.67,4.48388e-8,31240.4,0.0287229,0.494695,3.56038,3557.48,2.49105e-9,138756,11189,0.177925,3.34975,1.8754,1873.65,4.42462e-8,31240.6,0.0281596,0.519565,3.56097,3558.05,2.45812e-9,138756,11186.8,0.184378,3.54306,1.97128,1969.44,4.48039e-8,31240.2,0.0292146,0.549642,3.74352,3740.47,2.4891e-9,138756
3,305,11187.8,0.00905747,0.471045,0.345781,345.466,1.45429e-13,31240.4,0.00155981,0.073429,0.655148,654.656,8.07935e-15,101601,11189,0.00888288,0.517838,0.356315,355.989,1.46467e-13,31240.6,0.00153216,0.0806752,0.678353,677.837,8.13707e-15,101601,11186.8,0.00920654,0.555211,0.378474,378.129,1.49768e-13,31240.2,0.00159722,0.0865217,0.720697,720.154,8.32046e-15,101601
4,305,11187.8,0.000454905,0.065072,0.0527897,52.7424,-6.5846e-19,31240.4,9.86702e-5,0.0102159,0.100506,100.435,-3.65811e-20,64446.6,11189,0.000446363,0.0751659,0.0566812,56.6302,-5.69381e-19,31240.6,9.81905e-5,0.0117855,0.108396,108.317,-3.16322e-20,64446.6,11186.8,0.000462923,0.0817891,0.0609558,60.901,-5.6177e-19,31240.2,0.00010382,0.0128291,0.11661,116.526,-3.12094e-20,64446.6
6,305,11187.8,1.23652e-6,0.00117682,0.00102195,1.02105,-2.01848e-25,31240.4,8.2754e-7,0.000188182,0.00197509,1.97377,-1.12138e-26,117205,11189,1.22885e-6,0.00150952,0.00120722,1.20615,-1.50936e-24,31240.6,9.00652e-7,0.000240564,0.00234021,2.3386,-8.38532e-26,117205,11186.8,1.28652e-6,0.00169449,0.00133594,1.33475,6.54365e-25,31240.2,1.00417e-6,0.000270205,0.00259128,2.58951,3.63536e-26,117205
9,305,11187.8,4.49658e-10,2.79424e-6,2.46476e-6,0.0024626,-8.22063e-33,31240.4,1.7384e-9,4.61174e-7,4.90747e-6,0.00490428,-4.56701e-34,196342,11189,5.37171e-10,4.21091e-6,3.40859e-6,0.00340558,1.30226e-32,31240.6,2.23713e-9,6.89748e-7,6.78261e-6,0.00677805,7.23476e-34,196342,11186.8,6.16123e-10,4.95844e-6,3.95322e-6,0.00394975,3.25807e-34,31240.2,2.64861e-9,8.12841e-7,7.87313e-6,0.00786788,1.81004e-35,196342
14,305,11187.8,1.32677e-14,1.18243e-10,1.04436e-10,1.04345e-7,-2.95587e-41,31240.4,7.6741e-14,2.06016e-11,2.19447e-10,2.19305e-7,-1.64215e-42,119131,11189,2.23186e-14,2.3319e-10,1.88919e-10,1.88752e-7,-1.20266e-41,31240.6,1.28494e-13,4.00229e-11,3.9383e-10,3.93565e-7,-6.68145e-43,119131,11186.8,2.8524e-14,2.96688e-10,2.36718e-10,2.36509e-7,-6.85234e-44,31240.2,1.6453e-13,5.09789e-11,4.94072e-10,4.93742e-7,-3.80685e-45,119131
20,305,11187.8,-1.17146e-17,-1.01201e-13,-8.93849e-14,-8.93072e-11,-2.81678e-49,31240.4,-6.94508e-17,-1.8028e-14,-1.92021e-13,-1.91899e-10,-1.56488e-50,26478.6,11189,-5.38729e-18,-5.71256e-14,-4.62807e-14,-4.62398e-11,9.81999e-48,31240.6,-3.11642e-17,-9.84903e-15,-9.69236e-14,-9.68578e-11,5.45554e-49,26478.6,11186.8,-1.76547e-17,-1.84422e-13,-1.47144e-13,-1.47015e-10,-7.70365e-49,31240.2,-1.01975e-16,-3.17319e-14,-3.07544e-13,-3.07338e-10,-4.2798e-50,26478.6
0,306,7500,0,0,0,0,6.555e+9,22727.3,0,0,0,0,3.97273e+8,1.1094e+6,7500,0,0,0,0,6.555e+9,22727.3,0,0,0,0,3.97273e+8,1.1094e+6,7500,0,0,0,0,6.555e+9,22727.3,0,0,0,0,3.97273e+8,1.1094e+6
1,306,7479.98,1.17219,6.24431,2.08425,2082.2,13.5114,22723.6,0.215807,1.14848,4.67448,4670.05,0.818875,993075,7477.92,1.29292,6.59435,2.15965,2157.53,13.5114,22723.2,0.23808,1.21305,4.86891,4864.32,0.818873,993075,7478.33,1.26923,6.95438,2.22565,2223.46,13.5114,22723.3,0.233716,1.27923,5.01756,5012.82,0.818874,993075
2,306,7479.98,0.0583808,1.40148,0.754032,753.3,2.74959e-8,22723.6,0.0108865,0.25804,1.69208,1690.54,1.66642e-9,876750,7477.92,0.0643939,1.39565,0.748921,748.197,2.74963e-8,22723.2,0.012013,0.257036,1.68948,1687.97,1.66644e-9,876750,7478.33,0.0632158,1.62179,0.827903,827.102,2.74959e-8,22723.3,0.0118048,0.298649,1.86757,1865.88,1.66642e-9,876750
3,306,7479.98,0.00291167,0.254557,0.162591,162.434,9.42338e-15,22723.6,0.0005766,0.0469667,0.365352,365.029,5.71114e-16,760426,7477.92,0.00321139,0.236833,0.153006,152.86,2.87661e-14,22723.2,0.000635225,0.0437211,0.345679,345.379,1.7434e-15,760426,7478.33,0.00315352,0.307913,0.184986,184.809,9.67108e-15,22723.3,0.00063024,0.0568223,0.417872,417.506,5.86126e-16,760426
4,306,7479.98,0.00014594,0.0439821,0.030023,29.9943,1.18857e-19,22723.6,3.53032e-5,0.00813778,0.0676092,67.5503,7.20344e-21,644101,7477.92,0.000160863,0.0380302,0.026516,26.4908,1.5765e-19,22723.2,3.83155e-5,0.00704387,0.0600526,60.0015,9.55454e-21,644101,7478.33,0.000158232,0.0557882,0.0356137,35.5797,6.84859e-19,22723.3,3.98254e-5,0.0103244,0.0806269,80.5573,4.15066e-20,644101
6,306,7479.98,3.9925e-7,0.00127198,0.000898857,0.897999,1.55448e-26,22723.6,3.43397e-7,0.000236901,0.00203612,2.03436,9.42112e-28,489729,7477.92,4.32247e-7,0.000944184,0.00068749,0.686839,-4.42459e-26,22723.2,3.25435e-7,0.000176273,0.00156785,1.56654,-2.68157e-27,489729,7478.33,4.44058e-7,0.00178036,0.00117097,1.16985,-4.64435e-24,22723.3,4.5533e-7,0.000331641,0.00266677,2.66448,-2.81476e-25,489729
9,306,7479.98,2.38576e-10,6.19187e-6,4.39679e-6,0.00439259,2.5753e-34,22723.6,1.35436e-9,1.16505e-6,1.00608e-5,0.0100521,1.56079e-35,258171,7477.92,1.90172e-10,3.64364e-6,2.67203e-6,0.0026695,-7.62663e-34,22723.2,9.966e-10,6.88875e-7,6.16933e-6,0.00616415,-4.6222e-35,258171,7478.33,3.58408e-10,1.00627e-5,6.64338e-6,0.00663705,-6.19547e-33,22723.3,2.17295e-9,1.89349e-6,1.52818e-5,0.0152687,-3.75483e-34,258171
14,306,7479.98,2.67071e-14,8.66122e-10,6.15145e-10,6.14556e-7,-2.92869e-44,22723.6,1.88169e-13,1.65706e-10,1.43131e-9,1.43007e-6,-1.77497e-45,186040,7477.92,1.32414e-14,3.46033e-10,2.53852e-10,2.53612e-7,1.03666e-43,22723.2,9.44011e-14,6.67909e-11,5.984e-10,5.97896e-7,6.28278e-45,186040,7478.33,5.48724e-14,1.80501e-9,1.19182e-9,1.19068e-6,-6.86958e-42,22723.3,3.88826e-13,3.45302e-10,2.78733e-9,2.78493e-6,-4.16337e-43,186040
20,306,7479.98,5.56572e-17,1.82767e-12,1.29806e-12,1.29682e-9,2.36671e-50,22723.6,3.93234e-16,3.50553e-13,3.028e-12,3.02536e-9,1.43437e-51,99482.5,7477.92,-2.47913e-18,-6.5325e-14,-4.7923e-14,-4.78776e-11,1.21616e-51,22723.2,-1.78036e-17,-1.2691e-14,-1.13706e-13,-1.1361e-10,7.37068e-53,99482.5,7478.33,4.50957e-18,1.46354e-13,9.6635e-14,9.65429e-11,1.30693e-52,22723.3,3.24084e-17,2.83909e-14,2.29175e-13,2.28978e-10,7.9208e-54,99482.5
