time,id,TT_SAEM,I1T_SAEM,I2T_SAEM,VIT_SAEM,VNIT_SAEM,ViniT_SAEM,TN_SAEM,I1N_SAEM,I2N_SAEM,VIN_SAEM,VNIN_SAEM,ViniN_SAEM,TT_mean,I1T_mean,I2T_mean,VIT_mean,VNIT_mean,ViniT_mean,TN_mean,I1N_mean,I2N_mean,VIN_mean,VNIN_mean,ViniN_mean,TT_mode,I1T_mode,I2T_mode,VIT_mode,VNIT_mode,ViniT_mode,TN_mode,I1N_mode,I2N_mode,VIN_mode,VNIN_mode,ViniN_mode
0,101,7500,0,0,0,0,6.555e+9,22727.3,0,0,0,0,3.97273e+8,7500,0,0,0,0,6.555e+9,22727.3,0,0,0,0,3.97273e+8,7500,0,0,0,0,6.555e+9,22727.3,0,0,0,0,3.97273e+8
1,101,40.1143,385.936,2786.19,569.74,569273,13.5114,15610.7,772.291,2757.81,6102.31,6.51135e+6,0.818657,45.5407,386.113,2832.42,575.479,575018,13.5126,15774.3,749.998,2734.26,5984.81,6.37896e+6,0.818733,186.623,385.636,2773.06,562.216,561985,13.5112,17625.2,505.928,1993.96,4482.4,4.71928e+6,0.818697
2,101,39.8504,19.283,829.487,247.737,247562,2.67822e-8,14375.2,384.666,1488.56,3983.25,4.34581e+6,1.62234e-9,45.2433,19.3008,862.667,254.67,254498,2.67609e-8,14572.9,374.888,1487.98,3939.05,4.29224e+6,1.62106e-9,185.76,19.4239,838.524,248.194,248186,2.67557e-8,16903.7,226.41,995.573,2759.75,2.97003e+6,1.62091e-9
3,101,39.7596,0.981488,211.674,70.3646,70319.3,1.92352e-15,13705.4,201.87,793.058,2166.09,2.36471e+6,1.165e-16,45.139,0.985784,225.852,73.9522,73907.1,7.60895e-17,13914.9,198.533,799.313,2158.74,2.35405e+6,4.60823e-18,185.459,1.03852,217.361,71.4998,71511.6,7.62014e-17,16526.4,113.018,494.792,1393.99,1.50485e+6,4.61562e-18
4,101,39.7352,0.0544993,52.5635,18.0119,18000.8,6.53888e-24,13358.9,104.528,416.991,1148.74,1.25197e+6,3.96013e-25,45.1103,0.0557432,57.6036,19.4104,19399.1,-8.71221e-24,13571.4,103.745,424.052,1154.71,1.25715e+6,-5.27628e-25,185.377,0.0707459,54.8563,18.5844,18589,-6.8028e-25,16340.7,55.6872,245.327,693.659,748564,-4.12051e-26
6,101,39.7275,0.000555517,3.20328,1.10891,1108.24,-8.25297e-38,13087.4,27.9054,112.755,312.868,340433,-4.99713e-39,45.1009,0.000659977,3.70616,1.26056,1259.84,-2.39963e-40,13298.9,28.214,116.81,320.305,348171,-1.45272e-41,185.351,0.00163857,3.45466,1.18176,1182.1,5.85722e-41,16204.3,13.4965,59.7871,169.539,182853,3.54664e-42
9,101,39.727,6.60513e-6,0.048076,0.0166538,16.6437,2.55361e-52,13002.2,3.84114,15.584,43.3416,47135.6,1.54612e-53,45.1003,8.86793e-6,0.0603539,0.0205394,20.5277,3.48325e-55,13211.6,3.9937,16.6034,45.6328,49576.9,2.10869e-56,185.349,2.40768e-5,0.0544766,0.0186462,18.6516,-1.72852e-55,16165.9,1.6108,7.14669,20.283,21872,-1.04662e-56
14,101,39.7269,6.01832e-9,4.38987e-5,1.52069e-5,0.0151977,-1.69144e-80,12989.1,0.140848,0.571798,1.59083,1729.95,-1.02412e-81,45.1003,9.26258e-9,6.31401e-5,2.14877e-5,0.0214755,-1.29566e-81,13197.7,0.153435,0.638314,1.75498,1906.5,-7.84219e-83,185.349,2.38597e-8,5.40149e-5,1.84883e-5,0.0184937,2.19309e-82,16160.8,0.046608,0.206829,0.587067,633.041,1.32745e-83
20,101,39.7269,1.35529e-12,9.88571e-9,3.42449e-9,3.42242e-6,-1.34542e-112,12988.6,0.00266601,0.0108234,0.0301128,32.746,-8.14771e-114,45.1003,2.45623e-12,1.67433e-8,5.69806e-9,5.69481e-6,6.81439e-116,13197.2,0.00307147,0.0127782,0.0351327,38.166,4.12623e-117,185.349,5.93195e-12,1.34291e-8,4.59652e-9,4.59785e-6,-2.37925e-113,16160.7,0.000663994,0.00294658,0.00836365,9.01861,-1.44034e-114
0,102,11250,0,0,0,0,9.8325e+9,31250,0,0,0,0,5.4625e+8,11250,0,0,0,0,9.8325e+9,31250,0,0,0,0,5.4625e+8,11250,0,0,0,0,9.8325e+9,31250,0,0,0,0,5.4625e+8
1,102,8.99013,574.38,4774.52,939.464,938559,20.2688,19158.7,1417.18,5249.35,11050.1,1.18667e+7,1.12571,11.5951,574.946,4769.5,937.767,936872,20.2672,19563.9,1354.15,5069.62,10611.9,1.13829e+7,1.12562,20.4088,576.291,4703.15,928.124,927264,20.2672,20451.2,1224.61,4630.17,9784.99,1.04658e+7,1.12564
2,102,8.89674,28.6216,1695.11,466.94,466500,4.28898e-8,16557.9,815.989,3375.03,8462.67,9.2401e+6,2.38144e-9,11.4791,28.6558,1690.98,465.692,465259,4.28312e-8,17101.2,773.504,3226.96,8050.44,8.78668e+6,2.37821e-9,20.2244,28.7409,1636.78,454.523,454120,4.28433e-8,18275.5,684.018,2863.59,7227.06,7.87664e+6,2.37893e-9
3,102,8.85961,1.43429,527.885,157.791,157644,1.25183e-16,14994.7,477.68,2081.93,5385.76,5.85611e+6,6.94928e-18,11.4331,1.43818,525.718,157.143,156998,1.24992e-16,15619.8,452.78,1979.21,5083.57,5.5294e+6,6.93876e-18,20.1522,1.44876,498.271,150.554,150424,1.24666e-16,16975.6,396.942,1721.18,4454.73,4.8455e+6,6.92083e-18
4,102,8.84763,0.074312,161.238,49.131,49085.3,3.58422e-25,14098.3,273.945,1242.65,3272.42,3.54275e+6,1.98932e-26,11.4182,0.075195,160.297,48.8481,48803.4,3.5815e-25,14769.3,259.995,1178.48,3076.46,3.33305e+6,1.98782e-26,20.1294,0.0776199,148.652,45.8363,45797,3.56936e-25,16234.2,226.497,1010.7,2650.57,2.87412e+6,1.98113e-26
6,102,8.84281,0.000499255,14.9414,4.57592,4571.66,-5.07946e-40,13296.3,88.8463,419.134,1123,1.21063e+6,-2.81866e-41,11.4123,0.000575212,14.802,4.53373,4529.59,-4.19917e-40,14006.3,84.6604,397.586,1054.36,1.13789e+6,-2.33017e-41,20.1205,0.000763795,13.1356,4.07263,4069.15,-1.42135e-40,15573.6,73.0346,334.997,889.647,961719,-7.88916e-42
9,102,8.84233,9.14928e-6,0.42103,0.128971,128.851,1.36818e-55,12983.9,16.2769,78.0382,210.576,226626,7.59248e-57,11.4117,1.12282e-5,0.414902,0.127108,126.992,9.82961e-56,13707.7,15.6135,74.404,198.589,213988,5.45482e-57,20.1197,1.54576e-5,0.344638,0.106879,106.787,2.84522e-58,15317.7,13.2931,61.6533,164.562,177677,1.57751e-59
14,102,8.84232,2.38163e-8,0.00109856,0.000336515,0.336202,-1.15109e-79,12918.1,0.95909,4.61431,12.47,13415.7,-6.38757e-81,11.4117,2.89841e-8,0.00107308,0.000328745,0.328445,-6.56979e-80,13644.3,0.930326,4.44739,11.8868,12804.3,-3.64575e-81,20.1196,3.57578e-8,0.000798355,0.000247586,0.247374,-1.32731e-85,15264.2,0.775158,3.60366,9.629,10393.8,-7.38375e-87
20,102,8.84232,1.89137e-11,8.72423e-7,2.67243e-7,0.000266994,1.08677e-113,12914.1,0.0320649,0.154301,0.417033,448.649,6.02876e-115,11.4117,2.27755e-11,8.43214e-7,2.58325e-7,0.000258089,8.85381e-114,13640.4,0.0315225,0.150722,0.402878,433.967,4.91343e-115,20.1196,2.4619e-11,5.49662e-7,1.70461e-7,0.000170315,-2.81512e-121,15261,0.0255948,0.119006,0.318004,343.255,-1.56671e-122
0,103,7500,0,0,0,0,6.555e+9,22727.3,0,0,0,0,3.97273e+8,7500,0,0,0,0,6.555e+9,22727.3,0,0,0,0,3.97273e+8,7500,0,0,0,0,6.555e+9,22727.3,0,0,0,0,3.97273e+8
1,103,5565.87,112.128,762.245,150.616,150674,13.5126,22315.2,26.06,162.928,405.823,407652,0.818933,5555.36,112.731,771.241,151.965,152024,13.5126,22312.6,26.2247,164.979,406.494,408338,0.818933,5635.58,108.136,752.419,147.443,147493,13.5114,22332.5,24.9012,159.794,391.839,393509,0.818859
2,103,5565.3,5.73217,237.197,69.2012,69291.8,2.75085e-8,22309,2.95154,54.1378,193.967,195537,1.66713e-9,5554.78,5.76483,242.12,70.2897,70382,2.75085e-8,22306.3,2.97981,55.2793,195.558,197147,1.66713e-9,5635.03,5.52825,241.97,69.4754,69560,2.75113e-8,22326.6,2.79461,54.6444,191.654,193119,1.6673e-9
3,103,5565.1,0.334335,62.8245,20.3921,20428.5,1.75916e-14,22306.6,0.72472,15.972,62.0287,62631.7,1.06612e-15,5554.57,0.337221,64.7725,20.8922,20929.6,1.8532e-14,22303.9,0.73749,16.455,63.0417,63656.1,1.12311e-15,5634.83,0.323889,66.5149,21.143,21178.1,-1.2773e-15,22324.3,0.696182,16.6029,62.9681,63544.1,-7.74075e-17
4,103,5565.04,0.0299963,16.1945,5.41213,5422.89,-3.22654e-20,22305.9,0.210629,4.66984,18.4172,18606.3,-1.95541e-21,5554.51,0.0306118,16.8718,5.59944,5610.55,-4.66176e-22,22303.1,0.216212,4.85437,18.8814,19075.6,-2.8252e-23,5634.77,0.0298667,17.823,5.81969,5830.4,2.49971e-24,22323.6,0.207724,4.99764,19.2366,19422,1.51487e-25
6,103,5565.02,0.00114069,1.06421,0.35898,359.727,-1.84347e-30,22305.6,0.0180977,0.399492,1.57975,1596.24,-1.11723e-31,5554.49,0.00120106,1.13244,0.379229,380.016,3.36041e-33,22302.9,0.0189093,0.422761,1.64865,1665.88,2.03656e-34,5634.75,0.00125164,1.26691,0.417084,417.884,1.99764e-37,22323.3,0.0188975,0.452962,1.748,1765.12,1.2107e-38
9,103,5565.02,1.86649e-5,0.0178906,0.00603809,6.0507,1.58928e-43,22305.6,0.000453246,0.0100026,0.0395547,39.9679,9.63173e-45,5554.49,2.03132e-5,0.0196533,0.00658481,6.59852,-2.91553e-46,22302.8,0.000486412,0.0108722,0.0423994,42.8429,-1.76693e-47,5634.75,2.31196e-5,0.0239672,0.00789379,7.90899,-8.4637e-51,22323.3,0.000516048,0.0123665,0.0477239,48.1917,-5.12957e-52
14,103,5565.02,2.05853e-8,1.97349e-5,6.66058e-6,0.00667449,4.05903e-68,22305.6,9.7128e-7,2.14349e-5,8.47634e-5,0.085649,2.45993e-69,5554.49,2.36244e-8,2.28606e-5,7.65945e-6,0.00767539,8.14322e-72,22302.8,1.08989e-6,2.4361e-5,9.50027e-5,0.0959965,4.9351e-73,5634.75,3.10455e-8,3.21881e-5,1.06015e-5,0.0106219,8.50929e-77,22323.3,1.27743e-6,3.06122e-5,0.000118136,0.119294,5.1572e-78
20,103,5565.02,5.81703e-12,5.57671e-9,1.88216e-9,1.88609e-6,-8.37643e-101,22305.6,6.08928e-10,1.34383e-8,5.3141e-8,5.36962e-5,-5.07637e-102,5554.49,7.11464e-12,6.88462e-9,2.3067e-9,2.3115e-6,4.11458e-105,22302.8,7.20841e-10,1.61122e-8,6.28339e-8,6.34912e-5,2.49346e-106,5634.75,1.11116e-11,1.15205e-8,3.7944e-9,3.8017e-6,-2.48002e-109,22323.3,9.52283e-10,2.28204e-8,8.80666e-8,8.89299e-5,-1.50306e-110
0,104,11250,0,0,0,0,9.8325e+9,31250,0,0,0,0,5.4625e+8,11250,0,0,0,0,9.8325e+9,31250,0,0,0,0,5.4625e+8,11250,0,0,0,0,9.8325e+9,31250,0,0,0,0,5.4625e+8
1,104,4655.05,374.497,2853.46,548.878,549565,20.268,29705.3,109.984,672.388,1595.28,1.61631e+6,1.12595,4345.27,391.137,2989.75,574.675,575402,20.2677,29584.4,119.9,725.839,1702.78,1.727e+6,1.12593,4337.28,391.564,2988.32,574.697,575426,20.2677,29581.2,120.152,726.099,1704.11,1.7284e+6,1.12593
2,104,4651.49,19.6025,1017.44,278.623,279363,4.35661e-8,29636.8,24.2985,279.678,893.802,912839,2.42013e-9,4341.52,20.4825,1067.75,291.941,292722,4.35059e-8,29505.8,27.6219,305.132,960.493,982453,2.41676e-9,4333.52,20.5027,1064.83,291.436,292216,4.35049e-8,29502.4,27.6686,304.689,959.766,981765,2.4167e-9
3,104,4650.05,1.32963,315.142,94.0138,94323.7,1.04782e-16,29605.3,9.32725,108.834,363.357,372095,5.82047e-18,4340.01,1.39303,331.416,98.679,99006.5,1.08326e-16,29469.2,10.809,120.413,395.22,405390,6.01722e-18,4332.01,1.39289,329.677,98.2878,98614.5,1.0763e-16,29465.8,10.8108,120.026,394.249,404422,5.97861e-18
4,104,4649.59,0.177982,95.6349,29.1093,29211.9,4.67574e-26,29592.7,3.66214,42.4154,142.228,145734,2.59699e-27,4339.52,0.187559,100.794,30.617,30725.7,3.73119e-26,29454.5,4.30478,47.6109,156.887,161019,2.07226e-27,4331.53,0.186907,100.004,30.4197,30527.8,4.23623e-26,29451.1,4.29817,47.376,156.232,160358,2.3528e-27
6,104,4649.4,0.0124727,8.74577,2.67608,2685.75,1.06736e-37,29585.9,0.558116,6.4556,21.6521,22188,5.92821e-39,4339.32,0.013239,9.25863,2.82708,2837.36,7.96599e-38,29446.4,0.675102,7.45827,24.5811,25230.9,4.42417e-39,4331.33,0.0131066,9.13779,2.79424,2804.42,9.43905e-38,29443,0.671751,7.39597,24.3943,25041,5.24236e-39
9,104,4649.38,0.000341905,0.241609,0.0739448,74.2124,1.62304e-50,29584.8,0.0331438,0.38338,1.28587,1317.69,9.0144e-52,4339.3,0.000365385,0.25749,0.0786399,78.9263,1.01473e-50,29445,0.0418601,0.462476,1.52425,1564.55,5.63551e-52,4331.31,0.000358853,0.252127,0.0771141,77.3954,1.21808e-50,29441.6,0.0414377,0.456251,1.50488,1544.77,6.76499e-52
14,104,4649.38,8.6311e-7,0.000609939,0.000186673,0.187348,6.52188e-74,29584.7,0.000299603,0.00346557,0.0116236,11.9113,3.62218e-75,4339.3,9.32695e-7,0.000657295,0.000200745,0.201476,3.21842e-74,29444.9,0.000406635,0.00449258,0.0148069,15.1983,1.78739e-75,4331.31,9.04022e-7,0.000635176,0.000194272,0.19498,3.56595e-74,29441.6,0.000399083,0.00439412,0.0144934,14.8776,1.98042e-75
20,104,4649.38,6.58745e-10,4.65519e-7,1.42473e-7,0.000142988,6.37903e-105,29584.7,1.05666e-6,1.22226e-5,4.0995e-5,0.0420096,3.54271e-106,4339.3,7.21417e-10,5.08402e-7,1.55271e-7,0.000155837,1.18627e-105,29444.9,1.56353e-6,1.72742e-5,5.69333e-5,0.0584383,6.58769e-107,4331.31,6.88265e-10,4.83582e-7,1.47906e-7,0.000148446,1.82635e-105,29441.6,1.51873e-6,1.67221e-5,5.51553e-5,0.0566173,1.01425e-106
0,105,11250,0,0,0,0,9.8325e+9,31250,0,0,0,0,5.4625e+8,11250,0,0,0,0,9.8325e+9,31250,0,0,0,0,5.4625e+8,11250,0,0,0,0,9.8325e+9,31250,0,0,0,0,5.4625e+8
1,105,8745.3,145.45,1041.19,202.305,202347,20.2679,30811.6,27.3177,182.641,448.717,450173,1.12598,8664.74,150.079,1072.8,208.389,208440,20.2679,30795.5,28.365,189.039,460.434,461998,1.12598,8762.19,144.479,1041.1,201.695,201735,20.2683,30815,27.0853,182.427,443.364,444786,1.126
2,105,8744.6,7.42596,348.818,98.402,98500,4.43763e-8,30806.1,2.82763,64.2938,225.04,226376,2.4653e-9,8664.01,7.66689,358.573,101.17,101277,4.4357e-8,30789.7,2.97143,66.4824,230.672,232100,2.46422e-9,8761.5,7.37686,352.051,98.8136,98910.3,4.4425e-8,30809.6,2.79386,64.7536,223.837,225150,2.468e-9
3,105,8744.34,0.434153,100.397,31.1738,31216.7,-1.27416e-15,30804,0.679839,20.0477,75.8392,76379.6,-7.07822e-17,8663.73,0.449666,102.941,31.9779,32024.2,-7.64479e-15,30787.4,0.720237,20.7222,77.6905,78267.1,-4.24697e-16,8761.24,0.43198,102.396,31.5931,31635.9,3.03457e-15,30807.5,0.673933,20.3661,76.0321,76566.9,1.68587e-16
4,105,8744.26,0.0406218,28.2187,8.97747,8991.17,1.19798e-22,30803.2,0.205518,6.18266,23.7439,23922.3,6.65503e-24,8663.64,0.0423823,28.8571,9.18586,9200.55,7.36635e-22,30786.6,0.218047,6.38976,24.3169,24507.2,4.09228e-23,8761.16,0.0407845,29.0958,9.1927,9206.47,3.297e-22,30806.8,0.205287,6.33511,24.0051,24183.1,1.83165e-23
6,105,8744.23,0.00187797,2.20955,0.707894,709.018,8.63127e-36,30803,0.0195743,0.587572,2.26284,2280.13,4.79473e-37,8663.61,0.0019657,2.24748,0.720501,721.699,-5.81124e-34,30786.3,0.0207683,0.607152,2.31695,2335.37,-3.22833e-35,8761.13,0.00194002,2.329,0.740834,741.987,1.0725e-33,30806.5,0.0198854,0.612456,2.32714,2344.67,5.95821e-35
9,105,8744.23,4.0205e-5,0.0483404,0.0154925,15.5172,-2.13874e-50,30802.9,0.000573815,0.0172203,0.0663212,66.8281,-1.18809e-51,8663.61,4.17616e-5,0.0487764,0.0156422,15.6683,1.58553e-48,30786.3,0.000608675,0.0177901,0.0678912,68.4314,8.80814e-50,8761.12,4.29668e-5,0.0526694,0.016759,16.7852,-9.23396e-49,30806.4,0.000598078,0.018416,0.0699778,70.5053,-5.12991e-50
14,105,8744.23,6.87927e-8,8.27221e-5,2.65115e-5,0.0265537,-2.45328e-75,30802.9,1.59862e-6,4.79749e-5,0.000184767,0.186179,-1.36281e-76,8663.61,7.0505e-8,8.2357e-5,2.64113e-5,0.0264553,1.34713e-73,30786.3,1.69508e-6,4.95432e-5,0.000189068,0.190573,7.48375e-75,8761.12,7.76915e-8,9.52455e-5,3.03065e-5,0.0303538,2.58724e-74,30806.4,1.73899e-6,5.35469e-5,0.00020347,0.205003,1.43733e-75
20,105,8744.23,3.29352e-11,3.96039e-8,1.26926e-8,1.27128e-5,7.63209e-109,30802.9,1.37345e-9,4.12177e-8,1.58743e-7,0.000159956,4.23958e-110,8663.61,3.3216e-11,3.87997e-8,1.24428e-8,1.24635e-5,-9.64574e-108,30786.3,1.45565e-9,4.2545e-8,1.62362e-7,0.000163654,-5.35828e-109,8761.12,3.97361e-11,4.87143e-8,1.55006e-8,1.55248e-5,1.03388e-106,30806.4,1.57252e-9,4.84208e-8,1.83991e-7,0.000185378,5.7436e-108
0,106,11250,0,0,0,0,9.8325e+9,31250,0,0,0,0,5.4625e+8,11250,0,0,0,0,9.8325e+9,31250,0,0,0,0,5.4625e+8,11250,0,0,0,0,9.8325e+9,31250,0,0,0,0,5.4625e+8
1,106,3084.53,457.123,3446.95,669.579,670385,20.2665,28980,172.937,967.425,2280.99,2.32511e+6,1.12584,2793.34,471.867,3573.88,693.778,694575,20.2667,28805.8,188.717,1043.38,2430.41,2.48086e+6,1.12585,2803.39,471.358,3547.04,689.917,690714,20.2668,28812.5,187.958,1034.27,2413.92,2.46397e+6,1.12585
2,106,3080.36,23.8728,1191.48,330.896,331751,4.32714e-8,28839.7,47.2915,415.304,1295.81,1.33547e+6,2.40364e-9,2789.13,24.6188,1238.12,343.25,344106,4.32547e-8,28645.4,53.7185,454.095,1393.12,1.43864e+6,2.40269e-9,2799.21,24.5834,1218.06,339.027,339877,4.32574e-8,28654,53.0809,446.38,1374.21,1.41913e+6,2.40284e-9
3,106,3078.73,1.58861,356.99,108.358,108708,1.24311e-16,28773.4,19.5807,170.12,549.361,568060,6.90479e-18,2787.47,1.63084,372.029,112.675,113026,1.28963e-16,28568.7,22.6693,189.214,599.658,621368,7.16309e-18,2797.58,1.62229,362.401,110.323,110670,1.23874e-16,28578.8,22.2166,184.424,586.732,608005,6.8804e-18
4,106,3078.22,0.201564,104.692,32.469,32581.7,1.45743e-25,28745.8,8.10029,69.9637,226.485,234335,8.09455e-27,2786.95,0.205551,109.429,33.8581,33971.6,1.60943e-25,28536.3,9.53555,79.1681,251.448,260706,8.93857e-27,2797.07,0.201904,105.512,32.8298,32940.7,1.62126e-25,28547.2,9.26812,76.5182,243.977,252975,9.00432e-27
6,106,3078.02,0.0128762,8.93559,2.78758,2797.51,6.77493e-39,28729.8,1.37262,11.8524,38.3722,39705,3.76192e-40,2786.75,0.0131458,9.39667,2.92431,2934.38,3.55183e-37,28517.1,1.67172,13.8786,44.0857,45711.6,1.97258e-38,2796.88,0.0125799,8.87477,2.77801,2787.65,1.83913e-38,28528.7,1.59791,13.1913,42.0651,43619.3,1.02132e-39
9,106,3078,0.000317757,0.222547,0.0694444,69.6924,5.85821e-53,28726.7,0.0956853,0.826314,2.67528,2768.2,3.25281e-54,2786.73,0.000327323,0.236169,0.0735159,73.7694,2.73703e-51,28513.3,0.12266,1.01845,3.23526,3354.56,1.52002e-52,2796.86,0.00030353,0.216228,0.0677022,67.9377,7.1447e-53,28525.1,0.114339,0.944018,3.01045,3121.67,3.9675e-54
14,106,3078,6.74865e-7,0.000472673,0.000147495,0.148021,1.40226e-77,28726.5,0.00112992,0.00975775,0.0315919,32.6891,7.7861e-79,2786.73,7.05798e-7,0.000509263,0.000158527,0.159073,7.72105e-76,28513,0.00157756,0.0130986,0.04161,43.1443,4.28779e-77,2796.86,6.21456e-7,0.000442729,0.000138621,0.139104,1.24397e-77,28524.9,0.00141031,0.011644,0.0371325,38.5043,6.90771e-79
20,106,3078,4.18643e-10,2.93216e-7,9.14963e-8,9.1823e-5,2.99357e-109,28726.5,5.49169e-6,4.74252e-5,0.000153545,0.158877,1.6619e-110,2786.73,4.45871e-10,3.21715e-7,1.00145e-7,0.000100491,1.94197e-106,28513,8.4946e-6,7.05316e-5,0.000224055,0.232317,1.07843e-107,2796.86,3.68933e-10,2.6283e-7,8.22938e-8,8.25801e-5,1.53765e-109,28524.9,7.22224e-6,5.96294e-5,0.000190157,0.197182,8.53626e-111
0,201,11250,0,0,0,0,9.8325e+9,31250,0,0,0,0,5.4625e+8,11250,0,0,0,0,9.8325e+9,31250,0,0,0,0,5.4625e+8,11250,0,0,0,0,9.8325e+9,31250,0,0,0,0,5.4625e+8
1,201,8450.23,162.341,788.013,173.374,173448,20.2677,30752.5,30.8617,140.984,390.987,392610,1.12597,8173.13,178.191,845.886,187.386,187488,20.2676,30694.6,34.6288,153.903,425.622,427649,1.12596,8298.41,171.032,825.01,181.776,181864,20.2676,30721,32.9044,148.946,410.015,411851,1.12596
2,201,8449.68,8.21767,154.962,56.8203,56910.8,4.43509e-8,30747.9,2.66968,29.8189,133.111,134210,2.46388e-9,8172.49,9.02725,161.364,60.0764,60186.2,4.42891e-8,30689,3.0829,31.8471,142.326,143663,2.46044e-9,8297.8,8.66258,160.813,59.188,59289.5,4.43172e-8,30715.9,2.89675,31.3529,138.965,140195,2.462e-9
3,201,8449.54,0.439131,24.2256,10.8661,10892.6,4.63617e-13,30746.7,0.401819,5.37303,27.8391,28141.2,2.57559e-14,8172.33,0.483145,24.3624,11.1819,11212.9,4.57421e-13,30687.6,0.470485,5.63841,29.2602,29621.3,2.54116e-14,8297.65,0.463762,24.8894,11.2302,11259.4,4.57769e-13,30714.5,0.441812,5.63694,28.9732,29309.7,2.5431e-14
4,201,8449.51,0.0269618,3.56505,1.74596,1751.17,-1.05155e-18,30746.4,0.0715969,0.954501,5.15942,5222.23,-5.8418e-20,8172.3,0.0296166,3.45267,1.74064,1746.56,-5.11585e-19,30687.3,0.0832815,0.987268,5.34016,5414.06,-2.84205e-20,8297.62,0.0285627,3.62341,1.78802,1793.72,-8.90573e-19,30714.3,0.0789698,1.00071,5.36098,5430.73,-4.94749e-20
6,201,8449.51,0.000221087,0.0738673,0.0382047,38.3378,3.87358e-27,30746.4,0.00231935,0.0303545,0.165937,168.079,2.15194e-28,8172.3,0.000231742,0.0661011,0.0354144,35.5562,1.77346e-29,30687.2,0.00263033,0.030587,0.167149,169.599,9.85225e-31,8297.61,0.000233504,0.0733998,0.0383159,38.4587,4.37025e-28,30714.2,0.00255808,0.031818,0.172268,174.642,2.42784e-29
9,201,8449.51,5.31691e-7,0.00021657,0.000113187,0.113599,3.66662e-44,30746.4,1.32512e-5,0.000173109,0.000946326,0.958617,2.03707e-45,8172.3,4.9198e-7,0.000171725,9.317e-5,0.0935616,1.56382e-46,30687.2,1.44545e-5,0.000167823,0.00091699,0.930512,8.6878e-48,8297.61,5.4423e-7,0.000207905,0.00010973,0.110158,2.87792e-45,30714.2,1.46105e-5,0.000181428,0.000982227,0.995839,1.59891e-46
14,201,8449.51,3.16144e-11,1.29756e-8,6.78587e-9,6.81066e-6,-4.78708e-74,30746.4,2.4131e-9,3.15242e-8,1.7233e-7,0.000174568,-2.65984e-75,8172.3,2.38792e-11,8.40606e-9,4.56472e-9,4.58401e-6,3.9248e-75,30687.2,2.46789e-9,2.86538e-8,1.56563e-7,0.000158872,2.18044e-76,8297.61,3.05481e-11,1.17592e-8,6.21074e-9,6.23504e-6,-5.59611e-75,30714.2,2.65987e-9,3.30296e-8,1.78816e-7,0.000181294,-3.10924e-76
20,201,8449.51,1.2055e-16,4.94787e-14,2.58761e-14,2.59706e-11,5.94755e-96,30746.4,4.96226e-14,6.48258e-13,3.54375e-12,3.58978e-9,3.30466e-97,8172.3,4.33888e-17,1.52742e-14,8.29437e-15,8.32942e-12,-1.12858e-96,30687.2,3.9656e-14,4.60431e-13,2.51578e-12,2.55288e-9,-6.26985e-98,8297.61,1.111e-16,4.27675e-14,2.25882e-14,2.26766e-11,-2.23113e-95,30714.2,5.58669e-14,6.93741e-13,3.75579e-12,3.80784e-9,-1.23961e-96
0,202,11250,0,0,0,0,9.8325e+9,31250,0,0,0,0,5.4625e+8,11250,0,0,0,0,9.8325e+9,31250,0,0,0,0,5.4625e+8,11250,0,0,0,0,9.8325e+9,31250,0,0,0,0,5.4625e+8
1,202,10596.8,38.1786,169.127,38.2256,38201.8,20.2682,31146.1,6.15723,26.9389,77.5481,77556.5,1.12601,10667.7,34.0425,154.52,34.6165,34593.5,20.2667,31157.7,5.46364,24.5247,69.4402,69438.9,1.12593,10602.7,37.8339,170.632,38.3086,38284.6,20.2682,31147.1,6.09913,27.1694,77.072,77079.3,1.12601
2,202,10596.8,1.90826,29.6692,11.5952,11591.7,4.48945e-8,31145.9,0.351191,4.80568,23.7191,23744.3,2.49413e-9,10667.7,1.701,27.9846,10.7387,10734.7,4.47132e-8,31157.6,0.308026,4.5067,21.6993,21716.9,2.48405e-9,10602.7,1.89112,30.641,11.8122,11808.6,4.4893e-8,31146.9,0.348055,4.95895,23.9586,23983.1,2.49404e-9
3,202,10596.8,0.0965191,4.05288,2.00457,2004.49,1.41916e-13,31145.9,0.026684,0.680799,4.18616,4193.6,7.88419e-15,10667.7,0.0859613,3.96615,1.9087,1908.4,1.4172e-13,31157.5,0.022928,0.658972,3.92692,3932.54,7.8733e-15,10602.7,0.0956989,4.3004,2.08397,2083.84,1.38186e-13,31146.9,0.026642,0.720755,4.31278,4320.18,7.67695e-15
4,202,10596.8,0.00503535,0.514185,0.285406,285.446,4.28241e-19,31145.9,0.00276834,0.0912,0.617914,619.313,2.37911e-20,10667.7,0.00447931,0.523844,0.280771,280.769,4.31007e-19,31157.5,0.00236163,0.0911456,0.595951,597.049,2.39447e-20,10602.7,0.0050048,0.561981,0.303898,303.932,3.94271e-19,31146.9,0.00281552,0.0991919,0.651233,652.653,2.19039e-20
6,202,10596.8,1.79814e-5,0.00776125,0.00469714,4.69874,-9.93524e-29,31145.9,4.44127e-5,0.00158613,0.0113921,11.4232,-5.51956e-30,10667.7,1.61845e-5,0.00861586,0.00498796,4.98874,5.33404e-30,31157.5,3.93242e-5,0.00168812,0.0116621,11.688,2.96338e-31,10602.7,1.8422e-5,0.00903658,0.00529057,5.29212,5.15189e-30,31146.9,4.75071e-5,0.00182235,0.0126337,12.6667,2.86218e-31
9,202,10596.8,1.3802e-8,1.39363e-5,8.63771e-6,0.00864142,2.6149e-47,31145.9,1.02133e-7,3.62236e-6,2.6258e-5,0.0263335,1.45272e-48,10667.7,1.40376e-8,1.76744e-5,1.04329e-5,0.0104352,6.03367e-48,31157.5,9.87958e-8,4.229e-6,2.94708e-5,0.0295398,3.35206e-49,10602.7,1.60925e-8,1.79012e-5,1.06973e-5,0.0107012,9.17333e-49,31146.9,1.18391e-7,4.51715e-6,3.15769e-5,0.0316633,5.09632e-50
14,202,10596.8,3.30368e-13,3.67092e-10,2.28115e-10,2.28216e-7,5.84198e-78,31145.9,4.05764e-12,1.43718e-10,1.04205e-9,1.04507e-6,3.24553e-79,10667.7,4.23798e-13,5.81131e-10,3.43665e-10,3.43744e-7,-1.41548e-76,31157.5,4.56849e-12,1.95327e-10,1.36157e-9,1.36477e-6,-7.86388e-78,10602.7,4.55657e-13,5.49891e-10,3.29261e-10,3.29387e-7,2.81706e-79,31146.9,5.33542e-12,2.03336e-10,1.42173e-9,1.42564e-6,1.56504e-80
20,202,10596.8,4.22805e-18,4.70363e-15,2.92305e-15,2.92435e-12,-1.68278e-88,31145.9,1.12612e-16,3.98858e-15,2.89199e-14,2.90035e-11,-9.34871e-90,10667.7,9.76284e-18,1.3397e-14,7.92279e-15,7.92462e-12,1.24562e-87,31157.5,1.55332e-16,6.64123e-15,4.6294e-14,4.64029e-11,6.92021e-89,10602.7,9.73241e-18,1.17534e-14,7.03787e-15,7.04056e-12,-3.89314e-90,31146.9,1.76229e-16,6.71615e-15,4.69595e-14,4.70886e-11,-2.16286e-91
0,203,11250,0,0,0,0,9.8325e+9,31250,0,0,0,0,5.4625e+8,11250,0,0,0,0,9.8325e+9,31250,0,0,0,0,5.4625e+8,11250,0,0,0,0,9.8325e+9,31250,0,0,0,0,5.4625e+8
1,203,10164.7,63.3417,285.934,64.2607,64235.8,20.2682,31073.8,10.5323,46.5475,132.979,133094,1.126,10205.8,60.956,279.598,62.455,62429.4,20.2666,31080.8,10.1057,45.4169,127.958,128059,1.12592,10139.2,64.828,297.125,66.3921,66367.2,20.2679,31069.4,10.7988,48.429,136.448,136572,1.12599
2,203,10164.6,3.17418,51.357,19.8043,19807.1,4.47874e-8,31073.3,0.655561,8.59689,41.5586,41660.4,2.48817e-9,10205.7,3.05428,51.2844,19.5352,19536.9,4.46041e-8,31080.3,0.625457,8.55239,40.558,40651,2.47798e-9,10139.1,3.24952,54.4346,20.7472,20750.4,4.47448e-8,31068.9,0.676779,9.12474,43.2466,43355.4,2.4858e-9
3,203,10164.6,0.162287,7.21371,3.49477,3496.64,1.50894e-13,31073.1,0.0604475,1.28115,7.59005,7617.38,8.38291e-15,10205.7,0.156153,7.38046,3.51118,3512.81,1.99712e-13,31080.2,0.0574645,1.30086,7.53046,7555.88,1.1095e-14,10139.1,0.166386,7.82369,3.72517,3727.23,1.67809e-13,31068.7,0.0636566,1.39113,8.03855,8068.01,9.32261e-15
4,203,10164.6,0.00874133,0.943839,0.509977,510.395,-2.20942e-18,31073.1,0.00754735,0.182672,1.17476,1179.85,-1.22744e-19,10205.7,0.00842326,0.991566,0.523577,523.958,-1.3237e-18,31080.2,0.00723165,0.189305,1.18682,1191.64,-7.35385e-20,10139.1,0.00901321,1.04968,0.554843,555.305,-1.09413e-18,31068.7,0.00815309,0.203183,1.26996,1275.53,-6.07845e-20
6,203,10164.6,3.82643e-5,0.015225,0.00889966,8.90964,2.85108e-29,31073.1,0.000149484,0.00365562,0.0245059,24.6276,1.58393e-30,10205.7,3.78498e-5,0.0169213,0.00961049,9.62008,-1.87152e-29,31080.2,0.000148093,0.00394186,0.0257245,25.8437,-1.03972e-30,10139.1,4.13765e-5,0.0178626,0.010158,10.1694,5.80537e-30,31068.7,0.000169529,0.00426939,0.027738,27.8764,3.22523e-31
9,203,10164.6,4.30058e-8,3.03246e-5,1.80852e-5,0.0181077,-4.33417e-47,31073.1,4.28223e-7,1.03804e-5,6.98827e-5,0.0702402,-2.40785e-48,10205.7,4.69798e-8,3.67681e-5,2.12518e-5,0.0212752,-3.31741e-48,31080.2,4.4937e-7,1.18663e-5,7.7763e-5,0.0781338,-1.84298e-49,10139.1,5.23777e-8,3.86476e-5,2.23685e-5,0.022396,2.59503e-49,31068.7,5.21875e-7,1.30386e-5,8.50331e-5,0.085469,1.44169e-50
14,203,10164.6,1.28584e-12,9.49746e-10,5.6751e-10,5.68226e-7,-3.70319e-77,31073.1,2.4419e-11,5.91631e-10,3.98296e-9,4.00337e-6,-2.05732e-78,10205.7,1.63383e-12,1.33276e-9,7.7152e-10,7.7238e-7,-1.01741e-75,31080.2,2.82444e-11,7.45471e-10,4.88533e-9,4.90866e-6,-5.65221e-77,10139.1,1.81297e-12,1.39092e-9,8.0629e-10,8.07294e-7,-2.66006e-75,31068.7,3.35978e-11,8.39052e-10,5.47197e-9,5.50007e-6,-1.47781e-76
20,203,10164.6,1.23479e-17,9.12355e-15,5.45182e-15,5.4587e-12,-6.03461e-91,31073.1,4.96098e-16,1.20196e-14,8.09183e-14,8.1333e-11,-3.35254e-92,10205.7,1.58665e-17,1.29464e-14,7.49464e-15,7.503e-12,-1.05793e-88,31080.2,5.62065e-16,1.48349e-14,9.72182e-14,9.76825e-11,-5.87728e-90,10139.1,1.37722e-17,1.05688e-14,6.12665e-15,6.13429e-12,1.88871e-88,31068.7,5.88867e-16,1.4706e-14,9.59069e-14,9.63993e-11,1.04929e-89
0,204,11250,0,0,0,0,9.8325e+9,31250,0,0,0,0,5.4625e+8,11250,0,0,0,0,9.8325e+9,31250,0,0,0,0,5.4625e+8,11250,0,0,0,0,9.8325e+9,31250,0,0,0,0,5.4625e+8
1,204,10267.2,57.3806,261.585,58.5937,58567.7,20.2667,31091.2,9.4726,42.36,120.674,120756,1.12592,10283,56.4638,261.842,58.276,58249.6,20.2667,31093.9,9.31072,42.3646,118.968,119045,1.12592,10253.9,58.1586,270.303,60.1176,60091.2,20.2666,31089,9.6103,43.7982,122.893,122979,1.12592
2,204,10267.1,2.87399,47.6026,18.2274,18228,4.46183e-8,31090.8,0.579496,7.90383,38.0145,38094.3,2.47877e-9,10282.9,2.82816,48.7311,18.4178,18418,4.46203e-8,31093.5,0.569148,8.07688,38.0616,38138.8,2.47889e-9,10253.8,2.9136,50.4499,19.0374,19038.1,4.46136e-8,31088.5,0.591132,8.3801,39.4099,39493.4,2.47851e-9
3,204,10267.1,0.146675,6.78761,3.25347,3254.74,1.41669e-13,31090.7,0.0518979,1.18827,6.99828,7020.17,7.87043e-15,10282.9,0.144417,7.13149,3.35294,3354.12,2.04542e-13,31093.4,0.051279,1.24333,7.13917,7160.69,1.13633e-14,10253.8,0.148905,7.40783,3.47451,3475.86,1.99619e-13,31088.4,0.0539805,1.29613,7.41734,7440.57,1.10898e-14
4,204,10267.1,0.00786743,0.902727,0.481165,481.474,-1.71639e-18,31090.7,0.006373,0.170651,1.09117,1095.3,-9.53543e-20,10282.9,0.00777109,0.975739,0.507549,507.847,-1.23445e-18,31093.3,0.00640133,0.182951,1.13693,1141.06,-6.85803e-20,10253.8,0.00803391,1.01728,0.527536,527.868,-1.16653e-18,31088.4,0.00682185,0.191774,1.18647,1190.94,-6.48066e-20
6,204,10267.1,3.40423e-5,0.0150758,0.00866256,8.67038,-4.85705e-29,31090.7,0.000126258,0.00345511,0.0230502,23.1505,-2.69834e-30,10282.9,3.49045e-5,0.0173067,0.0096472,9.65518,-7.35898e-29,31093.3,0.000132551,0.00388811,0.0251509,25.2554,-4.08829e-30,10253.8,3.67139e-5,0.0181854,0.0100981,10.107,-5.88556e-29,31088.4,0.000143396,0.00412424,0.0265326,26.6464,-3.26973e-30
9,204,10267.1,3.93841e-8,3.16796e-5,1.8543e-5,0.0185616,-1.38304e-46,31090.7,3.6726e-7,9.96746e-6,6.68087e-5,0.0671085,-7.68348e-48,10282.9,4.54475e-8,3.99115e-5,2.26063e-5,0.022627,-1.63328e-47,31093.3,4.13899e-7,1.2053e-5,7.83081e-5,0.0786429,-9.07364e-49,10253.8,4.91999e-8,4.24481e-5,2.39434e-5,0.0239665,1.00389e-48,31088.4,4.55915e-7,1.30185e-5,8.40984e-5,0.0844694,5.57753e-50
14,204,10267.1,1.28761e-12,1.08553e-9,6.36469e-10,6.37118e-7,-6.05709e-76,31090.7,2.15019e-11,5.83228e-10,3.90929e-9,3.92686e-6,-3.36501e-77,10282.9,1.74805e-12,1.59834e-9,9.06517e-10,9.07356e-7,-1.17371e-73,31093.3,2.73142e-11,7.94998e-10,5.16523e-9,5.18735e-6,-6.52054e-75,10253.8,1.93532e-12,1.73476e-9,9.79772e-10,9.80724e-7,7.27904e-75,31088.4,3.10073e-11,8.84983e-10,5.71704e-9,5.7423e-6,4.04418e-76
20,204,10267.1,1.39073e-17,1.17287e-14,6.8769e-15,6.88392e-12,-1.23207e-89,31090.7,4.51604e-16,1.22496e-14,8.21069e-14,8.24759e-11,-6.84474e-91,10282.9,1.69281e-17,1.54821e-14,8.78102e-15,8.78915e-12,6.16744e-87,31093.3,5.23218e-16,1.52286e-14,9.89428e-14,9.93666e-11,3.42634e-88,10253.8,1.41289e-17,1.26677e-14,7.15465e-15,7.16161e-12,-3.91261e-88,31088.4,5.05428e-16,1.44255e-14,9.31892e-14,9.36009e-11,-2.17382e-89
0,205,11250,0,0,0,0,9.8325e+9,31250,0,0,0,0,5.4625e+8,11250,0,0,0,0,9.8325e+9,31250,0,0,0,0,5.4625e+8,11250,0,0,0,0,9.8325e+9,31250,0,0,0,0,5.4625e+8
1,205,10386.5,50.4361,240.801,53.1273,53100.1,20.2671,31111.3,8.2597,38.7558,108.812,108862,1.12595,10306.1,55.1206,260.713,57.6521,57625.1,20.2691,31097.8,9.07616,42.1308,117.567,117638,1.12606,10317.7,54.4416,259.595,57.2535,57226.3,20.2674,31099.8,8.95766,41.9247,116.691,116758,1.12596
2,205,10386.5,2.52521,46.582,17.2587,17256.8,4.46945e-8,31110.9,0.498509,7.65813,35.7361,35795.4,2.48301e-9,10306,2.76091,49.8034,18.5602,18559.8,4.42498e-8,31097.4,0.554792,8.23724,38.3013,38375.2,2.45831e-9,10317.7,2.72687,50.1249,18.5729,18572.1,4.47173e-8,31099.3,0.547283,8.28192,38.3001,38372.2,2.48427e-9
3,205,10386.4,0.128822,7.12865,3.25148,3252.09,2.17038e-13,31110.9,0.0443259,1.22461,6.91302,6930.33,1.20576e-14,10306,0.141063,7.512,3.45779,3458.83,1.78739e-13,31097.3,0.0504327,1.30379,7.34444,7365.47,9.92986e-15,10317.6,0.139348,7.65506,3.49334,3494.32,1.68642e-13,31099.2,0.0498869,1.32584,7.41109,7431.79,9.36893e-15
4,205,10386.4,0.00693127,1.02393,0.512468,512.665,-1.07483e-18,31110.8,0.00558701,0.18723,1.13907,1142.51,-5.97126e-20,10306,0.00761791,1.06218,0.537871,538.152,-9.24689e-19,31097.2,0.0064289,0.19745,1.19934,1203.46,-5.13713e-20,10317.6,0.00753548,1.09713,0.549557,549.828,-8.36709e-19,31099.2,0.00641021,0.203158,1.22273,1226.83,-4.64836e-20
6,205,10386.4,3.22454e-5,0.0201272,0.0106965,10.7026,-1.65776e-28,31110.8,0.000122938,0.00428983,0.0270934,27.1866,-9.20973e-30,10306,3.57616e-5,0.0201989,0.0108915,10.8995,-9.97871e-29,31097.2,0.000140438,0.0044453,0.02803,28.1396,-5.54369e-30,10317.6,3.60134e-5,0.0214678,0.0114222,11.4301,-1.09579e-28,31099.2,0.000143082,0.00468244,0.0292251,29.3362,-6.08768e-30
9,205,10386.4,4.97102e-8,5.4363e-5,2.92534e-5,0.0292719,1.162e-45,31110.8,4.28176e-7,1.4861e-5,9.42445e-5,0.0945777,6.45551e-47,10306,5.33314e-8,5.18536e-5,2.834e-5,0.0283628,4.5486e-46,31097.2,4.77294e-7,1.50148e-5,9.50522e-5,0.0954336,2.52698e-47,10317.6,5.67318e-8,5.75813e-5,3.1025e-5,0.0310486,3.54348e-45,31099.2,5.03355e-7,1.63781e-5,0.000102614,0.103014,1.96858e-46
14,205,10386.4,2.5107e-12,2.84e-9,1.52959e-9,1.53057e-6,-1.10757e-74,31110.8,3.40235e-11,1.18033e-9,7.48573e-9,7.51223e-6,-6.15309e-76,10306,2.4725e-12,2.48678e-9,1.36048e-9,1.36159e-6,-8.59931e-74,31097.2,3.63495e-11,1.14297e-9,7.23596e-9,7.26503e-6,-4.77734e-75,10317.6,2.8349e-12,2.96959e-9,1.60145e-9,1.60268e-6,-3.42207e-72,31099.2,4.06051e-11,1.32064e-9,8.27454e-9,8.30683e-6,-1.90112e-73
20,205,10386.4,3.55336e-17,4.02009e-14,2.16519e-14,2.16657e-11,-1.77886e-92,31110.8,8.06381e-16,2.79746e-14,1.77417e-13,1.78045e-10,-9.88286e-94,10306,3.04601e-17,3.06415e-14,1.67637e-14,1.67773e-11,-1.08004e-88,31097.2,8.02449e-16,2.52322e-14,1.5974e-13,1.60382e-10,-6.00011e-90,10317.6,2.29018e-17,2.39936e-14,1.29395e-14,1.29495e-11,-1.2404e-86,31099.2,6.74182e-16,2.19272e-14,1.37385e-13,1.37922e-10,-6.89103e-88
0,206,7500,0,0,0,0,6.555e+9,22727.3,0,0,0,0,3.97273e+8,7500,0,0,0,0,6.555e+9,22727.3,0,0,0,0,3.97273e+8,7500,0,0,0,0,6.555e+9,22727.3,0,0,0,0,3.97273e+8
1,206,7260.87,13.9906,60.5261,13.782,13771.1,13.5111,22682.6,2.63305,11.3093,32.8363,32825.1,0.818854,7223.63,16.1666,69.9289,15.9113,15899.3,13.5114,22675.6,3.0541,13.1016,37.6984,37689.5,0.818872,7248.33,14.7232,64.4374,14.6052,14593.8,13.5116,22680.3,2.77446,12.0508,34.5472,34536.6,0.818885
2,206,7260.87,0.698029,10.3032,4.09556,4093.09,2.74987e-8,22682.6,0.142117,1.9447,9.80573,9808.01,1.66658e-9,7223.62,0.806855,11.9001,4.7269,4724.33,2.7498e-8,22675.5,0.166719,2.25556,11.2624,11267.2,1.66654e-9,7248.33,0.734683,11.1341,4.38549,4382.92,2.74974e-8,22680.2,0.150429,2.10417,10.4264,10429.5,1.6665e-9
3,206,7260.86,0.035046,1.35877,0.689923,689.607,9.51523e-14,22682.6,0.00928256,0.262285,1.67248,1673.62,5.7668e-15,7223.62,0.0405609,1.56891,0.796064,795.765,9.51996e-14,22675.5,0.011239,0.305119,1.92392,1925.73,5.76966e-15,7248.33,0.0369102,1.49397,0.748302,747.976,9.90475e-14,22680.2,0.0099802,0.28893,1.80216,1803.52,6.00286e-15
4,206,7260.86,0.00178813,0.165818,0.095247,95.2136,-8.1422e-20,22682.6,0.000794031,0.0331294,0.236054,236.289,-4.93466e-21,7223.62,0.00207699,0.191412,0.109872,109.844,-5.09278e-20,22675.5,0.00100249,0.0387189,0.272343,272.699,-3.08652e-21,7248.33,0.00188746,0.185815,0.104881,104.847,-7.10626e-20,22680.2,0.000876966,0.0372212,0.258419,258.698,-4.30682e-21
6,206,7260.86,5.40789e-6,0.00230164,0.00145677,1.45645,2.02958e-31,22682.6,9.86149e-6,0.000504702,0.00387997,3.88514,1.23005e-32,7223.62,6.44519e-6,0.00265562,0.00167964,1.67946,9.8863e-32,22675.5,1.30963e-5,0.00059716,0.00451992,4.52756,5.99168e-33,7248.33,5.83389e-6,0.0026868,0.0016625,1.66217,2.0707e-31,22680.2,1.14938e-5,0.000591232,0.00440902,4.41526,1.25497e-32
9,206,7260.86,2.50116e-9,3.62466e-6,2.36254e-6,0.00236215,-6.15312e-49,22682.6,1.81278e-8,9.36021e-7,7.31339e-6,0.00732409,-3.72915e-50,7223.62,3.23166e-9,4.17948e-6,2.72221e-6,0.0027221,2.13828e-48,22675.5,2.47469e-8,1.13093e-6,8.68822e-6,0.00870414,1.29592e-49,7248.33,3.01518e-9,4.51027e-6,2.86615e-6,0.00286574,-2.22312e-47,22680.2,2.25599e-8,1.16886e-6,8.84416e-6,0.00885775,-1.34734e-48
14,206,7260.86,4.25259e-14,7.64348e-11,5.00055e-11,4.99978e-8,2.88946e-74,22682.6,5.08071e-13,2.61745e-11,2.04702e-10,2.05005e-7,1.75118e-75,7223.62,5.5885e-14,8.72282e-11,5.70253e-11,5.70239e-8,-8.00348e-73,22675.5,7.12735e-13,3.24986e-11,2.49856e-10,2.50318e-7,-4.85056e-74,7248.33,5.85839e-14,1.0547e-10,6.72344e-11,6.72255e-8,-7.85378e-72,22680.2,7.006e-13,3.62271e-11,2.74326e-10,2.74752e-7,-4.75986e-73
20,206,7260.86,2.18987e-18,3.94902e-15,2.58376e-15,2.58337e-12,2.50128e-83,22682.6,3.4618e-17,1.78336e-15,1.39471e-14,1.39677e-11,1.51592e-84,7223.62,1.92667e-18,3.01643e-15,1.97218e-15,1.97213e-12,-1.35559e-81,22675.5,3.7121e-17,1.69256e-15,1.30127e-14,1.30368e-11,-8.21565e-83,7248.33,2.35042e-18,4.24223e-15,2.70449e-15,2.70414e-12,-2.03745e-80,22680.2,3.88744e-17,2.01009e-15,1.52212e-14,1.52448e-11,-1.23481e-81
0,301,7500,0,0,0,0,6.555e+9,22727.3,0,0,0,0,3.97273e+8,7500,0,0,0,0,6.555e+9,22727.3,0,0,0,0,3.97273e+8,7500,0,0,0,0,6.555e+9,22727.3,0,0,0,0,3.97273e+8
1,301,6959.26,31.5816,21.3558,8.63139,8628.14,13.5119,22624.3,6.06474,4.08936,20.9947,21016.1,0.818902,6967.39,31.1083,21.6637,8.68647,8683.09,13.5119,22625.9,5.97009,4.14552,20.9475,20968.1,0.818902,6974.19,30.7124,21.0645,8.47739,8474.04,13.5111,22627.3,5.89032,4.02866,20.4336,20453.3,0.818854
2,301,6959.26,1.57351,1.08214,1.02629,1026.69,2.65598e-8,22624.3,0.311114,0.212234,2.5128,2521.56,1.60967e-9,6967.39,1.54994,1.10023,1.03817,1038.54,2.65417e-8,22625.9,0.30627,0.215603,2.51999,2528.56,1.60857e-9,6974.18,1.53019,1.0685,1.01049,1010.84,2.65389e-8,22627.2,0.301945,0.209162,2.45127,2459.49,1.6084e-9
3,301,6959.25,0.0784456,0.0539529,0.0808908,80.9855,-3.83624e-14,22624.3,0.0163298,0.0110857,0.200795,201.994,-2.32498e-15,6967.38,0.0772717,0.0548591,0.0819581,82.051,-3.83039e-14,22625.9,0.0160787,0.0112624,0.201692,202.872,-2.32143e-15,6974.18,0.0762841,0.0532736,0.0797071,79.7956,-3.82153e-14,22627.2,0.0158295,0.0109127,0.19596,197.091,-2.31606e-15
4,301,6959.25,0.00391316,0.00269101,0.00551066,5.52146,6.83183e-20,22624.3,0.000874813,0.00059125,0.0139756,14.0931,4.14047e-21,6967.38,0.00385471,0.00273627,0.00558759,5.59827,6.78159e-20,22625.9,0.000861655,0.000600768,0.0140493,14.1651,4.11003e-21,6974.18,0.00380524,0.00265706,0.00543201,5.44222,7.00973e-20,22627.2,0.000846698,0.000581122,0.0136369,13.7479,4.24829e-21
6,301,6959.25,9.75375e-6,6.70565e-6,2.10196e-5,0.0210941,2.4319e-35,22624.3,2.63758e-6,1.77055e-6,5.69086e-5,0.0576464,1.47386e-36,6967.38,9.60887e-6,6.81891e-6,2.13289e-5,0.0214029,2.3796e-35,22625.9,2.60038e-6,1.80029e-6,5.72649e-5,0.0579939,1.44217e-36,6974.18,9.48404e-6,6.62056e-6,2.07269e-5,0.0207977,2.55796e-35,22627.2,2.54322e-6,1.73362e-6,5.54645e-5,0.0561621,1.55027e-36
9,301,6959.25,1.21787e-9,8.36942e-10,3.95942e-9,3.98283e-6,-3.00256e-55,22624.3,4.73418e-10,3.15968e-10,1.24463e-8,1.26799e-5,-1.81971e-56,6967.38,1.2e-9,8.51219e-10,4.01982e-9,4.04316e-6,-2.5496e-55,22625.9,4.67537e-10,3.21758e-10,1.25393e-8,1.27706e-5,-1.5452e-56,6974.18,1.18399e-9,8.26177e-10,3.90511e-9,3.92747e-6,-3.0926e-56,22627.2,4.53681e-10,3.07456e-10,1.20938e-8,1.23146e-5,-1.8743e-57
14,301,6959.25,1.08214e-15,7.42661e-16,7.53366e-15,7.62496e-12,-1.64142e-70,22624.3,1.3344e-15,8.86688e-16,3.98649e-14,4.09707e-11,-9.94787e-72,6967.38,1.10406e-15,7.82086e-16,7.80581e-15,7.89817e-12,-1.36091e-70,22625.9,1.34182e-15,9.19296e-16,4.08175e-14,4.1926e-11,-8.24786e-72,6974.18,6.05339e-16,4.21303e-16,6.36291e-15,6.44978e-12,-4.88754e-70,22627.2,1.19591e-15,8.06166e-16,3.71173e-14,3.81775e-11,-2.96213e-71
20,301,6959.25,9.01749e-19,6.18772e-19,6.6313e-18,6.71969e-15,-1.02069e-77,22624.3,1.35567e-18,9.00892e-19,4.04139e-17,4.15742e-14,-6.18592e-79,6967.38,9.18516e-19,6.50551e-19,6.86716e-18,6.95655e-15,-8.44629e-78,22625.9,1.36175e-18,9.33009e-19,4.13479e-17,4.25104e-14,-5.11889e-79,6974.18,5.10489e-19,3.55255e-19,5.50074e-18,5.58347e-15,-3.05696e-77,22627.2,1.22233e-18,8.24258e-19,3.75908e-17,3.8694e-14,-1.85269e-78
0,302,11250,0,0,0,0,9.8325e+9,31250,0,0,0,0,5.4625e+8,11250,0,0,0,0,9.8325e+9,31250,0,0,0,0,5.4625e+8,11250,0,0,0,0,9.8325e+9,31250,0,0,0,0,5.4625e+8
1,302,10868.8,22.3012,14.5632,5.9325,5928.34,20.2679,31190.2,3.51242,2.29105,11.8925,11890.8,1.12599,10843.8,23.7602,16.0231,6.47241,6467.99,20.2669,31186.2,3.74742,2.52392,12.8853,12884.2,1.12594,10859.7,22.8314,15.3138,6.1938,6189.5,20.2674,31188.7,3.59779,2.41023,12.3218,12320.3,1.12597
2,302,10868.8,1.11069,0.735971,0.701813,701.579,4.23637e-8,31190.2,0.177061,0.116942,1.41081,1412.09,2.35353e-9,10843.8,1.18339,0.811558,0.76978,769.555,4.23473e-8,31186.2,0.189111,0.129217,1.5371,1538.69,2.35262e-9,10859.7,1.13712,0.775325,0.73599,735.755,4.23536e-8,31188.7,0.181452,0.123291,1.46839,1469.78,2.35297e-9
3,302,10868.8,0.0553324,0.0366682,0.0552349,55.2373,-5.82721e-14,31190.2,0.00901416,0.00594169,0.11167,111.891,-3.23733e-15,10843.8,0.0589578,0.0404384,0.0606833,60.6899,-5.85087e-14,31186.2,0.00964659,0.00657682,0.121926,122.19,-3.25048e-15,10859.7,0.0566506,0.0386316,0.0580038,58.0077,-5.83803e-14,31188.7,0.00924609,0.00626921,0.116412,116.65,-3.24334e-15
4,302,10868.8,0.00275735,0.00182715,0.00376033,3.76192,7.21175e-20,31190.2,0.000463251,0.000304733,0.0076704,7.69374,4.00652e-21,10843.8,0.00293826,0.00201518,0.00413441,4.13653,-3.74987e-19,31186.2,0.00049713,0.000338161,0.00838776,8.41545,-2.08326e-20,10859.7,0.00282315,0.00192506,0.00395136,3.95315,3.7129e-20,31188.7,0.000475783,0.0003219,0.008004,8.02907,2.06272e-21
6,302,10868.8,6.8527e-6,4.54038e-6,1.43319e-5,0.0143489,-3.95673e-35,31190.2,1.25524e-6,8.22744e-7,3.00463e-5,0.0302,-2.19818e-36,10843.8,7.30417e-6,5.00879e-6,1.57695e-5,0.0157903,4.05774e-34,31186.2,1.35721e-6,9.19525e-7,3.2961e-5,0.0331423,2.25429e-35,10859.7,7.01715e-6,4.78424e-6,1.50693e-5,0.0150879,-3.61255e-35,31188.7,1.29376e-6,8.71961e-7,3.14075e-5,0.0315724,-2.00696e-36
9,302,10868.8,8.50994e-10,5.63739e-10,2.69891e-9,2.70518e-6,6.05224e-54,31190.2,1.86678e-10,1.21856e-10,6.03307e-9,6.08142e-6,3.36235e-55,10843.8,9.07746e-10,6.22353e-10,2.97175e-9,2.97927e-6,-3.10942e-54,31186.2,2.04811e-10,1.38143e-10,6.66045e-9,6.71746e-6,-1.72744e-55,10859.7,8.71674e-10,5.94184e-10,2.83904e-9,2.84584e-6,5.57131e-54,31188.7,1.93725e-10,1.30001e-10,6.32575e-9,6.37765e-6,3.09516e-55
14,302,10868.8,-3.34751e-15,-2.21773e-15,-8.93492e-15,-8.94278e-12,-1.03638e-66,31190.2,-6.00675e-16,-3.92902e-16,-1.68981e-14,-1.69587e-11,-5.75761e-68,10843.8,-1.79448e-15,-1.23083e-15,-1.71477e-15,-1.69228e-12,9.23635e-66,31186.2,-1.12154e-16,-7.77849e-17,2.1852e-15,2.35612e-12,5.13129e-67,10859.7,-2.48421e-15,-1.69376e-15,-5.00015e-15,-4.99177e-12,-3.91282e-67,31188.7,-3.34762e-16,-2.26185e-16,-6.50599e-15,-6.44345e-12,-2.17377e-68
20,302,10868.8,-2.86498e-18,-1.89791e-18,-9.04505e-18,-9.05909e-15,-6.74102e-74,31190.2,-5.61176e-19,-3.6643e-19,-1.77705e-17,-1.78675e-14,-3.74498e-75,10843.8,-1.56458e-18,-1.07304e-18,-2.29887e-18,-2.28064e-15,6.14384e-73,31186.2,-9.279e-20,-6.41585e-20,1.27214e-18,1.42644e-15,3.41323e-74,10859.7,-2.16825e-18,-1.4782e-18,-5.46084e-18,-5.45773e-15,-2.60273e-74,31188.7,-3.12126e-19,-2.10359e-19,-7.59567e-18,-7.55992e-15,-1.44595e-75
0,303,11250,0,0,0,0,9.8325e+9,31250,0,0,0,0,5.4625e+8,11250,0,0,0,0,9.8325e+9,31250,0,0,0,0,5.4625e+8,11250,0,0,0,0,9.8325e+9,31250,0,0,0,0,5.4625e+8
1,303,10195.5,61.5318,42.0234,16.9484,16945,20.2684,31079.4,10.0639,6.84925,35.0461,35096.3,1.12602,10127.8,65.4651,45.0103,18.1097,18107,20.269,31067.8,10.7485,7.36269,37.2665,37325.9,1.12605,10154.3,63.9241,43.8938,17.6656,17662.5,20.269,31072.4,10.4794,7.16974,36.3067,36362.3,1.12605
2,303,10195.5,3.06641,2.13128,2.01777,2019.34,4.23544e-8,31079.3,0.519516,0.357544,4.20637,4224.86,2.353e-9,10127.8,3.26262,2.28403,2.15828,2160.19,4.23579e-8,31067.7,0.556114,0.385236,4.47974,4501.03,2.3532e-9,10154.3,3.18575,2.22712,2.10497,2106.75,4.23589e-8,31072.3,0.541665,0.374809,4.36264,4382.76,2.35325e-9
3,303,10195.5,0.152933,0.1063,0.159092,159.376,-6.38081e-14,31079.3,0.0275624,0.0188586,0.337244,339.732,-3.54487e-15,10127.8,0.162737,0.113932,0.170223,170.556,-6.4229e-14,31067.7,0.0296177,0.02039,0.359644,362.496,-3.56825e-15,10154.3,0.158896,0.111089,0.166011,166.324,-6.40501e-14,31072.2,0.0288009,0.0198085,0.350067,352.767,-3.55831e-15
4,303,10195.5,0.00763324,0.00530477,0.0108398,10.8701,2.07114e-21,31079.3,0.00149758,0.00101937,0.0235834,23.8257,1.15064e-22,10127.8,0.00812397,0.0056865,0.0116,11.6351,-1.32658e-20,31067.7,0.00161735,0.00110739,0.0251941,25.4714,-7.36982e-22,10154.3,0.00793171,0.00554425,0.0113126,11.3459,-7.22864e-21,31072.2,0.0015694,0.00107363,0.0245055,24.7682,-4.01587e-22
6,303,10195.5,1.90605e-5,1.32415e-5,4.13617e-5,0.0415616,-1.592e-32,31079.3,4.67294e-6,3.15681e-6,9.73674e-5,0.0988889,-8.84448e-34,10127.8,2.02957e-5,1.42009e-5,4.42702e-5,0.0444997,1.50413e-31,31067.7,5.1073e-6,3.46966e-6,0.000104536,0.106278,8.35622e-33,10154.3,1.98118e-5,1.38433e-5,4.3172e-5,0.0433898,7.03645e-32,31072.2,4.93086e-6,3.34724e-6,0.000101465,0.103115,3.9091e-33
9,303,10195.5,2.39059e-9,1.65991e-9,7.80116e-9,7.86258e-6,-6.17648e-53,31079.3,8.86901e-10,5.95651e-10,2.1948e-8,2.24359e-5,-3.43138e-54,10127.8,2.55154e-9,1.78432e-9,8.36078e-9,8.43105e-6,5.92271e-55,31067.7,9.88736e-10,6.67772e-10,2.38366e-8,2.43985e-5,3.29024e-56,10154.3,2.4872e-9,1.73696e-9,8.14587e-9,8.21265e-6,-8.64588e-53,31072.2,9.46275e-10,6.38604e-10,2.30154e-8,2.3546e-5,-4.80315e-54
14,303,10195.5,1.17868e-16,8.12902e-17,2.05998e-15,2.10634e-12,3.31784e-67,31079.3,5.78921e-16,3.87139e-16,1.59839e-14,1.6535e-11,1.84324e-68,10127.8,-1.2224e-15,-8.54968e-16,-3.63892e-15,-3.65369e-12,5.23098e-72,31067.7,-1.50425e-16,-1.02211e-16,-3.06072e-15,-3.01219e-12,2.90596e-73,10154.3,-5.90721e-16,-4.1288e-16,-9.38322e-16,-9.22755e-13,-8.55262e-68,31072.2,2.11627e-16,1.41677e-16,6.22369e-15,6.52718e-12,-4.75134e-69
20,303,10195.5,1.05999e-19,7.31172e-20,1.81459e-18,1.85925e-15,2.16888e-74,31079.3,6.29058e-19,4.20788e-19,1.72476e-17,1.78491e-14,1.20493e-75,10127.8,-1.07459e-18,-7.51402e-19,-3.72193e-18,-3.7445e-15,3.47954e-79,31067.7,-1.59767e-19,-1.08191e-19,-3.58817e-18,-3.57375e-15,1.93298e-80,10154.3,-5.17129e-19,-3.61352e-19,-1.08582e-18,-1.0748e-15,-5.68903e-75,31072.2,2.38521e-19,1.59972e-19,6.73997e-18,7.0571e-15,-3.16049e-76
0,304,11250,0,0,0,0,9.8325e+9,31250,0,0,0,0,5.4625e+8,11250,0,0,0,0,9.8325e+9,31250,0,0,0,0,5.4625e+8,11250,0,0,0,0,9.8325e+9,31250,0,0,0,0,5.4625e+8
1,304,8492.83,159.763,111.05,44.6935,44733.9,20.2669,30763.8,29.0387,19.984,100.764,101355,1.12592,8933.23,134.504,93.4326,37.5532,37577.3,20.2683,30851,23.7484,16.3627,82.0262,82407.1,1.126,8556.15,156.139,110.1,44.1148,44152.9,20.2669,30776.6,28.2604,19.7324,98.3194,98876.8,1.12593
2,304,8492.73,7.97246,5.64455,5.32081,5338.02,4.60329e-8,30763,1.59695,1.10045,12.2723,12445.5,2.55732e-9,8933.16,6.70984,4.74792,4.47388,4485.74,4.23404e-8,30850.5,1.28344,0.888039,9.95585,10069.9,2.3522e-9,8556.06,7.79147,5.60271,5.26594,5282.51,4.59698e-8,30775.9,1.55091,1.08565,11.9995,12164,2.55382e-9
3,304,8492.72,0.398588,0.282154,0.419393,421.755,-8.04359e-14,30763,0.093715,0.0637185,1.01365,1036.06,-4.46855e-15,8933.15,0.335269,0.237212,0.352738,354.403,-7.21241e-14,30850.4,0.0733408,0.0501556,0.815639,830.431,-4.00682e-15,8556.05,0.389529,0.280064,0.415423,417.707,-8.01241e-14,30775.8,0.0907454,0.0626748,0.990906,1012.21,-4.45124e-15
4,304,8492.72,0.0199647,0.0141266,0.0285713,28.8012,-2.11488e-19,30763,0.00575539,0.00387759,0.0741778,76.3584,-1.17491e-20,8933.15,0.0167793,0.0118674,0.0240336,24.1971,-1.70397e-19,30850.4,0.00436805,0.00296181,0.0589479,60.3819,-9.4663e-21,8556.05,0.0195103,0.0140214,0.0283125,28.5352,-2.06295e-19,30775.8,0.00555485,0.00380121,0.0724344,74.508,-1.14605e-20
6,304,8492.72,5.03617e-5,3.56047e-5,0.000109088,0.110492,-2.38629e-29,30763,2.3407e-5,1.56289e-5,0.000348932,0.363304,-1.32568e-30,8933.15,4.22261e-5,2.98431e-5,9.17578e-5,0.092764,3.16963e-30,30850.4,1.66935e-5,1.12153e-5,0.00026776,0.277053,1.76087e-31,8556.05,4.92115e-5,3.53365e-5,0.000108146,0.109508,-7.70627e-29,30775.8,2.24469e-5,1.522e-5,0.000339521,0.35317,-4.28116e-30
9,304,8492.72,6.46332e-9,4.56403e-9,2.06554e-8,2.10696e-5,-1.44687e-45,30763,6.51647e-9,4.33553e-9,1.02341e-7,0.000107679,-8.03793e-47,8933.15,5.39266e-9,3.80727e-9,1.73644e-8,1.76626e-5,-2.76591e-45,30850.4,4.26692e-9,2.85444e-9,7.34371e-8,7.67479e-5,-1.53658e-46,8556.05,6.31345e-9,4.52796e-9,2.04801e-8,2.08823e-5,1.27639e-44,30775.8,6.19428e-9,4.18444e-9,9.88754e-8,0.000103924,7.09085e-46
14,304,8492.72,-6.77966e-15,-4.7864e-15,-2.28927e-14,-2.33293e-11,1.77128e-62,30763,-3.01786e-15,-2.0085e-15,-4.71749e-14,-4.90218e-11,9.84008e-64,8933.15,-2.50188e-15,-1.76745e-15,-6.49383e-15,-6.52111e-12,-2.36109e-60,30850.4,1.98609e-15,1.32577e-15,3.53518e-14,3.77276e-11,-1.31167e-61,8556.05,-7.12236e-15,-5.10656e-15,-2.4971e-14,-2.54615e-11,-7.22408e-62,30775.8,-4.41374e-15,-2.98156e-15,-7.04769e-14,-7.36484e-11,-4.01332e-63
20,304,8492.72,-5.60373e-18,-3.95427e-18,-2.12993e-17,-2.17819e-14,1.08023e-69,30763,-3.5945e-18,-2.39086e-18,-5.66618e-17,-5.92917e-14,6.00106e-71,8933.15,-2.10416e-18,-1.48578e-18,-6.45212e-18,-6.50783e-15,-1.48262e-67,30850.4,2.35405e-18,1.57225e-18,4.15504e-17,4.42139e-14,-8.23649e-69,8556.05,-5.71354e-18,-4.09446e-18,-2.24757e-17,-2.29948e-14,-4.24777e-69,30775.8,-5.08941e-18,-3.43655e-18,-8.17457e-17,-8.58345e-14,-2.35983e-70
0,305,11250,0,0,0,0,9.8325e+9,31250,0,0,0,0,5.4625e+8,11250,0,0,0,0,9.8325e+9,31250,0,0,0,0,5.4625e+8,11250,0,0,0,0,9.8325e+9,31250,0,0,0,0,5.4625e+8
1,305,10465.6,45.8175,31.3138,12.6235,12618.5,20.2675,31124.7,7.37961,5.03065,25.7753,25795.6,1.12597,10412.3,48.9195,32.713,13.246,13241.3,20.269,31115.8,7.90176,5.27005,26.8958,26920.5,1.12605,10430.7,47.8475,32.709,13.1745,13169.6,20.2674,31118.9,7.72128,5.2643,26.7278,26751.1,1.12596
2,305,10465.6,2.28276,1.58797,1.50379,1504.3,4.23471e-8,31124.6,0.377391,0.260612,3.08896,3098.14,2.3526e-9,10412.3,2.43739,1.65632,1.57193,1572.61,4.23665e-8,31115.8,0.404525,0.272852,3.21177,3222.24,2.35368e-9,10430.7,2.38397,1.65878,1.5694,1570.02,4.23462e-8,31118.8,0.395247,0.272937,3.20372,3213.82,2.35255e-9
3,305,10465.6,0.113801,0.079172,0.118596,118.727,-6.17381e-14,31124.6,0.0197039,0.0135467,0.246637,247.915,-3.42987e-15,10412.3,0.121516,0.0825807,0.123822,123.975,-6.20979e-14,31115.7,0.0211576,0.0142067,0.256261,257.702,-3.44986e-15,10430.7,0.118853,0.0827066,0.123769,123.916,-6.19667e-14,31118.8,0.0206707,0.014209,0.255908,257.306,-3.44258e-15
4,305,10465.6,0.00567661,0.00394873,0.00808161,8.09667,-1.27111e-19,31124.6,0.00104819,0.000717672,0.0171335,17.2594,-7.06168e-21,10412.3,0.00606194,0.00411905,0.00843292,8.45025,-9.85967e-20,31115.7,0.0011281,0.000754351,0.0178049,17.9462,-5.47756e-21,10430.7,0.0059291,0.00412533,0.008434,8.45076,-1.03005e-19,31118.8,0.00110208,0.000754349,0.0177895,17.9269,-5.72247e-21
6,305,10465.6,1.41488e-5,9.83945e-6,3.08361e-5,0.0309408,1.19484e-33,31124.6,3.10627e-6,2.11304e-6,6.933e-5,0.0701228,6.63793e-35,10412.3,1.51126e-5,1.02661e-5,3.21592e-5,0.0322778,9.82738e-34,31115.7,3.36179e-6,2.23355e-6,7.21612e-5,0.0730485,5.45961e-35,10430.7,1.47815e-5,1.02818e-5,3.2181e-5,0.0322963,1.02116e-33,31118.8,3.28412e-6,2.23307e-6,7.21326e-5,0.0729971,5.67307e-35
9,305,10465.6,1.76679e-9,1.22819e-9,5.81105e-9,5.84412e-6,2.29534e-54,31124.6,5.41895e-10,3.66507e-10,1.49498e-8,1.51999e-5,1.27518e-55,10412.3,1.88897e-9,1.28267e-9,6.06079e-9,6.09795e-6,-2.04409e-55,31115.7,5.92127e-10,3.91192e-10,1.56325e-8,1.59124e-5,-1.1356e-56,10430.7,1.84763e-9,1.28464e-9,6.06722e-9,6.10347e-6,-2.46206e-55,31118.8,5.78475e-10,3.91071e-10,1.56311e-8,1.59042e-5,-1.3678e-56
14,305,10465.6,7.06763e-16,4.90782e-16,4.4373e-15,4.48835e-12,-2.74416e-67,31124.6,5.92421e-16,3.98949e-16,1.8679e-14,1.9148e-11,-1.52452e-68,10412.3,6.19998e-16,4.20533e-16,3.83991e-15,3.88824e-12,1.63656e-68,31115.7,5.6208e-16,3.69811e-16,1.68613e-14,1.7315e-11,9.09193e-70,10430.7,6.07289e-16,4.21763e-16,3.85019e-15,3.89751e-12,1.97957e-68,31118.8,5.49814e-16,3.70123e-16,1.68825e-14,1.73258e-11,1.09975e-69
20,305,10465.6,6.10684e-19,4.24e-19,4.09183e-18,4.14332e-15,-1.78275e-74,31124.6,6.16682e-19,4.15248e-19,1.9497e-17,2.00048e-14,-9.90405e-76,10412.3,5.37871e-19,3.64772e-19,3.54946e-18,3.59818e-15,1.0672e-75,31115.7,5.89208e-19,3.87626e-19,1.77178e-17,1.82109e-14,5.92884e-77,10430.7,5.26849e-19,3.65841e-19,3.55911e-18,3.60683e-15,1.29084e-75,31118.8,5.76375e-19,3.8797e-19,1.77409e-17,1.82228e-14,7.17127e-77
0,306,7500,0,0,0,0,6.555e+9,22727.3,0,0,0,0,3.97273e+8,7500,0,0,0,0,6.555e+9,22727.3,0,0,0,0,3.97273e+8,7500,0,0,0,0,6.555e+9,22727.3,0,0,0,0,3.97273e+8
1,306,7186.03,18.3599,12.3194,4.98676,4983.61,13.5113,22668.4,3.45915,2.31731,11.9433,11945.2,0.818862,7132.06,21.5099,14.1796,5.75947,5756.19,13.5113,22658,4.07046,2.67837,13.7334,13738.4,0.818863,7174.42,19.0379,13.0392,5.24791,5244.66,13.5114,22666.2,3.59038,2.45488,12.4778,12480.3,0.818869
2,306,7186.03,0.914482,0.623767,0.592515,592.407,2.65615e-8,22668.4,0.175202,0.118953,1.42443,1426.67,1.60978e-9,7132.05,1.07145,0.717109,0.682199,682.17,2.65705e-8,22658,0.206679,0.13761,1.63373,1637.05,1.61033e-9,7174.41,0.94827,0.661229,0.625725,625.629,2.65505e-8,22666.2,0.181994,0.12628,1.49361,1496.1,1.60911e-9
3,306,7186.03,0.0455651,0.0310837,0.0466945,46.7076,-3.65697e-14,22668.4,0.00899473,0.00608977,0.11314,113.481,-2.21633e-15,7132.05,0.0533922,0.0357378,0.0537096,53.7363,-3.69164e-14,22658,0.0106567,0.00707282,0.129785,130.268,-2.23735e-15,7174.41,0.0472507,0.0329531,0.0493648,49.3809,-3.66722e-14,22666.2,0.00935712,0.00647318,0.118806,119.181,-2.22255e-15
4,306,7186.03,0.00227115,0.00154922,0.00318087,3.18324,4.19162e-20,22668.4,0.000467673,0.00031575,0.00780255,7.83719,2.54037e-21,7132.05,0.00266173,0.00178146,0.00365706,3.66086,-1.00715e-19,22658,0.000557355,0.000368785,0.0089621,9.01042,-6.10394e-21,7174.41,0.00235533,0.00164249,0.00336447,3.36719,-7.07689e-20,22666.2,0.000487509,0.000336252,0.00820215,8.24016,-4.28902e-21
6,306,7186.03,5.64827e-6,3.85223e-6,1.21311e-5,0.0121515,-2.60002e-35,22668.4,1.30719e-6,8.7837e-7,3.09033e-5,0.0311254,-1.57576e-36,7132.05,6.6228e-6,4.43176e-6,1.39414e-5,0.0139711,9.37798e-35,22658,1.58183e-6,1.04132e-6,3.56701e-5,0.0359765,5.6836e-36,7174.41,5.85875e-6,4.0849e-6,1.28378e-5,0.0128606,3.12985e-35,22666.2,1.37e-6,9.40194e-7,3.25609e-5,0.0328043,1.89687e-36
9,306,7186.03,7.02503e-10,4.79007e-10,2.28582e-9,2.29287e-6,-4.24042e-56,22668.4,2.06039e-10,1.37764e-10,6.35859e-9,6.42811e-6,-2.56994e-57,7132.05,8.22773e-10,5.50427e-10,2.62183e-9,2.63171e-6,3.02229e-52,22658,2.55777e-10,1.67521e-10,7.414e-9,7.50962e-6,1.83168e-53,7174.41,7.29047e-10,5.08184e-10,2.42007e-9,2.42787e-6,8.37046e-55,22666.2,2.18092e-10,1.48898e-10,6.73045e-9,6.80672e-6,5.07298e-56
14,306,7186.03,-2.08849e-15,-1.42441e-15,-4.31457e-15,-4.30805e-12,4.602e-69,22668.4,-3.11468e-16,-2.10047e-16,-5.7211e-15,-5.63456e-12,2.78905e-70,7132.05,-2.26193e-15,-1.51306e-15,-8.13677e-15,-8.17028e-12,1.02277e-62,22658,-7.5359e-16,-4.9295e-16,-2.30199e-14,-2.33319e-11,6.1986e-64,7174.41,-1.3655e-15,-9.5234e-16,-1.2803e-15,-1.25922e-12,-1.12162e-67,22666.2,-1.97529e-17,-1.59391e-17,4.30658e-15,4.54248e-12,-6.79842e-69
20,306,7186.03,-1.82388e-18,-1.24381e-18,-4.68788e-18,-4.68675e-15,3.06116e-76,22668.4,-2.95448e-19,-1.9861e-19,-6.80294e-18,-6.75001e-15,1.85522e-77,7132.05,-1.92376e-18,-1.28669e-18,-7.83733e-18,-7.87578e-15,6.58475e-70,22658,-7.4084e-19,-4.84047e-19,-2.37093e-17,-2.40723e-14,3.99073e-71,7174.41,-1.19086e-18,-8.30444e-19,-1.73805e-18,-1.72103e-15,-7.46079e-75,22666.2,-1.79714e-21,-3.08199e-21,3.6621e-18,3.88297e-15,-4.52217e-76
